-,-,-
-231.75,-380.95,1095.24
253.97,-639.68,1177.78
536.51,-753.97,938.10
561.90,-198.41,868.25
504.76,326.98,760.32
233.33,814.29,563.49
-46.03,1215.87,887.30
-458.73,1352.38,1112.70
-577.78,1100.00,1144.44
-680.95,790.48,1101.59
-587.30,412.70,1047.62
-396.83,-26.98,1066.67
-353.97,-300.00,915.87
-282.54,-498.41,887.30
-171.43,-653.97,869.84
-71.43,-650.79,863.49
-155.56,-426.98,868.25
201.59,-436.51,993.65
-101.59,131.75,995.24
-49.21,255.56,1073.02
-,-,-
274.60,-585.71,1174.60
717.46,-833.33,1192.06
839.68,-500.00,868.25
617.46,334.92,736.51
336.51,842.86,411.11
-196.83,1446.03,811.11
-584.13,1473.02,919.05
-585.71,1117.46,1020.64
-509.52,707.94,947.62
-357.14,198.41,1174.60
-298.41,-180.95,966.67
-300.00,-428.57,1076.19
85.71,-893.65,871.43
-130.16,-709.52,1047.62
77.78,-682.54,709.52
71.43,-485.71,944.44
258.73,-350.79,1066.67
77.78,28.57,692.06
158.73,234.92,1142.86
130.16,311.11,961.90
-,-,-
309.52,-460.32,1246.03
739.68,-611.11,1222.22
790.48,-334.92,868.25
631.75,409.52,682.54
225.40,896.83,507.94
-44.44,1225.40,885.71
-603.17,1323.81,1038.10
-712.70,1046.03,1017.46
-587.30,566.67,1074.60
-703.17,285.71,1247.62
-276.19,-174.60,1023.81
-349.21,-455.56,911.11
-333.33,-426.98,1090.48
-96.83,-690.48,690.48
-252.38,-400.00,1092.06
204.76,-687.30,734.92
46.03,-228.57,1066.67
409.52,-252.38,871.43
-106.35,361.90,938.10
252.38,349.21,1063.49
-,-,-
909.52,-582.54,996.83
1220.63,-534.92,1171.43
1115.87,-52.38,742.86
1023.81,492.06,633.33
636.51,1039.68,739.68
153.97,1266.67,1012.70
-422.22,1020.64,1123.81
-307.94,784.13,1225.40
-49.21,452.38,1203.17
250.79,-128.57,1117.46
226.98,-298.41,1123.81
433.33,-638.10,834.92
303.17,-565.08,961.90
590.48,-807.94,326.98
707.94,-680.95,919.05
585.71,-387.30,868.25
668.25,-52.38,890.48
634.92,158.73,1038.10
541.27,325.40,917.46
-,-,-
657.14,-557.14,996.83
739.68,-307.94,795.24
603.17,284.13,744.44
261.90,860.32,815.87
-352.38,1271.43,814.29
-688.89,1198.41,1123.81
-614.29,871.43,1073.02
-584.13,328.57,1292.06
-511.11,46.03,1146.03
-474.60,-352.38,911.11
-226.98,-609.52,790.48
-30.16,-682.54,934.92
201.59,-657.14,839.68
149.21,-434.92,1046.03
304.76,-361.90,911.11
206.35,58.73,1046.03
330.16,3.17,963.49
230.16,228.57,965.08
-,-,-
484.13,-479.36,1015.87
809.52,-455.56,914.29
641.27,155.56,868.25
352.38,682.54,563.49
133.33,914.29,844.44
-536.51,1317.46,785.71
-930.16,1146.03,1036.51
-704.76,842.86,1266.67
-406.35,352.38,1150.79
-220.64,0.00,1219.05
-269.84,-228.57,1088.89
-144.44,-422.22,987.30
76.19,-753.97,763.49
22.22,-430.16,863.49
485.71,-779.36,838.10
71.43,-223.81,792.06
514.29,-226.98,1087.30
279.36,206.35,961.90
-53.97,515.87,1069.84
-,-,-
539.68,-449.21,1068.25
533.33,-146.03,947.62
433.33,228.57,709.52
155.56,665.08,607.94
-96.83,939.68,657.14
-280.95,1088.89,1042.86
-587.30,966.67,1071.43
-557.14,680.95,1353.97
-255.56,250.79,1190.48
-334.92,-69.84,1295.24
155.56,-353.97,1046.03
-379.36,-457.14,744.44
-479.36,-604.76,920.64
312.70,-830.16,630.16
260.32,-479.36,1047.62
488.89,-425.40,990.48
25.40,185.71,1060.32
209.52,103.17,860.32
25.40,357.14,998.41
-,-,-
715.87,-525.40,561.90
1092.06,-231.75,1092.06
833.33,565.08,1074.60
331.75,961.90,734.92
180.95,944.44,888.89
-130.16,973.02,888.89
-504.76,969.84,884.13
-504.76,817.46,944.44
-453.97,415.87,987.30
-230.16,84.13,1123.81
-22.22,-347.62,966.67
49.21,-553.97,746.03
182.54,-601.59,834.92
458.73,-688.89,887.30
436.51,-423.81,1042.86
617.46,-301.59,915.87
306.35,101.59,987.30
307.94,174.60,1041.27
182.54,280.95,966.67
-,-,-
992.06,-582.54,992.06
1038.10,-355.56,960.32
868.25,330.16,839.68
511.11,746.03,641.27
123.81,1065.08,865.08
-196.83,992.06,836.51
-728.57,1069.84,988.89
-604.76,717.46,1193.65
-306.35,436.51,1290.48
-117.46,22.22,996.83
6.35,-373.02,941.27
101.59,-538.10,836.51
249.21,-682.54,611.11
257.14,-498.41,858.73
584.13,-606.35,769.84
209.52,-3.17,988.89
717.46,-119.05,1093.65
485.71,284.13,1038.10
-,-,-
758.73,-739.68,1066.67
692.06,-301.59,965.08
687.30,284.13,914.29
149.21,915.87,836.51
-123.81,1120.63,987.30
-553.97,1112.70,836.51
-430.16,639.68,1011.11
-946.03,615.87,841.27
-807.94,414.29,1120.63
-401.59,-4.76,1136.51
-373.02,-409.52,1020.64
-380.95,-447.62,861.90
-100.00,-660.32,739.68
-198.41,-526.98,847.62
128.57,-663.49,712.70
-30.16,-206.35,1012.70
460.32,-352.38,938.10
-26.98,287.30,1141.27
71.43,225.40,1149.21
123.81,228.57,990.48
-,-,-
965.08,-679.36,1368.25
760.32,-196.83,639.68
288.89,631.75,757.14
-146.03,1071.43,658.73
-401.59,1293.65,1049.21
-563.49,1174.60,1100.00
-607.94,834.92,941.27
-706.35,490.48,1061.90
-533.33,-126.98,834.92
-604.76,-400.00,1222.22
-311.11,-606.35,819.05
-431.75,-477.78,817.46
-244.44,-536.51,734.92
-122.22,-377.78,896.83
52.38,-379.36,960.32
-3.17,30.16,1041.27
531.75,-153.97,1120.63
73.02,358.73,1017.46
-,-,-
863.49,-407.94,1022.22
1149.21,-422.22,973.02
911.11,122.22,857.14
812.70,484.13,812.70
333.33,1066.67,888.89
-128.57,1249.21,963.49
-298.41,1093.65,1038.10
-279.36,715.87,1069.84
-307.94,257.14,996.83
-3.17,-228.57,998.41
-180.95,-200.00,1114.29
149.21,-500.00,796.83
280.95,-604.76,938.10
314.29,-531.75,884.13
631.75,-579.36,946.03
633.33,-353.97,1000.00
561.90,-55.56,858.73
512.70,285.71,936.51
-,-,-
31.75,-449.21,869.84
333.33,-453.97,1117.46
382.54,-196.83,1087.30
707.94,-17.46,819.05
639.68,514.29,819.05
133.33,971.43,558.73
-204.76,1201.59,966.67
-655.56,1252.38,969.84
-652.38,1041.27,1068.25
-477.78,641.27,1088.89
-485.71,176.19,947.62
-479.36,7.94,1096.83
-528.57,-358.73,844.44
-457.14,-349.21,1225.40
-100.00,-784.13,761.90
-360.32,-400.00,1125.40
207.94,-739.68,865.08
-123.81,-168.25,998.41
477.78,-257.14,1038.10
-149.21,403.17,765.08
125.40,504.76,1168.25
-,-,-
630.16,-579.36,1047.62
869.84,-333.33,1171.43
833.33,128.57,885.71
482.54,934.92,687.30
53.97,1122.22,560.32
-201.59,1196.83,636.51
-376.19,995.24,911.11
-428.57,685.71,934.92
-561.90,719.05,1066.67
-306.35,300.00,1042.86
-279.36,49.21,1166.67
-403.17,-173.02,739.68
73.02,-503.17,1093.65
-71.43,-536.51,734.92
539.68,-807.94,1295.24
123.81,-347.62,844.44
123.81,-201.59,1241.27
453.97,-103.17,760.32
130.16,441.27,1036.51
-,-,-
1025.40,-511.11,1042.86
1271.43,-196.83,917.46
1168.25,587.30,895.24
763.49,946.03,507.94
415.87,1266.67,911.11
-26.98,1163.49,842.86
-255.56,971.43,969.84
-331.75,661.90,1074.60
-96.83,222.22,896.83
-328.57,82.54,1266.67
-55.56,-246.03,888.89
-19.05,-422.22,1019.05
384.13,-880.95,631.75
390.48,-630.16,1246.03
990.48,-839.68,960.32
150.79,304.76,809.52
839.68,149.21,1244.44
455.56,530.16,909.52
-,-,-
993.65,-653.97,1190.48
1220.63,-533.33,1019.05
1296.83,3.17,941.27
888.89,863.49,517.46
511.11,1273.02,809.52
84.13,1474.60,844.44
28.57,1049.21,711.11
-400.00,766.67,833.33
22.22,357.14,960.32
-346.03,249.21,1346.03
57.14,-144.44,1173.02
226.98,-252.38,1173.02
173.02,-453.97,885.71
385.71,-460.32,887.30
611.11,-606.35,892.06
407.94,-250.79,1065.08
911.11,-323.81,917.46
582.54,98.41,653.97
690.48,365.08,1200.00
-,-,-
504.76,-553.97,1065.08
668.25,-249.21,1161.90
688.89,198.41,934.92
539.68,533.33,487.30
149.21,990.48,555.56
-149.21,1146.03,765.08
-296.83,1049.21,1066.67
-652.38,1096.83,973.02
-658.73,888.89,1092.06
-422.22,309.52,1044.44
-584.13,-76.19,1193.65
-333.33,-376.19,1012.70
176.19,-893.65,987.30
-153.97,-790.48,938.10
98.41,-788.89,915.87
261.90,-576.19,909.52
-125.40,226.98,938.10
282.54,82.54,1071.43
-42.86,506.35,1039.68
-146.03,531.75,938.10
-,-,-
488.89,-422.22,1165.08
688.89,-246.03,1096.83
946.03,-100.00,666.67
541.27,939.68,587.30
-28.57,1576.19,614.29
-460.32,1685.71,888.89
-560.32,1292.06,795.24
-530.16,784.13,960.32
-433.33,311.11,1065.08
-457.14,31.75,1049.21
-641.27,-144.44,988.89
-284.13,-536.51,869.84
-258.73,-658.73,833.33
-126.98,-552.38,942.86
231.75,-628.57,985.71
-130.16,49.21,993.65
530.16,-176.19,1146.03
252.38,155.56,847.62
-79.36,401.59,911.11
98.41,331.75,936.51
-,-,-
507.94,-455.56,1087.30
793.65,-384.13,1069.84
555.56,385.71,738.10
184.13,860.32,487.30
-3.17,1265.08,834.92
-577.78,1403.17,715.87
-509.52,1000.00,790.48
-461.90,641.27,822.22
-501.59,414.29,993.65
-684.13,198.41,1203.17
-452.38,-100.00,1147.62
-122.22,-507.94,1173.02
-69.84,-712.70,892.06
179.36,-715.87,1119.05
100.00,-452.38,912.70
-41.27,-68.25,1139.68
225.40,-153.97,892.06
-103.17,280.95,941.27
22.22,203.17,941.27
-68.25,436.51,1068.25
-41.27,309.52,942.86
-,-,-
863.49,-574.60,1141.27
660.32,-4.76,1115.87
714.29,249.21,787.30
234.92,885.71,746.03
-146.03,1063.49,769.84
-485.71,1122.22,919.05
-660.32,946.03,833.33
-503.17,719.05,1022.22
-588.89,560.32,1073.02
-104.76,-23.81,946.03
-252.38,-301.59,915.87
-73.02,-576.19,887.30
503.17,-1044.44,936.51
-69.84,-552.38,820.64
484.13,-706.35,1015.87
-26.98,46.03,846.03
388.89,104.76,1139.68
661.90,182.54,1047.62
85.71,582.54,939.68
-,-,-
893.65,-580.95,1203.17
860.32,-331.75,1042.86
969.84,-17.46,738.10
719.05,833.33,641.27
503.17,995.24,709.52
31.75,1319.05,993.65
-171.43,1142.86,1020.64
-303.17,1019.05,1019.05
-352.38,657.14,1038.10
-201.59,207.94,863.49
-69.84,-149.21,1201.59
-53.97,-384.13,915.87
330.16,-736.51,990.48
-46.03,-434.92,757.14
687.30,-836.51,863.49
106.35,-280.95,712.70
809.52,-406.35,1088.89
580.95,23.81,984.13
234.92,531.75,1036.51
-,-,-
631.75,-604.76,1012.70
553.97,-95.24,915.87
380.95,463.49,766.67
160.32,882.54,555.56
-44.44,1146.03,1036.51
-301.59,1087.30,1066.67
-431.75,809.52,1247.62
-657.14,515.87,1139.68
-657.14,261.90,915.87
-476.19,-155.56,971.43
-501.59,-382.54,814.29
82.54,-815.87,892.06
-352.38,-552.38,682.54
285.71,-736.51,839.68
31.75,-384.13,636.51
250.79,-203.17,1088.89
458.73,-120.64,919.05
-95.24,512.70,1136.51
223.81,352.38,1244.44
-,-,-
1166.67,-766.67,1098.41
1342.86,-282.54,858.73
834.92,590.48,580.95
744.44,968.25,812.70
185.71,1369.84,1039.68
-171.43,1115.87,936.51
-423.81,784.13,968.25
-150.79,630.16,963.49
-130.16,436.51,1092.06
-100.00,0.00,866.67
-257.14,-125.40,787.30
-1.59,-376.19,863.49
33.33,-379.36,871.43
555.56,-807.94,919.05
57.14,-298.41,792.06
865.08,-688.89,842.86
350.79,46.03,1092.06
690.48,-1.59,1039.68
685.71,184.13,1023.81
-,-,-
515.87,-660.32,1012.70
1088.89,-787.30,1022.22
1171.43,-95.24,969.84
515.87,1126.98,715.87
123.81,1474.60,838.10
-274.60,1503.17,836.51
-458.73,1096.83,733.33
-609.52,784.13,965.08
-639.68,457.14,998.41
-303.17,-26.98,960.32
-423.81,-323.81,871.43
-279.36,-460.32,842.86
-44.44,-611.11,842.86
131.75,-707.94,668.25
-3.17,-271.43,895.24
607.94,-555.56,885.71
57.14,182.54,1041.27
365.08,96.83,1119.05
177.78,334.92,1023.81
-,-,-
809.52,-536.51,1120.63
892.06,-169.84,1042.86
812.70,433.33,761.90
358.73,1022.22,633.33
23.81,1269.84,715.87
-347.62,1266.67,896.83
-476.19,1049.21,784.13
-526.98,711.11,1022.22
-307.94,274.60,971.43
-355.56,-76.19,1065.08
-144.44,-358.73,961.90
125.40,-679.36,1022.22
307.94,-855.56,888.89
357.14,-688.89,869.84
282.54,-452.38,836.51
306.35,-130.16,936.51
352.38,109.52,1039.68
149.21,436.51,947.62
352.38,311.11,1150.79
-,-,-
158.73,-309.52,1112.70
511.11,-460.32,1015.87
784.13,-222.22,1096.83
584.13,431.75,714.29
385.71,969.84,609.52
-119.05,1426.98,1073.02
-428.57,1200.00,911.11
-726.98,1071.43,946.03
-982.54,665.08,968.25
-582.54,185.71,912.70
-577.78,-107.94,1042.86
-195.24,-560.32,893.65
177.78,-911.11,1015.87
-120.64,-550.79,711.11
253.97,-536.51,985.71
231.75,-169.84,917.46
133.33,74.60,1041.27
261.90,79.36,1166.67
-100.00,301.59,914.29
-,-,-
693.65,-639.68,1198.41
641.27,-55.56,1092.06
539.68,409.52,615.87
309.52,811.11,733.33
22.22,1123.81,769.84
-350.79,1119.05,761.90
-538.10,971.43,893.65
-628.57,782.54,814.29
-919.05,639.68,1047.62
-587.30,74.60,1041.27
-480.95,-487.30,833.33
-225.40,-687.30,990.48
31.75,-863.49,795.24
200.00,-777.78,1069.84
304.76,-538.10,814.29
249.21,-76.19,1049.21
179.36,228.57,946.03
76.19,428.57,1073.02
-23.81,403.17,968.25
-,-,-
912.70,-763.49,1017.46
882.54,-74.60,815.87
563.49,885.71,661.90
211.11,1193.65,807.94
-76.19,1319.05,868.25
-498.41,1226.98,946.03
-682.54,1096.83,793.65
-941.27,587.30,714.29
-487.30,180.95,1093.65
-125.40,-507.94,1247.62
-230.16,-565.08,1044.44
123.81,-606.35,1150.79
428.57,-861.90,719.05
-122.22,-152.38,992.06
482.54,-309.52,861.90
73.02,206.35,861.90
382.54,22.22,1123.81
106.35,236.51,987.30
-233.33,352.38,811.11
-,-,-
1061.90,-590.48,1139.68
1047.62,3.17,963.49
768.25,811.11,579.36
357.14,1195.24,765.08
-79.36,1342.86,941.27
-476.19,1196.83,961.90
-714.29,1011.11,1046.03
-858.73,657.14,790.48
-626.98,-52.38,1119.05
-274.60,-450.79,895.24
-228.57,-409.52,915.87
614.29,-1033.33,966.67
-52.38,-280.95,917.46
580.95,-487.30,920.64
257.14,6.35,934.92
301.59,106.35,1117.46
334.92,206.35,1017.46
-,-,-
812.70,-660.32,1319.05
1036.51,-428.57,1093.65
865.08,284.13,536.51
307.94,1068.25,479.36
80.95,1166.67,280.95
-95.24,1325.40,992.06
-247.62,1252.38,1198.41
-371.43,1020.64,1166.67
-204.76,557.14,1090.48
-196.83,-104.76,1219.05
-149.21,-403.17,1166.67
250.79,-860.32,788.89
-28.57,-552.38,1019.05
488.89,-738.10,788.89
153.97,-98.41,963.49
582.54,-155.56,961.90
361.90,287.30,987.30
174.60,430.16,988.89
-,-,-
1115.87,-709.52,1223.81
1015.87,-19.05,923.81
630.16,842.86,742.86
284.13,1404.76,1017.46
-285.71,1455.56,741.27
-484.13,1063.49,865.08
-736.51,744.44,893.65
-655.56,333.33,1044.44
-422.22,-20.64,1395.24
-146.03,-626.98,1015.87
173.02,-839.68,1173.02
152.38,-790.48,617.46
250.79,-501.59,965.08
512.70,-223.81,915.87
-44.44,330.16,795.24
457.14,260.32,1169.84
280.95,336.51,869.84
274.60,325.40,1242.86
-,-,-
733.33,-658.73,1098.41
838.10,-176.19,865.08
590.48,639.68,839.68
155.56,1193.65,865.08
-155.56,1268.25,1011.11
-453.97,1038.10,768.25
-677.78,869.84,734.92
-893.65,784.13,734.92
-841.27,404.76,1317.46
-44.44,-409.52,1092.06
-306.35,-384.13,1065.08
353.97,-831.75,744.44
-130.16,-376.19,896.83
633.33,-731.75,858.73
176.19,-201.59,733.33
298.41,1.59,1417.46
249.21,200.00,1074.60
-76.19,426.98,1117.46
-,-,-
1350.79,-782.54,1041.27
1296.83,-4.76,909.52
565.08,987.30,787.30
411.11,1144.44,909.52
-74.60,1268.25,911.11
-307.94,1071.43,844.44
-588.89,885.71,869.84
-603.17,641.27,1044.44
-330.16,98.41,1165.08
22.22,-433.33,938.10
-19.05,-479.36,947.62
300.00,-711.11,638.10
380.95,-431.75,961.90
711.11,-509.52,1455.56
180.95,155.56,888.89
669.84,-1.59,1112.70
328.57,301.59,988.89
107.94,411.11,993.65
-,-,-
1049.21,-374.60,655.56
484.13,788.89,639.68
182.54,1273.02,731.75
-219.05,1552.38,987.30
-474.60,1322.22,844.44
-787.30,1063.49,860.32
-757.14,666.67,1200.00
-423.81,-147.62,1038.10
-406.35,-423.81,1063.49
20.64,-884.13,755.56
-23.81,-779.36,815.87
-52.38,-436.51,787.30
430.16,-450.79,936.51
-22.22,160.32,966.67
350.79,106.35,1063.49
-28.57,485.71,1068.25
-4.76,365.08,1090.48
-,-,-
971.43,-511.11,941.27
1150.79,19.05,998.41
733.33,846.03,639.68
453.97,1225.40,787.30
-23.81,1446.03,915.87
-349.21,1273.02,996.83
-538.10,958.73,1019.05
-479.36,488.89,1146.03
-146.03,-96.83,1166.67
-152.38,-379.36,792.06
161.90,-688.89,941.27
407.94,-866.67,784.13
101.59,-457.14,884.13
844.44,-625.40,963.49
134.92,201.59,911.11
758.73,-44.44,1038.10
404.76,457.14,1095.24
-,-,-
782.54,30.16,888.89
863.49,384.13,633.33
407.94,998.41,766.67
-252.38,1498.41,1126.98
-400.00,1493.65,1366.67
-636.51,914.29,1222.22
-504.76,528.57,939.68
-276.19,-69.84,1068.25
-77.78,-384.13,934.92
184.13,-833.33,792.06
-50.79,-550.79,888.89
636.51,-915.87,833.33
301.59,-325.40,961.90
384.13,-49.21,919.05
158.73,225.40,1165.08
152.38,312.70,965.08
-,-,-
738.10,-579.36,992.06
863.49,-3.17,966.67
661.90,734.92,479.36
234.92,1244.44,822.22
-152.38,1323.81,842.86
-582.54,1093.65,995.24
-1039.68,920.64,1350.79
-780.95,490.48,1150.79
-626.98,-71.43,1222.22
-250.79,-458.73,946.03
-98.41,-630.16,936.51
328.57,-887.30,785.71
-80.95,-276.19,795.24
896.83,-739.68,1041.27
149.21,226.98,896.83
131.75,439.68,1323.81
-53.97,512.70,985.71
-,-,-
1241.27,-587.30,1196.83
1298.41,-277.78,657.14
733.33,757.14,538.10
690.48,944.44,717.46
206.35,1346.03,1203.17
-149.21,1023.81,1193.65
-436.51,582.54,1166.67
-204.76,204.76,1073.02
31.75,-228.57,1269.84
180.95,-352.38,1020.64
458.73,-625.40,1017.46
276.19,-449.21,717.46
614.29,-630.16,844.44
515.87,-400.00,873.02
842.86,-373.02,1112.70
477.78,3.17,1042.86
285.71,506.35,888.89
557.14,426.98,1142.86
-,-,-
858.73,-511.11,1150.79
1044.44,-252.38,992.06
1149.21,211.11,860.32
858.73,865.08,733.33
228.57,1346.03,841.27
-103.17,1203.17,993.65
-509.52,1092.06,892.06
-550.79,768.25,1165.08
-377.78,387.30,898.41
-74.60,-3.17,1142.86
252.38,-684.13,606.35
255.56,-628.57,993.65
515.87,-685.71,712.70
411.11,-226.98,988.89
565.08,-46.03,947.62
660.32,25.40,1144.44
439.68,304.76,1012.70
439.68,250.79,817.46
-,-,-
607.94,-353.97,944.44
641.27,103.17,763.49
490.48,560.32,744.44
46.03,1098.41,865.08
-452.38,1322.22,1147.62
-809.52,1217.46,1171.43
-1112.70,590.48,1038.10
-474.60,-3.17,1144.44
-277.78,-500.00,1036.51
-128.57,-638.10,866.67
433.33,-984.13,993.65
234.92,-755.56,912.70
377.78,-350.79,1049.21
557.14,-71.43,1246.03
158.73,515.87,1098.41
-80.95,630.16,996.83
-,-,-
660.32,-379.36,915.87
731.75,306.35,936.51
541.27,617.46,1023.81
388.89,784.13,895.24
-101.59,1009.52,1063.49
-500.00,973.02,969.84
-680.95,768.25,966.67
-531.75,274.60,914.29
-252.38,-119.05,1144.44
-57.14,-396.83,809.52
328.57,-638.10,934.92
377.78,-628.57,817.46
961.90,-779.36,966.67
715.87,-152.38,1098.41
488.89,276.19,1198.41
280.95,458.73,1047.62
-,-,-
888.89,-473.02,1090.48
1141.27,-252.38,968.25
866.67,355.56,688.89
282.54,1050.79,587.30
-222.22,1404.76,817.46
-557.14,1393.65,742.86
-557.14,1177.78,742.86
-433.33,687.30,860.32
-73.02,133.33,1088.89
-333.33,-230.16,1061.90
211.11,-709.52,1074.60
587.30,-1061.90,1039.68
153.97,-561.90,795.24
358.73,-403.17,766.67
484.13,-147.62,785.71
303.17,182.54,938.10
311.11,358.73,1117.46
279.36,334.92,992.06
130.16,388.89,1139.68
-,-,-
871.43,-577.78,1100.00
860.32,-155.56,1039.68
580.95,490.48,514.29
228.57,1042.86,807.94
-284.13,1479.37,763.49
-712.70,1442.86,896.83
-609.52,1047.62,811.11
-534.92,565.08,893.65
-357.14,1.59,998.41
-346.03,-353.97,1176.19
-46.03,-611.11,985.71
182.54,-784.13,1063.49
73.02,-585.71,833.33
212.70,-474.60,993.65
184.13,-157.14,839.68
225.40,25.40,1015.87
277.78,150.79,996.83
-28.57,465.08,973.02
122.22,307.94,1017.46
-,-,-
533.33,-433.33,1041.27
690.48,-52.38,1071.43
558.73,380.95,720.64
377.78,973.02,819.05
77.78,1219.05,834.92
-814.29,1395.24,817.46
-1144.44,1149.21,1011.11
-766.67,584.13,896.83
-836.51,179.36,1219.05
-193.65,-477.78,936.51
-174.60,-653.97,863.49
-25.40,-577.78,790.48
250.79,-604.76,820.64
357.14,-433.33,890.48
223.81,-69.84,839.68
236.51,261.90,1269.84
258.73,250.79,1173.02
-28.57,360.32,1019.05
-,-,-
938.10,184.13,614.29
717.46,682.54,784.13
326.98,1015.87,811.11
-257.14,1165.08,996.83
-577.78,1047.62,1073.02
-425.40,792.06,987.30
-307.94,236.51,1063.49
71.43,-255.56,1119.05
276.19,-584.13,934.92
533.33,-682.54,717.46
863.49,-711.11,1012.70
780.95,-453.97,811.11
534.92,-22.22,1068.25
733.33,-3.17,934.92
358.73,403.17,1119.05
355.56,377.78,998.41
-,-,-
680.95,-155.56,974.60
557.14,284.13,1047.62
107.94,761.90,768.25
-101.59,863.49,938.10
-539.68,942.86,914.29
-807.94,946.03,1115.87
-963.49,884.13,1098.41
-612.70,255.56,985.71
-303.17,-325.40,1225.40
-130.16,-631.75,834.92
377.78,-993.65,1046.03
20.64,-653.97,792.06
207.94,-498.41,1142.86
357.14,-349.21,871.43
-3.17,160.32,993.65
277.78,133.33,1092.06
-68.25,509.52,998.41
-,-,-
512.70,487.30,846.03
249.21,839.68,968.25
-180.95,961.90,1092.06
-560.32,992.06,1123.81
-917.46,690.48,1139.68
-728.57,306.35,1069.84
-476.19,-171.43,1168.25
-225.40,-403.17,869.84
326.98,-884.13,812.70
100.00,-657.14,758.73
487.30,-690.48,863.49
563.49,-504.76,892.06
388.89,25.40,1168.25
331.75,201.59,968.25
98.41,460.32,1174.60
-,-,-
536.51,331.75,842.86
136.51,812.70,973.02
-76.19,885.71,1150.79
-452.38,998.41,1139.68
-931.75,949.21,887.30
-653.97,465.08,893.65
-479.36,-17.46,1066.67
-374.60,-358.73,1087.30
123.81,-812.70,915.87
79.36,-761.90,973.02
300.00,-715.87,793.65
303.17,-434.92,1038.10
306.35,-79.36,1071.43
182.54,126.98,873.02
158.73,250.79,1061.90
-,-,-
733.33,-220.64,934.92
893.65,-44.44,814.29
615.87,642.86,761.90
31.75,1174.60,885.71
-231.75,1241.27,919.05
-704.76,1217.46,934.92
-682.54,985.71,836.51
-422.22,357.14,1012.70
-249.21,-47.62,1141.27
-4.76,-455.56,968.25
426.98,-915.87,911.11
152.38,-638.10,996.83
685.71,-780.95,995.24
58.73,-71.43,766.67
409.52,147.62,1242.86
338.10,226.98,890.48
-,-,-
303.17,-500.00,1020.64
463.49,-260.32,1138.10
557.14,-104.76,922.22
434.92,426.98,693.65
209.52,1150.79,695.24
-174.60,1196.83,739.68
-830.16,1374.60,1063.49
-890.48,1217.46,666.67
-626.98,842.86,1125.40
-347.62,200.00,1169.84
-201.59,-350.79,1096.83
-379.36,-577.78,1019.05
-177.78,-641.27,1165.08
25.40,-861.90,795.24
-304.76,-404.76,717.46
453.97,-630.16,990.48
-100.00,73.02,814.29
149.21,198.41,1090.48
-,-,-
