-,-,-
104.76,-228.57,1747.62
98.41,4.76,938.10
3.17,-53.97,1042.86
49.21,-47.62,939.68
82.54,-74.60,996.83
55.56,-76.19,1011.11
147.62,-53.97,941.27
128.57,-30.16,968.25
152.38,47.62,914.29
131.75,104.76,915.87
104.76,150.79,836.51
31.75,187.30,861.90
-26.98,200.00,942.86
-76.19,203.17,912.70
-120.64,203.17,993.65
-92.06,123.81,1017.46
-68.25,23.81,1046.03
-98.41,30.16,1087.30
-69.84,49.21,1147.62
-73.02,1.59,1023.81
-52.38,-46.03,961.90
-50.79,-22.22,1017.46
-257.14,-25.40,973.02
-53.97,-69.84,1009.52
31.75,-79.36,1014.29
20.64,-74.60,998.41
82.54,-103.17,1022.22
128.57,-53.97,936.51
107.94,-77.78,985.71
147.62,-44.44,946.03
177.78,-26.98,946.03
152.38,31.75,922.22
107.94,46.03,896.83
104.76,79.36,944.44
101.59,77.78,914.29
58.73,84.13,939.68
55.56,76.19,866.67
57.14,-384.13,1019.05
25.40,3.17,987.30
79.36,-3.17,985.71
46.03,-20.64,1039.68
57.14,-25.40,1046.03
-,-,-
-20.64,-534.92,1620.63
-3.17,-49.21,1011.11
0.00,-66.67,1090.48
25.40,-69.84,1036.51
-69.84,-79.36,992.06
182.54,-79.36,995.24
77.78,-79.36,995.24
153.97,-49.21,934.92
174.60,-30.16,942.86
201.59,-17.46,912.70
150.79,25.40,914.29
133.33,80.95,861.90
111.11,122.22,890.48
-71.43,209.52,915.87
-71.43,230.16,915.87
-126.98,253.97,966.67
-182.54,198.41,969.84
-106.35,173.02,1039.68
-77.78,153.97,971.43
-77.78,98.41,1093.65
-123.81,30.16,966.67
-77.78,-22.22,1019.05
-68.25,-28.57,1066.67
-46.03,-46.03,1015.87
-41.27,-106.35,1041.27
76.19,-180.95,1022.22
-25.40,-147.62,1017.46
77.78,-153.97,914.29
74.60,-125.40,1012.70
22.22,-74.60,895.24
147.62,-100.00,965.08
131.75,-30.16,988.89
131.75,-20.64,947.62
173.02,1.59,1009.52
98.41,79.36,895.24
77.78,95.24,947.62
50.79,73.02,942.86
46.03,55.56,911.11
-47.62,-96.83,985.71
-144.44,180.95,966.67
23.81,3.17,1012.70
-,-,-
-79.36,-525.40,1625.40
-20.64,-79.36,1000.00
60.32,-106.35,974.60
47.62,-71.43,995.24
84.13,-57.14,987.30
123.81,-44.44,714.29
104.76,-1.59,944.44
76.19,-4.76,965.08
109.52,76.19,892.06
123.81,95.24,923.81
25.40,82.54,934.92
47.62,106.35,947.62
-20.64,122.22,961.90
-52.38,180.95,936.51
-71.43,177.78,966.67
-28.57,153.97,965.08
-1.59,101.59,988.89
-95.24,106.35,1012.70
-77.78,85.71,968.25
-69.84,55.56,1068.25
-22.22,23.81,987.30
-4.76,-44.44,1100.00
-19.05,-44.44,1093.65
52.38,-101.59,892.06
3.17,-73.02,1000.00
73.02,-49.21,965.08
-4.76,-74.60,969.84
80.95,-71.43,947.62
80.95,-30.16,942.86
74.60,-47.62,963.49
153.97,-31.75,939.68
134.92,-30.16,998.41
131.75,-19.05,941.27
147.62,46.03,1011.11
106.35,50.79,960.32
80.95,26.98,969.84
49.21,52.38,963.49
76.19,50.79,938.10
53.97,47.62,987.30
49.21,31.75,844.44
9.52,47.62,961.90
52.38,25.40,985.71
58.73,22.22,965.08
49.21,4.76,993.65
33.33,6.35,971.43
50.79,0.00,993.65
55.56,-1.59,965.08
26.98,-4.76,988.89
52.38,-4.76,963.49
-,-,-
-49.21,-484.13,1550.79
-22.22,-47.62,1069.84
6.35,-50.79,944.44
3.17,-74.60,1073.02
46.03,-76.19,996.83
106.35,-76.19,941.27
176.19,-71.43,995.24
233.33,-25.40,946.03
176.19,-25.40,1020.64
155.56,6.35,888.89
158.73,31.75,917.46
58.73,55.56,915.87
100.00,122.22,922.22
22.22,173.02,912.70
23.81,180.95,920.64
-25.40,211.11,912.70
-44.44,185.71,1011.11
-74.60,126.98,1044.44
-46.03,100.00,1017.46
-68.25,84.13,1065.08
-49.21,-23.81,990.48
-41.27,-4.76,1088.89
49.21,-53.97,996.83
-4.76,-52.38,1036.51
7.94,-50.79,939.68
22.22,-103.17,1022.22
55.56,-79.36,946.03
96.83,-95.24,1046.03
122.22,-77.78,941.27
126.98,-80.95,958.73
174.60,-50.79,941.27
126.98,-46.03,944.44
107.94,3.17,884.13
101.59,4.76,988.89
80.95,46.03,946.03
84.13,30.16,941.27
74.60,28.57,1174.60
33.33,47.62,920.64
79.36,31.75,968.25
47.62,33.33,917.46
57.14,20.64,995.24
47.62,30.16,960.32
31.75,7.94,946.03
49.21,0.00,973.02
25.40,-15.87,965.08
47.62,0.00,968.25
47.62,-1.59,1039.68
50.79,6.35,942.86
47.62,-3.17,987.30
98.41,-3.17,1014.29
-,-,-
-42.86,-552.38,1606.35
55.56,-120.64,996.83
101.59,-120.64,993.65
126.98,-123.81,971.43
149.21,-104.76,1015.87
130.16,-76.19,1011.11
157.14,-26.98,936.51
106.35,7.94,969.84
101.59,46.03,941.27
71.43,101.59,909.52
-1.59,157.14,936.51
52.38,176.19,839.68
4.76,177.78,1020.64
-53.97,185.71,963.49
-41.27,104.76,1036.51
-95.24,101.59,990.48
-49.21,47.62,992.06
-179.36,47.62,1071.43
4.76,-95.24,988.89
-52.38,-104.76,1114.29
-44.44,-77.78,996.83
-71.43,-93.65,1014.29
44.44,-79.36,963.49
9.52,-69.84,944.44
130.16,-93.65,971.43
73.02,-52.38,998.41
149.21,-66.67,896.83
152.38,-50.79,969.84
122.22,-20.64,938.10
128.57,23.81,922.22
98.41,49.21,938.10
98.41,53.97,990.48
50.79,31.75,961.90
57.14,46.03,1555.56
-,-,-
-53.97,-582.54,1569.84
-25.40,-55.56,1012.70
55.56,-76.19,990.48
30.16,-103.17,998.41
111.11,-126.98,969.84
182.54,-152.38,988.89
203.17,-123.81,1011.11
209.52,-96.83,968.25
201.59,-42.86,985.71
149.21,-4.76,915.87
133.33,30.16,911.11
95.24,79.36,915.87
33.33,126.98,909.52
25.40,180.95,885.71
-52.38,203.17,938.10
-47.62,182.54,934.92
-79.36,136.51,1020.64
-69.84,130.16,1038.10
-106.35,77.78,1066.67
-22.22,1.59,1011.11
-47.62,-74.60,1114.29
-20.64,-98.41,988.89
-44.44,-122.22,1049.21
-44.44,-157.14,966.67
76.19,-153.97,969.84
33.33,-131.75,993.65
126.98,-128.57,963.49
131.75,-119.05,939.68
149.21,-180.95,971.43
226.98,-100.00,941.27
149.21,-52.38,944.44
131.75,-3.17,939.68
123.81,6.35,941.27
76.19,50.79,966.67
20.64,58.73,973.02
100.00,33.33,963.49
49.21,73.02,914.29
23.81,28.57,992.06
22.22,22.22,919.05
49.21,-6.35,988.89
30.16,-1.59,996.83
49.21,0.00,944.44
-,-,-
-49.21,-534.92,1601.59
3.17,-128.57,939.68
73.02,-126.98,1012.70
7.94,-144.44,946.03
157.14,-147.62,996.83
184.13,-76.19,965.08
200.00,-25.40,946.03
236.51,73.02,936.51
204.76,131.75,884.13
101.59,204.76,815.87
26.98,200.00,868.25
-79.36,150.79,922.22
-30.16,134.92,1019.05
-47.62,136.51,987.30
-104.76,58.73,1065.08
-100.00,25.40,1193.65
-96.83,25.40,1042.86
-101.59,-23.81,1069.84
-28.57,3.17,988.89
-20.64,-103.17,1020.64
-28.57,-96.83,938.10
25.40,-153.97,1000.00
126.98,-176.19,968.25
106.35,-176.19,992.06
128.57,-93.65,942.86
176.19,-73.02,958.73
198.41,-50.79,941.27
182.54,1.59,888.89
223.81,47.62,965.08
149.21,131.75,920.64
103.17,107.94,941.27
98.41,57.14,944.44
22.22,50.79,990.48
80.95,23.81,936.51
-,-,-
50.79,-400.00,1606.35
-23.81,-52.38,998.41
76.19,-76.19,961.90
158.73,-96.83,1036.51
177.78,-130.16,947.62
276.19,-130.16,888.89
185.71,-17.46,961.90
230.16,26.98,887.30
211.11,82.54,946.03
182.54,125.40,946.03
123.81,180.95,865.08
55.56,185.71,917.46
25.40,174.60,960.32
-23.81,250.79,1041.27
0.00,253.97,909.52
-77.78,304.76,1093.65
-77.78,122.22,917.46
-44.44,74.60,1096.83
-71.43,22.22,1012.70
73.02,-53.97,1068.25
7.94,-30.16,998.41
74.60,-98.41,961.90
50.79,-104.76,1069.84
96.83,-122.22,942.86
100.00,-103.17,1015.87
174.60,-71.43,911.11
203.17,-98.41,1039.68
253.97,-23.81,941.27
185.71,47.62,946.03
179.36,96.83,871.43
130.16,100.00,939.68
123.81,147.62,996.83
107.94,84.13,919.05
104.76,82.54,919.05
96.83,-79.36,995.24
73.02,46.03,966.67
80.95,47.62,946.03
79.36,30.16,988.89
47.62,26.98,973.02
80.95,7.94,998.41
96.83,7.94,998.41
-,-,-
-23.81,-409.52,1601.59
125.40,0.00,888.89
71.43,-49.21,1066.67
111.11,-122.22,1023.81
209.52,-79.36,963.49
160.32,-73.02,949.21
233.33,-71.43,942.86
225.40,53.97,946.03
300.00,77.78,946.03
209.52,103.17,865.08
131.75,136.51,888.89
23.81,176.19,860.32
-93.65,277.78,966.67
-98.41,228.57,871.43
-104.76,203.17,1066.67
-103.17,134.92,1071.43
-96.83,100.00,1049.21
-98.41,98.41,1088.89
-80.95,25.40,1039.68
50.79,-55.56,1050.79
-53.97,-106.35,995.24
57.14,-150.79,947.62
6.35,-177.78,1019.05
96.83,-130.16,988.89
152.38,-103.17,990.48
-150.79,-74.60,961.90
179.36,-52.38,941.27
209.52,9.52,915.87
206.35,47.62,912.70
174.60,84.13,936.51
125.40,109.52,941.27
80.95,125.40,919.05
74.60,100.00,920.64
80.95,76.19,963.49
73.02,55.56,965.08
79.36,73.02,987.30
53.97,28.57,1012.70
58.73,6.35,987.30
76.19,74.60,961.90
49.21,3.17,1012.70
96.83,3.17,1038.10
-,-,-
74.60,-480.95,1596.83
47.62,-106.35,993.65
55.56,-131.75,1049.21
101.59,-130.16,988.89
109.52,-149.21,969.84
226.98,-96.83,915.87
252.38,-30.16,922.22
253.97,1.59,946.03
284.13,100.00,995.24
155.56,149.21,911.11
130.16,185.71,844.44
23.81,231.75,868.25
3.17,201.59,917.46
-92.06,252.38,1014.29
-95.24,160.32,1038.10
-130.16,107.94,1096.83
-30.16,53.97,992.06
22.22,179.36,1139.68
20.64,-44.44,961.90
47.62,-28.57,1088.89
3.17,-57.14,973.02
101.59,-71.43,990.48
55.56,-73.02,996.83
53.97,-79.36,949.21
131.75,-69.84,998.41
123.81,-68.25,939.68
179.36,-50.79,973.02
198.41,-71.43,942.86
174.60,-44.44,895.24
176.19,33.33,966.67
179.36,47.62,944.44
147.62,79.36,961.90
131.75,71.43,966.67
85.71,60.32,987.30
98.41,57.14,947.62
73.02,50.79,987.30
79.36,34.92,971.43
82.54,23.81,966.67
-,-,-
-100.00,-455.56,1657.14
77.78,-95.24,996.83
25.40,-77.78,1038.10
98.41,-120.64,1023.81
184.13,-104.76,987.30
276.19,-104.76,946.03
312.70,260.32,922.22
282.54,1.59,960.32
226.98,50.79,893.65
200.00,82.54,896.83
179.36,153.97,895.24
31.75,200.00,914.29
33.33,211.11,960.32
-42.86,226.98,1017.46
-52.38,231.75,973.02
-4.76,155.56,1036.51
-71.43,107.94,1020.64
20.64,74.60,1114.29
-103.17,52.38,1017.46
9.52,-50.79,1012.70
53.97,-76.19,966.67
23.81,-1.59,990.48
80.95,-122.22,971.43
80.95,-130.16,1038.10
-203.17,-104.76,973.02
174.60,-119.05,995.24
104.76,-53.97,888.89
173.02,-49.21,938.10
157.14,3.17,919.05
203.17,31.75,938.10
196.83,74.60,941.27
160.32,74.60,1038.10
185.71,50.79,915.87
134.92,95.24,965.08
106.35,55.56,966.67
107.94,50.79,987.30
100.00,50.79,946.03
96.83,26.98,990.48
76.19,-25.40,1042.86
-,-,-
76.19,-422.22,1673.02
414.29,-104.76,1065.08
104.76,-120.64,971.43
173.02,-128.57,988.89
230.16,-123.81,939.68
257.14,-103.17,969.84
312.70,-25.40,912.70
274.60,22.22,871.43
301.59,52.38,893.65
230.16,76.19,917.46
184.13,109.52,938.10
55.56,147.62,893.65
23.81,206.35,939.68
-19.05,234.92,1036.51
1.59,206.35,939.68
-71.43,174.60,1093.65
1.59,126.98,988.89
-74.60,103.17,1149.21
-6.35,-49.21,1011.11
22.22,-26.98,1047.62
101.59,-96.83,1020.64
-19.05,-74.60,993.65
109.52,-128.57,996.83
100.00,-126.98,998.41
98.41,-119.05,990.48
177.78,-52.38,893.65
180.95,-46.03,911.11
209.52,-53.97,911.11
277.78,47.62,920.64
233.33,58.73,915.87
198.41,101.59,896.83
133.33,73.02,907.94
149.21,98.41,915.87
-19.05,-101.59,987.30
77.78,74.60,965.08
111.11,52.38,971.43
122.22,33.33,993.65
84.13,28.57,968.25
103.17,3.17,1014.29
103.17,-1.59,988.89
-,-,-
49.21,-330.16,1676.19
49.21,-106.35,995.24
106.35,-147.62,1038.10
177.78,-146.03,966.67
255.56,-126.98,938.10
300.00,-119.05,1017.46
301.59,-30.16,915.87
233.33,22.22,887.30
234.92,82.54,784.13
180.95,207.94,884.13
4.76,222.22,896.83
-152.38,236.51,968.25
50.79,204.76,961.90
-25.40,207.94,992.06
-28.57,182.54,992.06
7.94,104.76,1088.89
31.75,79.36,998.41
47.62,-4.76,1073.02
74.60,-57.14,1017.46
49.21,-95.24,1069.84
82.54,-79.36,1017.46
22.22,-125.40,1044.44
84.13,-77.78,938.10
57.14,-93.65,993.65
128.57,-126.98,895.24
174.60,-123.81,965.08
230.16,126.98,920.64
223.81,-17.46,942.86
274.60,26.98,963.49
207.94,49.21,936.51
131.75,55.56,919.05
147.62,98.41,971.43
133.33,57.14,934.92
100.00,74.60,987.30
107.94,57.14,961.90
106.35,46.03,985.71
80.95,26.98,998.41
122.22,-1.59,1034.92
123.81,4.76,985.71
-,-,-
7.94,-426.98,1500.00
57.14,-101.59,1000.00
101.59,-128.57,1012.70
96.83,-103.17,998.41
200.00,-100.00,990.48
234.92,-123.81,965.08
231.75,-47.62,939.68
282.54,6.35,939.68
277.78,26.98,892.06
185.71,84.13,946.03
146.03,123.81,868.25
57.14,152.38,941.27
25.40,182.54,968.25
28.57,250.79,869.84
-3.17,212.70,1038.10
-17.46,177.78,939.68
-46.03,150.79,1092.06
-1.59,47.62,1023.81
-26.98,53.97,1050.79
55.56,-26.98,1038.10
47.62,-50.79,1068.25
30.16,-204.76,985.71
74.60,-103.17,992.06
82.54,-173.02,1012.70
153.97,-146.03,958.73
85.71,-100.00,965.08
160.32,-73.02,888.89
200.00,-71.43,969.84
174.60,-22.22,938.10
225.40,80.95,939.68
206.35,73.02,969.84
177.78,103.17,912.70
153.97,79.36,961.90
80.95,79.36,966.67
130.16,71.43,919.05
84.13,49.21,961.90
77.78,30.16,984.13
98.41,22.22,988.89
80.95,209.52,946.03
98.41,3.17,1011.11
82.54,1.59,971.43
104.76,0.00,987.30
-,-,-
28.57,-433.33,1557.14
123.81,-80.95,947.62
146.03,-120.64,1015.87
182.54,-119.05,990.48
231.75,-103.17,971.43
234.92,-74.60,961.90
257.14,-17.46,882.54
231.75,49.21,969.84
204.76,134.92,869.84
203.17,184.13,869.84
82.54,260.32,819.05
77.78,209.52,942.86
22.22,226.98,941.27
-23.81,226.98,1011.11
33.33,55.56,1047.62
-204.76,73.02,1068.25
28.57,74.60,1114.29
53.97,1.59,1019.05
26.98,-41.27,1066.67
58.73,-52.38,985.71
46.03,-79.36,973.02
123.81,-103.17,988.89
20.64,-122.22,973.02
96.83,-96.83,1034.92
134.92,-96.83,922.22
198.41,-53.97,938.10
209.52,-53.97,993.65
184.13,-26.98,890.48
276.19,-26.98,942.86
203.17,30.16,944.44
207.94,30.16,934.92
206.35,31.75,939.68
25.40,55.56,920.64
180.95,55.56,946.03
131.75,55.56,944.44
128.57,57.14,938.10
126.98,71.43,963.49
131.75,49.21,969.84
125.40,53.97,987.30
84.13,26.98,1011.11
-,-,-
77.78,-436.51,1619.05
104.76,-126.98,1063.49
126.98,-120.64,971.43
179.36,-123.81,969.84
304.76,-123.81,892.06
287.30,-50.79,960.32
257.14,23.81,941.27
228.57,53.97,868.25
206.35,73.02,1395.24
131.75,76.19,938.10
57.14,128.57,941.27
7.94,200.00,995.24
26.98,228.57,965.08
71.43,200.00,961.90
50.79,174.60,936.51
73.02,150.79,1012.70
47.62,58.73,936.51
47.62,74.60,1066.67
53.97,22.22,1017.46
22.22,-69.84,1042.86
49.21,-93.65,1074.60
22.22,-119.05,1038.10
71.43,-128.57,1038.10
46.03,-123.81,968.25
106.35,-103.17,1014.29
55.56,-55.56,933.33
80.95,-101.59,869.84
201.59,-3.17,911.11
177.78,-52.38,939.68
209.52,-22.22,960.32
198.41,20.64,938.10
250.79,6.35,963.49
225.40,57.14,942.86
174.60,52.38,960.32
147.62,71.43,896.83
133.33,84.13,946.03
107.94,58.73,969.84
100.00,73.02,987.30
80.95,49.21,995.24
109.52,28.57,1017.46
98.41,28.57,974.60
123.81,6.35,430.16
106.35,1.59,1296.83
123.81,0.00,965.08
122.22,22.22,946.03
55.56,1.59,971.43
123.81,7.94,985.71
-,-,-
-3.17,-355.56,1600.00
26.98,-93.65,1047.62
103.17,-128.57,1044.44
174.60,-146.03,973.02
176.19,-155.56,936.51
196.83,-122.22,938.10
180.95,-55.56,985.71
261.90,6.35,938.10
206.35,76.19,966.67
185.71,130.16,860.32
150.79,198.41,892.06
73.02,182.54,860.32
58.73,185.71,961.90
20.64,250.79,1012.70
3.17,236.51,1039.68
0.00,204.76,947.62
182.54,103.17,1069.84
-49.21,-3.17,1019.05
-95.24,-77.78,1112.70
-23.81,-174.60,990.48
28.57,-201.59,1073.02
47.62,-203.17,1065.08
31.75,-195.24,961.90
80.95,-119.05,966.67
133.33,-142.86,888.89
203.17,-96.83,988.89
234.92,-73.02,860.32
252.38,-44.44,968.25
225.40,28.57,920.64
198.41,30.16,887.30
196.83,71.43,947.62
133.33,84.13,919.05
174.60,77.78,973.02
84.13,74.60,969.84
98.41,82.54,941.27
106.35,53.97,973.02
126.98,26.98,990.48
-,-,-
71.43,-246.03,1577.78
96.83,-120.64,1041.27
80.95,-106.35,1063.49
149.21,-100.00,946.03
182.54,-119.05,1020.64
204.76,-98.41,942.86
307.94,-74.60,995.24
257.14,4.76,869.84
253.97,7.94,888.89
249.21,53.97,920.64
203.17,100.00,873.02
73.02,180.95,915.87
47.62,130.16,939.68
-55.56,203.17,965.08
6.35,185.71,965.08
33.33,128.57,1023.81
-30.16,79.36,1090.48
20.64,55.56,1061.90
-53.97,55.56,1066.67
47.62,-44.44,1036.51
1.59,-49.21,1012.70
4.76,-69.84,946.03
28.57,-76.19,1039.68
25.40,-128.57,960.32
52.38,-126.98,1019.05
77.78,-104.76,961.90
147.62,-55.56,941.27
157.14,-15.87,885.71
207.94,-53.97,914.29
282.54,-49.21,911.11
455.56,4.76,961.90
236.51,74.60,915.87
180.95,109.52,939.68
128.57,57.14,917.46
123.81,80.95,963.49
107.94,50.79,965.08
147.62,55.56,990.48
107.94,22.22,992.06
125.40,-4.76,1015.87
122.22,0.00,996.83
123.81,-4.76,995.24
123.81,28.57,966.67
-,-,-
26.98,-128.57,1531.75
82.54,-123.81,1069.84
103.17,-106.35,1011.11
104.76,-120.64,988.89
152.38,-77.78,973.02
260.32,-130.16,1023.81
284.13,-77.78,961.90
298.41,0.00,895.24
257.14,71.43,895.24
179.36,98.41,888.89
179.36,101.59,917.46
103.17,157.14,911.11
109.52,180.95,941.27
23.81,198.41,968.25
0.00,182.54,1023.81
77.78,131.75,985.71
3.17,106.35,1046.03
49.21,49.21,998.41
31.75,7.94,1098.41
20.64,-47.62,1061.90
3.17,-52.38,1423.81
47.62,-74.60,1042.86
77.78,-122.22,990.48
76.19,-130.16,998.41
76.19,-123.81,960.32
82.54,-104.76,946.03
106.35,-28.57,890.48
207.94,-76.19,960.32
180.95,-23.81,869.84
236.51,6.35,936.51
233.33,80.95,914.29
200.00,125.40,992.06
125.40,104.76,939.68
107.94,74.60,944.44
103.17,73.02,938.10
106.35,71.43,998.41
109.52,23.81,966.67
98.41,1.59,1114.29
109.52,0.00,1022.22
104.76,-3.17,969.84
-,-,-
58.73,-253.97,1547.62
25.40,-104.76,973.02
50.79,-155.56,1073.02
107.94,-130.16,933.33
149.21,-146.03,1015.87
177.78,-150.79,946.03
231.75,-82.54,1014.29
250.79,-19.05,912.70
260.32,30.16,938.10
198.41,82.54,946.03
177.78,134.92,895.24
58.73,158.73,841.27
53.97,234.92,922.22
-23.81,207.94,936.51
-46.03,171.43,1219.05
22.22,174.60,992.06
22.22,74.60,1044.44
-1.59,26.98,1088.89
6.35,-3.17,1020.64
3.17,-69.84,973.02
50.79,-106.35,996.83
23.81,-122.22,985.71
49.21,-126.98,996.83
30.16,-104.76,888.89
76.19,-96.83,973.02
77.78,-122.22,861.90
128.57,-123.81,973.02
153.97,-77.78,960.32
200.00,-80.95,965.08
209.52,-79.36,995.24
201.59,-50.79,885.71
176.19,-1.59,971.43
134.92,-57.14,968.25
150.79,82.54,941.27
126.98,85.71,944.44
130.16,80.95,946.03
150.79,77.78,993.65
106.35,30.16,971.43
-,-,-
73.02,-147.62,1598.41
128.57,-95.24,1017.46
106.35,-103.17,969.84
184.13,-107.94,1015.87
249.21,-101.59,923.81
200.00,-44.44,961.90
303.17,-1.59,911.11
182.54,50.79,968.25
201.59,123.81,884.13
157.14,153.97,842.86
77.78,174.60,966.67
76.19,149.21,888.89
-52.38,155.56,1038.10
-25.40,146.03,1063.49
-19.05,80.95,1120.63
25.40,7.94,1015.87
0.00,-4.76,1096.83
0.00,-69.84,988.89
73.02,-69.84,1020.64
46.03,-76.19,969.84
100.00,-130.16,1011.11
53.97,-149.21,987.30
98.41,-106.35,988.89
131.75,-100.00,893.65
150.79,-101.59,988.89
200.00,-74.60,958.73
198.41,-49.21,942.86
104.76,3.17,893.65
157.14,25.40,938.10
201.59,4.76,963.49
158.73,26.98,938.10
150.79,47.62,961.90
130.16,49.21,939.68
133.33,28.57,995.24
123.81,28.57,969.84
107.94,22.22,987.30
-,-,-
57.14,-230.16,1625.40
74.60,-74.60,990.48
73.02,-95.24,969.84
106.35,-104.76,973.02
160.32,-101.59,973.02
211.11,-125.40,912.70
249.21,-74.60,963.49
23.81,-28.57,944.44
233.33,1.59,963.49
226.98,1.59,911.11
153.97,68.25,942.86
109.52,74.60,922.22
55.56,126.98,969.84
58.73,182.54,933.33
52.38,174.60,985.71
4.76,180.95,966.67
20.64,160.32,998.41
49.21,98.41,1063.49
33.33,58.73,992.06
76.19,-4.76,1117.46
-1.59,-52.38,1017.46
-19.05,-126.98,1036.51
-4.76,-155.56,1047.62
96.83,-130.16,947.62
26.98,-103.17,996.83
47.62,-123.81,961.90
173.02,-142.86,919.05
150.79,-107.94,961.90
147.62,-96.83,912.70
209.52,-122.22,919.05
223.81,-77.78,914.29
253.97,-46.03,912.70
252.38,-3.17,960.32
223.81,31.75,944.44
207.94,33.33,912.70
98.41,52.38,919.05
153.97,28.57,966.67
100.00,-77.78,985.71
131.75,22.22,966.67
101.59,23.81,973.02
107.94,3.17,987.30
84.13,-23.81,990.48
-,-,-
23.81,-273.02,1500.00
-122.22,-120.64,1023.81
49.21,-150.79,1074.60
109.52,-195.24,963.49
131.75,-195.24,1014.29
152.38,-198.41,973.02
280.95,-157.14,949.21
257.14,-93.65,922.22
334.92,22.22,890.48
276.19,79.36,922.22
230.16,128.57,922.22
157.14,200.00,873.02
98.41,231.75,915.87
50.79,228.57,863.49
31.75,225.40,1020.64
31.75,180.95,1042.86
30.16,123.81,1036.51
123.81,76.19,1063.49
3.17,-22.22,1071.43
46.03,-49.21,1041.27
47.62,-100.00,995.24
76.19,-122.22,1096.83
-17.46,-126.98,1038.10
98.41,-149.21,992.06
53.97,-119.05,963.49
53.97,-122.22,912.70
173.02,-177.78,933.33
157.14,-155.56,912.70
250.79,-50.79,946.03
258.73,-98.41,941.27
231.75,-28.57,920.64
174.60,20.64,987.30
152.38,53.97,785.71
152.38,52.38,988.89
96.83,98.41,960.32
98.41,74.60,993.65
101.59,57.14,965.08
101.59,33.33,987.30
104.76,22.22,968.25
80.95,-3.17,988.89
125.40,3.17,969.84
-,-,-
22.22,-149.21,1609.52
52.38,-71.43,1011.11
28.57,-100.00,911.11
76.19,-123.81,973.02
133.33,-117.46,946.03
201.59,-122.22,1015.87
234.92,-103.17,973.02
257.14,-77.78,987.30
263.49,-22.22,915.87
234.92,19.05,963.49
160.32,30.16,685.71
209.52,53.97,869.84
82.54,158.73,934.92
104.76,125.40,912.70
123.81,182.54,961.90
-31.75,209.52,939.68
52.38,152.38,1044.44
1.59,131.75,958.73
-25.40,96.83,1085.71
30.16,77.78,1044.44
47.62,7.94,1092.06
33.33,-26.98,987.30
52.38,-100.00,1047.62
57.14,-117.46,992.06
50.79,-152.38,1015.87
98.41,-173.02,936.51
133.33,-168.25,993.65
100.00,-149.21,942.86
201.59,-155.56,892.06
204.76,-93.65,938.10
225.40,-74.60,888.89
287.30,-47.62,990.48
209.52,22.22,944.44
180.95,28.57,965.08
173.02,50.79,920.64
73.02,80.95,939.68
131.75,28.57,936.51
111.11,23.81,987.30
85.71,22.22,992.06
126.98,6.35,988.89
80.95,6.35,966.67
109.52,-25.40,985.71
100.00,-23.81,995.24
101.59,-15.87,893.65
-,-,-
82.54,-106.35,1546.03
-47.62,-144.44,1047.62
57.14,-169.84,1049.21
182.54,-150.79,941.27
198.41,-152.38,998.41
301.59,-126.98,990.48
301.59,-80.95,941.27
261.90,-1.59,890.48
276.19,55.56,941.27
250.79,100.00,871.43
203.17,157.14,969.84
128.57,160.32,857.14
79.36,203.17,941.27
30.16,211.11,939.68
3.17,179.36,961.90
7.94,176.19,996.83
6.35,150.79,1047.62
-26.98,52.38,1065.08
23.81,28.57,1169.84
17.46,6.35,1047.62
26.98,-42.86,996.83
60.32,-28.57,998.41
25.40,-103.17,814.29
23.81,-100.00,814.29
98.41,-152.38,946.03
82.54,130.16,984.13
155.56,-196.83,963.49
152.38,-171.43,992.06
209.52,-125.40,896.83
184.13,-107.94,960.32
228.57,-53.97,968.25
201.59,-1.59,939.68
233.33,26.98,960.32
149.21,52.38,922.22
176.19,74.60,963.49
84.13,73.02,936.51
109.52,55.56,963.49
107.94,25.40,963.49
107.94,22.22,1009.52
152.38,7.94,971.43
103.17,-19.05,985.71
79.36,-103.17,971.43
106.35,-104.76,993.65
-,-,-
9.52,-171.43,1531.75
71.43,-149.21,1036.51
133.33,-157.14,919.05
76.19,-157.14,1065.08
177.78,-152.38,961.90
231.75,-152.38,965.08
304.76,-103.17,895.24
330.16,-53.97,917.46
284.13,-1.59,941.27
255.56,7.94,917.46
176.19,104.76,885.71
101.59,185.71,936.51
57.14,155.56,936.51
31.75,207.94,946.03
23.81,204.76,1068.25
58.73,157.14,998.41
-3.17,147.62,1012.70
-22.22,77.78,1071.43
26.98,1.59,1066.67
1.59,-20.64,1015.87
3.17,-55.56,963.49
3.17,-69.84,1023.81
6.35,-120.64,938.10
126.98,-171.43,973.02
98.41,-155.56,990.48
201.59,-150.79,947.62
160.32,-131.75,965.08
200.00,-101.59,917.46
204.76,-93.65,920.64
225.40,-73.02,944.44
234.92,-71.43,933.33
258.73,-42.86,988.89
209.52,-1.59,973.02
203.17,28.57,915.87
150.79,73.02,961.90
104.76,52.38,969.84
58.73,26.98,966.67
150.79,3.17,1017.46
130.16,7.94,971.43
-,-,-
123.81,-225.40,1606.35
80.95,-120.64,1036.51
95.24,-106.35,895.24
125.40,-104.76,1039.68
179.36,-147.62,936.51
222.22,-146.03,1015.87
328.57,-174.60,990.48
355.56,-120.64,938.10
334.92,-57.14,914.29
307.94,-4.76,912.70
255.56,47.62,912.70
203.17,98.41,882.54
157.14,126.98,890.48
82.54,160.32,757.14
53.97,206.35,946.03
73.02,307.94,944.44
150.79,179.36,1071.43
-49.21,134.92,1019.05
52.38,80.95,1044.44
30.16,58.73,1023.81
53.97,4.76,1090.48
52.38,-53.97,993.65
103.17,-79.36,1063.49
57.14,-131.75,996.83
33.33,-174.60,996.83
100.00,-169.84,965.08
53.97,-149.21,939.68
130.16,-150.79,914.29
174.60,-106.35,922.22
228.57,-106.35,995.24
309.52,-122.22,942.86
325.40,-69.84,920.64
258.73,23.81,936.51
253.97,0.00,947.62
79.36,73.02,911.11
152.38,53.97,969.84
82.54,69.84,917.46
125.40,28.57,993.65
104.76,30.16,988.89
126.98,3.17,996.83
130.16,-19.05,963.49
123.81,-17.46,974.60
101.59,-15.87,946.03
104.76,4.76,938.10
125.40,-19.05,942.86
125.40,-23.81,971.43
-,-,-
23.81,-223.81,1558.73
109.52,-95.24,985.71
80.95,-103.17,1044.44
47.62,-76.19,969.84
133.33,-128.57,936.51
195.24,-133.33,971.43
276.19,-128.57,988.89
333.33,-74.60,969.84
309.52,-46.03,868.25
225.40,3.17,917.46
211.11,74.60,847.62
176.19,131.75,887.30
179.36,126.98,890.48
98.41,152.38,939.68
100.00,174.60,971.43
55.56,158.73,971.43
57.14,150.79,1066.67
23.81,95.24,1019.05
23.81,33.33,1093.65
23.81,25.40,1074.60
47.62,-52.38,1119.05
25.40,-77.78,1036.51
46.03,-95.24,974.60
85.71,-98.41,939.68
60.32,-449.21,961.90
152.38,-130.16,869.84
106.35,-147.62,1012.70
233.33,-195.24,909.52
203.17,-130.16,990.48
326.98,-125.40,915.87
288.89,-125.40,941.27
303.17,-50.79,941.27
200.00,47.62,936.51
149.21,30.16,973.02
153.97,26.98,914.29
84.13,55.56,960.32
95.24,28.57,963.49
106.35,22.22,919.05
82.54,23.81,1093.65
98.41,1.59,965.08
104.76,-95.24,969.84
104.76,1.59,961.90
95.24,0.00,969.84
-,-,-
33.33,-320.64,1706.35
79.36,-120.64,1020.64
106.35,-147.62,993.65
120.64,-150.79,968.25
180.95,-179.36,993.65
258.73,-173.02,963.49
298.41,-155.56,934.92
312.70,-92.06,895.24
303.17,6.35,858.73
285.71,50.79,936.51
204.76,107.94,869.84
211.11,134.92,934.92
125.40,158.73,888.89
76.19,177.78,938.10
100.00,177.78,946.03
85.71,160.32,947.62
98.41,125.40,996.83
77.78,74.60,1023.81
98.41,57.14,1071.43
104.76,7.94,1039.68
73.02,-47.62,1068.25
7.94,-93.65,988.89
74.60,-119.05,1073.02
104.76,-150.79,969.84
101.59,-153.97,988.89
101.59,-131.75,892.06
150.79,-157.14,966.67
180.95,-122.22,895.24
177.78,-122.22,966.67
203.17,-107.94,909.52
277.78,-74.60,941.27
252.38,-103.17,941.27
230.16,-3.17,941.27
222.22,22.22,990.48
126.98,57.14,922.22
147.62,49.21,941.27
106.35,28.57,960.32
125.40,22.22,995.24
149.21,-3.17,988.89
147.62,-23.81,985.71
123.81,-28.57,1000.00
126.98,-42.86,966.67
-,-,-
122.22,-257.14,1580.95
96.83,-155.56,1123.81
160.32,-149.21,914.29
171.43,-168.25,1049.21
231.75,-155.56,969.84
236.51,-106.35,917.46
231.75,-73.02,941.27
274.60,-23.81,947.62
234.92,19.05,896.83
211.11,49.21,887.30
228.57,104.76,714.29
46.03,161.90,987.30
106.35,206.35,893.65
55.56,231.75,1061.90
111.11,226.98,939.68
58.73,180.95,1022.22
82.54,104.76,1061.90
28.57,47.62,993.65
6.35,-42.86,1093.65
28.57,-103.17,1017.46
31.75,-150.79,1174.60
125.40,-130.16,960.32
107.94,-179.36,1042.86
179.36,-171.43,942.86
177.78,-173.02,995.24
225.40,-173.02,842.86
203.17,-147.62,968.25
250.79,-79.36,885.71
179.36,-79.36,920.64
211.11,-19.05,890.48
211.11,6.35,1019.05
146.03,28.57,922.22
149.21,76.19,971.43
98.41,82.54,949.21
109.52,80.95,968.25
133.33,73.02,985.71
101.59,50.79,988.89
109.52,-17.46,1014.29
130.16,-25.40,971.43
103.17,-22.22,961.90
101.59,-28.57,987.30
126.98,-17.46,938.10
-,-,-
53.97,-228.57,1619.05
76.19,-117.46,809.52
131.75,-144.44,988.89
130.16,-144.44,1015.87
147.62,-204.76,973.02
226.98,-149.21,942.86
312.70,-117.46,990.48
304.76,-80.95,914.29
285.71,-25.40,893.65
276.19,33.33,917.46
250.79,47.62,866.67
223.81,95.24,939.68
153.97,126.98,919.05
52.38,152.38,965.08
49.21,236.51,992.06
49.21,225.40,960.32
100.00,150.79,993.65
4.76,109.52,1092.06
30.16,77.78,1042.86
47.62,22.22,1149.21
50.79,-50.79,946.03
74.60,-77.78,1069.84
49.21,-123.81,939.68
55.56,-173.02,998.41
157.14,-200.00,936.51
123.81,-180.95,949.21
130.16,-169.84,966.67
201.59,-152.38,920.64
209.52,-101.59,971.43
173.02,-92.06,912.70
257.14,-68.25,941.27
230.16,-52.38,988.89
225.40,-4.76,946.03
177.78,30.16,988.89
179.36,52.38,922.22
177.78,33.33,987.30
136.51,49.21,965.08
179.36,104.76,966.67
82.54,28.57,947.62
133.33,6.35,966.67
128.57,-19.05,973.02
-,-,-
147.62,-25.40,985.71
-,-,-
-,-,-
80.95,-180.95,1552.38
47.62,-171.43,1073.02
98.41,-174.60,944.44
128.57,-207.94,1068.25
206.35,-180.95,919.05
125.40,-149.21,1015.87
236.51,-123.81,892.06
225.40,-49.21,988.89
206.35,6.35,890.48
233.33,26.98,963.49
198.41,100.00,885.71
253.97,123.81,888.89
131.75,174.60,934.92
185.71,152.38,934.92
155.56,257.14,846.03
109.52,200.00,988.89
130.16,206.35,887.30
30.16,184.13,1020.64
125.40,103.17,974.60
79.36,76.19,1147.62
71.43,4.76,1063.49
31.75,-44.44,1100.00
-1.59,-69.84,946.03
44.44,-98.41,1114.29
106.35,-123.81,968.25
76.19,-120.64,1023.81
150.79,-179.36,912.70
149.21,-153.97,971.43
177.78,-152.38,968.25
252.38,-150.79,938.10
226.98,-103.17,939.68
285.71,-47.62,920.64
226.98,4.76,946.03
182.54,30.16,896.83
201.59,111.11,963.49
104.76,100.00,915.87
107.94,84.13,944.44
107.94,57.14,947.62
101.59,58.73,995.24
130.16,46.03,965.08
106.35,3.17,998.41
131.75,-19.05,969.84
130.16,-19.05,968.25
122.22,-19.05,960.32
126.98,-17.46,963.49
-,-,-
80.95,-377.78,1493.65
73.02,-23.81,1044.44
50.79,-22.22,939.68
47.62,-76.19,1014.29
22.22,-76.19,942.86
79.36,-122.22,1038.10
209.52,-144.44,938.10
312.70,-130.16,1017.46
358.73,-131.75,787.30
384.13,-128.57,990.48
311.11,7.94,919.05
228.57,107.94,912.70
203.17,153.97,963.49
134.92,277.78,869.84
57.14,336.51,941.27
82.54,282.54,944.44
33.33,252.38,1039.68
-20.64,206.35,1071.43
-22.22,58.73,1066.67
30.16,4.76,1096.83
20.64,-23.81,1073.02
122.22,-179.36,1049.21
55.56,-144.44,965.08
50.79,-122.22,915.87
50.79,-209.52,966.67
52.38,-201.59,966.67
77.78,-174.60,1046.03
201.59,-155.56,844.44
152.38,-77.78,968.25
152.38,-73.02,936.51
176.19,-100.00,946.03
176.19,-3.17,985.71
157.14,26.98,963.49
111.11,20.64,992.06
101.59,33.33,960.32
106.35,28.57,1009.52
77.78,30.16,947.62
101.59,6.35,963.49
101.59,3.17,960.32
77.78,-4.76,987.30
71.43,-22.22,998.41
77.78,-44.44,987.30
79.36,-22.22,963.49
82.54,-28.57,946.03
77.78,-25.40,971.43
77.78,-23.81,993.65
58.73,-22.22,1223.81
-,-,-
34.92,-358.73,1601.59
-3.17,-204.76,1042.86
131.75,-101.59,1098.41
149.21,-149.21,974.60
207.94,-153.97,936.51
231.75,-144.44,920.64
288.89,-50.79,884.13
263.49,33.33,895.24
211.11,74.60,938.10
250.79,152.38,866.67
74.60,234.92,887.30
53.97,284.13,988.89
30.16,230.16,946.03
1.59,258.73,1069.84
9.52,150.79,1038.10
57.14,100.00,1084.13
76.19,74.60,1041.27
26.98,-30.16,1034.92
0.00,-101.59,938.10
-23.81,-126.98,1038.10
55.56,-144.44,998.41
46.03,-198.41,1000.00
74.60,-230.16,966.67
-,-,-
207.94,4.76,911.11
174.60,53.97,941.27
150.79,74.60,939.68
101.59,47.62,993.65
109.52,28.57,941.27
96.83,23.81,988.89
100.00,-20.64,1000.00
125.40,-22.22,988.89
104.76,-69.84,1011.11
158.73,-28.57,969.84
133.33,-53.97,990.48
128.57,-42.86,987.30
133.33,-30.16,993.65
-,-,-
-30.16,-477.78,1574.60
47.62,-17.46,969.84
47.62,-28.57,987.30
23.81,4.76,995.24
33.33,-22.22,941.27
306.35,-69.84,1012.70
0.00,-152.38,973.02
49.21,-206.35,965.08
152.38,-223.81,1014.29
336.51,-247.62,917.46
331.75,-180.95,947.62
330.16,-71.43,920.64
325.40,23.81,861.90
152.38,155.56,920.64
173.02,250.79,817.46
195.24,358.73,920.64
26.98,353.97,811.11
-46.03,306.35,1041.27
-50.79,238.10,1012.70
-28.57,130.16,1122.22
-28.57,74.60,1115.87
47.62,-22.22,1046.03
-31.75,-71.43,1039.68
-3.17,-96.83,1038.10
26.98,-176.19,1020.64
53.97,-196.83,1020.64
85.71,-222.22,1017.46
174.60,-250.79,958.73
176.19,-206.35,936.51
211.11,-180.95,895.24
258.73,-169.84,939.68
206.35,-69.84,868.25
187.30,-1.59,915.87
180.95,49.21,920.64
133.33,100.00,969.84
177.78,123.81,968.25
84.13,55.56,969.84
123.81,77.78,947.62
20.64,31.75,993.65
-,-,-
-,-,-
80.95,-455.56,1523.81
47.62,-71.43,1012.70
34.92,-122.22,922.22
30.16,-184.13,1090.48
123.81,-301.59,944.44
250.79,-328.57,1069.84
252.38,-228.57,939.68
361.90,-150.79,923.81
377.78,-46.03,807.94
309.52,79.36,936.51
206.35,177.78,893.65
174.60,257.14,817.46
101.59,333.33,919.05
33.33,282.54,990.48
23.81,285.71,1061.90
-26.98,253.97,1066.67
-17.46,100.00,1098.41
-71.43,-3.17,1047.62
1.59,-26.98,1125.40
3.17,-53.97,973.02
47.62,-120.64,1039.68
26.98,-144.44,998.41
-3.17,-180.95,919.05
174.60,-201.59,969.84
98.41,-171.43,961.90
200.00,-171.43,920.64
103.17,-100.00,893.65
211.11,-120.64,990.48
204.76,-49.21,887.30
131.75,4.76,915.87
155.56,23.81,944.44
128.57,33.33,966.67
131.75,49.21,963.49
134.92,28.57,958.73
85.71,4.76,988.89
125.40,-23.81,992.06
58.73,0.00,1352.38
101.59,-41.27,920.64
76.19,-68.25,939.68
73.02,-3.17,987.30
80.95,-47.62,974.60
128.57,-42.86,996.83
-,-,-
49.21,-306.35,1469.84
25.40,-93.65,1044.44
49.21,-126.98,992.06
76.19,-104.76,939.68
71.43,-174.60,947.62
179.36,-198.41,1041.27
258.73,-173.02,936.51
357.14,-120.64,919.05
334.92,-53.97,868.25
334.92,1.59,919.05
255.56,47.62,890.48
201.59,71.43,836.51
131.75,128.57,922.22
47.62,158.73,969.84
0.00,204.76,985.71
53.97,250.79,860.32
50.79,176.19,1012.70
20.64,100.00,1023.81
28.57,82.54,996.83
-50.79,52.38,1066.67
-3.17,-49.21,1046.03
-1.59,-68.25,1069.84
25.40,-104.76,1012.70
47.62,-120.64,1020.64
23.81,-198.41,941.27
106.35,-223.81,966.67
80.95,-196.83,947.62
101.59,-150.79,919.05
55.56,-93.65,934.92
123.81,-100.00,944.44
203.17,-93.65,942.86
228.57,-104.76,990.48
249.21,-49.21,968.25
155.56,-50.79,965.08
123.81,25.40,909.52
85.71,26.98,946.03
71.43,20.64,936.51
106.35,-3.17,965.08
98.41,-4.76,968.25
100.00,-25.40,1014.29
101.59,-42.86,985.71
103.17,-69.84,1014.29
-,-,-
3.17,-296.83,1547.62
57.14,-146.03,942.86
58.73,-180.95,1074.60
52.38,-204.76,966.67
109.52,-234.92,1042.86
180.95,-193.65,890.48
274.60,-203.17,920.64
282.54,-130.16,915.87
311.11,-53.97,938.10
279.36,20.64,938.10
211.11,96.83,888.89
184.13,173.02,861.90
177.78,201.59,920.64
82.54,226.98,939.68
71.43,207.94,1041.27
76.19,177.78,973.02
1.59,180.95,987.30
52.38,98.41,1036.51
-44.44,0.00,1015.87
26.98,-30.16,1165.08
-19.05,-95.24,1014.29
1.59,-106.35,1036.51
46.03,-169.84,1038.10
76.19,-179.36,1017.46
31.75,-177.78,971.43
103.17,-225.40,895.24
109.52,-223.81,944.44
182.54,-226.98,941.27
228.57,-147.62,885.71
176.19,-150.79,866.67
306.35,-282.54,973.02
253.97,-47.62,939.68
184.13,31.75,909.52
100.00,22.22,942.86
123.81,30.16,966.67
100.00,26.98,946.03
77.78,28.57,1014.29
100.00,3.17,968.25
101.59,-25.40,998.41
-,-,-
46.03,-273.02,1522.22
-30.16,-155.56,1012.70
58.73,-176.19,995.24
53.97,-173.02,993.65
125.40,-246.03,895.24
160.32,-171.43,1012.70
277.78,-201.59,938.10
301.59,-147.62,939.68
328.57,-106.35,888.89
211.11,-68.25,912.70
334.92,6.35,919.05
263.49,60.32,923.81
158.73,153.97,938.10
123.81,187.30,958.73
28.57,231.75,946.03
80.95,226.98,944.44
46.03,198.41,969.84
1.59,136.51,1061.90
26.98,71.43,1063.49
30.16,47.62,1085.71
-26.98,-30.16,1038.10
20.64,-53.97,1063.49
101.59,-128.57,1012.70
1.59,-147.62,974.60
123.81,-176.19,992.06
73.02,-296.83,993.65
149.21,-250.79,992.06
149.21,-231.75,893.65
157.14,-225.40,939.68
206.35,-180.95,887.30
182.54,-147.62,887.30
284.13,-103.17,939.68
306.35,-50.79,895.24
200.00,-4.76,947.62
204.76,6.35,941.27
150.79,1.59,942.86
101.59,26.98,990.48
123.81,26.98,965.08
74.60,26.98,988.89
107.94,-20.64,1014.29
122.22,-20.64,1011.11
101.59,-26.98,966.67
122.22,-49.21,969.84
77.78,-52.38,968.25
149.21,-68.25,1012.70
-,-,-
73.02,-280.95,1657.14
-17.46,-128.57,949.21
26.98,-155.56,961.90
73.02,-203.17,893.65
122.22,-180.95,1044.44
173.02,-174.60,968.25
307.94,-195.24,936.51
338.10,-146.03,873.02
306.35,-46.03,911.11
311.11,6.35,869.84
226.98,85.71,911.11
257.14,125.40,892.06
104.76,226.98,966.67
104.76,252.38,915.87
57.14,261.90,988.89
-50.79,234.92,1015.87
-30.16,182.54,1069.84
-25.40,104.76,1019.05
3.17,-106.35,1111.11
25.40,-98.41,1120.63
-46.03,-122.22,939.68
31.75,-171.43,1095.24
30.16,-195.24,963.49
6.35,-182.54,987.30
58.73,-249.21,946.03
49.21,-231.75,915.87
134.92,-226.98,911.11
160.32,-195.24,944.44
225.40,-180.95,992.06
211.11,-153.97,939.68
198.41,-98.41,917.46
253.97,-201.59,896.83
185.71,-1.59,912.70
152.38,4.76,920.64
249.21,25.40,920.64
128.57,76.19,965.08
133.33,69.84,1012.70
133.33,26.98,1017.46
