-,-,-
31.7,-406.3,1496.8
-147.6,-207.9,938.1
-253.9,-101.5,1112.7
-374.6,-176.1,1020.6
-526.9,-280.9,1065.0
-549.2,-452.3,1071.4
-485.7,-604.7,811.1
-426.9,-684.1,790.4
-96.8,-731.7,720.6
33.3,-790.4,836.5
334.9,-636.5,961.9
306.3,-538.1,944.4
149.2,-407.9,998.4
249.2,-153.9,1114.2
301.5,-53.9,1144.4
155.5,-23.8,1271.4
50.7,-3.1,1431.7
-403.1,-79.3,1355.5
-560.3,-47.6,1098.4
-282.5,-74.6,1015.8
-487.3,-246.0,1061.9
-355.5,-301.5,1120.6
-660.3,-436.5,1220.6
-374.6,-511.1,1066.6
-511.1,-611.1,1317.4
-,-,-
-155.5,-506.3,1496.8
-326.9,-255.5,1012.7
-352.3,-306.3,987.3
-279.3,-352.3,965.0
-331.7,-447.6,965.0
-279.3,-504.7,915.8
-182.5,-504.7,896.8
-201.5,-500.0,941.2
80.9,-358.7,865.0
57.1,-331.7,898.4
160.3,-298.4,936.5
230.1,-226.9,995.2
249.2,-157.1,1087.3
334.9,-76.1,1293.6
57.1,-20.6,1369.8
-169.8,-47.6,1346.0
-509.5,-52.3,1268.2
-679.3,-258.7,1293.6
-482.5,-117.4,1111.1
-228.5,-28.5,838.1
-484.1,-249.2,914.2
-526.9,-347.6,860.3
-531.7,-457.1,898.4
-301.5,-480.9,893.6
-,-,-
49.2,-361.9,1550.7
-180.9,-157.1,944.4
-246.0,-231.7,988.8
-257.1,-300.0,1017.4
-284.1,-350.7,911.1
-295.2,-426.9,871.4
-147.6,-482.5,942.8
49.2,-474.6,912.7
-23.8,-449.2,944.4
74.6,-331.7,968.2
153.9,-233.3,895.2
80.9,-200.0,965.0
160.3,-104.7,1046.0
30.1,-174.6,1047.6
180.9,-49.2,1100.0
128.5,-201.5,1246.0
-53.9,-22.2,1265.0
-226.9,31.7,1225.4
-498.4,106.3,1119.0
-282.5,98.4,1036.5
-558.7,-128.5,1149.2
-485.7,-180.9,887.3
-653.9,-434.9,947.6
-474.6,-507.9,787.3
365.0,-428.5,923.8
223.8,-552.3,1041.2
-,-,-
-30.1,-473.0,1446.0
-200.0,-182.5,966.6
-255.5,-282.5,914.2
-284.1,-349.2,971.4
-274.6,-407.9,996.8
-231.7,-484.1,893.6
-19.0,-458.7,869.8
-22.2,-480.9,895.2
176.1,-349.2,922.2
133.3,-257.1,961.9
-28.5,-273.0,996.8
226.9,-103.1,936.5
-76.1,-230.1,990.4
84.1,-128.5,1047.6
34.9,-96.8,1090.4
258.7,4.7,1219.0
-53.9,-44.4,1377.7
-96.8,57.1,1200.0
-400.0,30.1,1093.6
-350.7,50.7,961.9
-484.1,-104.7,1017.4
-455.5,-103.1,944.4
-303.1,-225.4,1012.7
-482.5,-307.9,961.9
-330.1,-503.1,760.3
-,-,-
-26.9,-460.3,1557.1
-300.0,-223.8,1012.7
-331.7,-298.4,919.0
-328.5,-385.7,942.8
-282.5,-474.6,911.1
-28.5,-512.7,868.2
-3.1,-501.5,936.5
161.9,-384.1,1015.8
79.3,-330.1,944.4
76.1,-282.5,1012.7
34.9,-273.0,939.6
-74.6,-298.4,1122.2
230.1,-79.3,1044.4
3.1,-149.2,1112.7
130.1,-41.2,1085.7
133.3,-1.5,1169.8
-52.3,-1.5,1123.8
-201.5,126.9,1168.2
-309.5,106.3,1071.4
-498.4,31.7,963.4
-220.6,52.3,1068.2
-636.5,-128.5,1088.8
-863.4,-460.3,1141.2
-739.6,-501.5,1063.4
-,-,-
3.1,-407.9,1546.0
-226.9,-250.7,1012.7
-209.5,-326.9,961.9
-207.9,-334.9,946.0
-195.2,-431.7,946.0
-157.1,-458.7,911.1
-106.3,-509.5,973.0
1.5,-452.3,814.2
58.7,-373.0,885.7
234.9,-273.0,863.4
57.1,-274.6,1042.8
185.7,-201.5,1068.2
111.1,-169.8,1100.0
255.5,-20.6,1066.6
260.3,-3.1,1176.1
201.5,49.2,1190.4
-79.3,-176.1,1495.2
-434.9,-92.0,1326.9
-322.2,150.7,993.6
-280.9,233.3,733.3
-269.8,153.9,863.4
-476.1,74.6,819.0
-301.5,-106.3,863.4
-626.9,-376.1,1115.8
-612.7,-536.5,944.4
-423.8,-536.5,1090.4
-,-,-
-77.7,-306.3,1604.7
-326.9,-150.7,995.2
-331.7,-179.3,985.7
-280.9,-226.9,961.9
-253.9,-301.5,960.3
-150.7,-301.5,965.0
-106.3,-347.6,961.9
-23.8,-347.6,990.4
46.0,-352.3,919.0
1.5,-377.7,917.4
171.4,-252.3,884.1
55.5,-300.0,988.8
176.1,-149.2,1017.4
125.4,-117.4,974.6
287.3,7.9,1163.4
303.1,149.2,1225.4
228.5,134.9,1244.4
-71.4,77.7,1328.5
-307.9,107.9,1193.6
-461.9,74.6,1144.4
-431.7,147.6,987.3
-326.9,49.2,1017.4
-511.1,-122.2,1038.1
-385.7,-203.1,888.8
-661.9,-384.1,868.2
-450.7,-476.1,822.2
-377.7,-485.7,846.0
176.1,-304.7,960.3
-,-,-
-42.8,-512.7,1495.2
-198.4,-398.4,969.8
-274.6,-511.1,912.7
-230.1,-536.5,920.6
173.0,-403.1,963.4
82.5,-377.7,992.0
236.5,-246.0,1120.6
306.3,-120.6,1123.8
185.7,-68.2,1088.8
157.1,-68.2,1019.0
77.7,-69.8,1022.2
52.3,-50.7,1125.4
-201.5,-73.0,1171.4
-226.9,33.3,1063.4
-326.9,-1.5,1117.4
-373.0,-28.5,996.8
-347.6,-74.6,993.6
-450.7,-179.3,915.8
-260.3,-95.2,861.9
-282.5,-147.6,942.8
-349.2,-201.5,987.3
-247.6,-231.7,1042.8
-323.8,-258.7,961.9
-123.8,-273.0,990.4
-149.2,-328.5,1019.0
-149.2,-309.5,922.2
247.6,-257.1,1038.1
-,-,-
-1.5,-425.4,1552.3
-328.5,-123.8,885.7
-484.1,-322.2,1009.5
-350.7,-282.5,941.2
-306.3,-374.6,993.6
-77.7,-350.7,912.7
31.7,-346.0,968.2
149.2,-304.7,1019.0
73.0,-304.7,965.0
128.5,-247.6,1012.7
180.9,-182.5,1074.6
488.8,31.7,1020.6
403.1,179.3,1085.7
438.1,250.7,1173.0
311.1,282.5,1225.4
-107.9,150.7,1301.5
-331.7,104.7,1138.1
-222.2,73.0,1073.0
-534.9,-126.9,1050.7
-326.9,-28.5,987.3
-452.3,-146.0,934.9
-533.3,-252.3,992.0
-247.6,-225.4,1019.0
-453.9,-384.1,1041.2
-153.9,-347.6,885.7
-231.7,-349.2,947.6
28.5,-252.3,895.2
-,-,-
-46.0,-482.5,1598.4
-387.3,-431.7,992.0
-277.7,-479.3,961.9
-103.1,-474.6,892.0
101.5,-431.7,920.6
330.1,-282.5,1047.6
304.7,-146.0,992.0
126.9,-128.5,992.0
177.7,-101.5,998.4
73.0,-174.6,1038.1
96.8,-71.4,993.6
30.1,1.5,1041.2
77.7,-23.8,1147.6
80.9,22.2,1166.6
131.7,26.9,1200.0
-50.7,50.7,1122.2
-204.7,0.0,1088.8
-485.7,-25.4,1093.6
-482.5,-3.1,912.7
-531.7,-52.3,969.8
-511.1,-3.1,885.7
-449.2,-123.8,1047.6
-434.9,-182.5,1020.6
-44.4,-303.1,1046.0
-126.9,-479.3,1073.0
-,-,-
-101.5,-450.7,1406.3
-220.6,-193.6,966.6
-296.8,-250.7,990.4
-274.6,-284.1,996.8
-206.3,-307.9,942.8
-146.0,-350.7,912.7
7.9,-350.7,911.1
28.5,-330.1,895.2
123.8,-323.8,990.4
107.9,-322.2,963.4
106.3,-331.7,1069.8
134.9,-207.9,985.7
153.9,-106.3,998.4
253.9,-47.6,1046.0
250.7,-6.3,1114.2
153.9,25.4,1074.6
255.5,74.6,1046.0
203.1,107.9,1061.9
103.1,131.7,1117.4
-147.6,149.2,1096.8
-228.5,155.5,1171.4
-376.1,131.7,1071.4
-282.5,107.9,893.6
-531.7,-52.3,1012.7
-353.9,-128.5,1020.6
-563.4,-325.4,1100.0
-326.9,-273.0,893.6
9.5,-276.1,1042.8
-,-,-
-30.1,-355.5,1476.1
-303.1,-182.5,987.3
-274.6,-220.6,992.0
-207.9,-226.9,947.6
-149.2,-280.9,973.0
-55.5,-300.0,1038.1
47.6,-301.5,990.4
-19.0,-280.9,942.8
57.1,-279.3,963.4
30.1,-279.3,944.4
58.7,-274.6,1047.6
-28.5,-304.7,1020.6
84.1,-177.7,914.2
30.1,-226.9,998.4
82.5,-146.0,947.6
149.2,-71.4,1046.0
206.3,-3.1,984.1
136.5,57.1,1173.0
30.1,100.0,1193.6
-95.2,146.0,1146.0
-433.3,50.7,1222.2
-377.7,123.8,968.2
-304.7,-1.5,1063.4
-500.0,-77.7,1017.4
-247.6,-98.4,936.5
-528.5,-301.5,1046.0
-428.5,-257.1,844.4
-328.5,-303.1,958.7
-,-,-
-92.0,-303.1,1430.1
-226.9,-53.9,965.0
-534.9,-103.1,1012.7
-307.9,-144.4,987.3
-304.7,-220.6,968.2
-228.5,-247.6,915.8
-179.3,-307.9,985.7
30.1,-276.1,971.4
-74.6,-328.5,885.7
100.0,-306.3,1020.6
53.9,-323.8,922.2
207.9,-257.1,1061.9
134.9,-279.3,1038.1
130.1,-231.7,1019.0
201.5,-144.4,969.8
122.2,-120.6,911.1
200.0,-55.5,1036.5
280.9,20.6,1049.2
206.3,26.9,1141.2
122.2,55.5,1203.1
-3.1,77.7,1174.6
-374.6,30.1,1217.4
-282.5,136.5,1076.1
-226.9,76.1,1022.2
-406.3,-26.9,1014.2
-95.2,104.7,842.8
-331.7,-176.1,936.5
-373.0,-300.0,1041.2
-425.4,-428.5,1176.1
-333.3,-403.1,1065.0
-95.2,-382.5,1115.8
-,-,-
-147.6,-380.9,1525.4
-258.7,-98.4,965.0
-276.1,-150.7,998.4
-280.9,-204.7,946.0
-255.5,-282.5,922.2
-130.1,-306.3,973.0
-50.7,-325.4,893.6
182.5,-258.7,1065.0
155.5,-258.7,911.1
55.5,-300.0,990.4
209.5,-250.7,942.8
-22.2,-304.7,898.4
122.2,-231.7,993.6
184.1,-153.9,996.8
207.9,-44.4,1063.4
353.9,23.8,1115.8
309.5,1.5,1041.2
236.5,-23.8,985.7
20.6,-71.4,1092.0
4.7,57.1,1165.0
-193.6,74.6,1141.2
-249.2,106.3,1139.6
-204.7,55.5,1023.8
-198.4,-17.4,1112.7
-246.0,-79.3,917.4
-231.7,-125.4,971.4
-357.1,-176.1,1100.0
-282.5,-276.1,922.2
-107.9,-406.3,1084.1
-307.9,-333.3,939.6
3.1,-249.2,844.4
-,-,-
-95.2,-269.8,1419.0
-255.5,-80.9,965.0
-301.5,-207.9,1020.6
-334.9,-306.3,1036.5
-231.7,-333.3,987.3
-49.2,-355.5,947.6
47.6,-401.5,993.6
177.7,-280.9,1014.2
177.7,-252.3,890.4
74.6,-247.6,865.0
107.9,-222.2,914.2
173.0,-223.8,1012.7
149.2,-98.4,985.7
130.1,-93.6,1044.4
155.5,-53.9,1047.6
276.1,-22.2,1096.8
73.0,-47.6,1112.7
126.9,-20.6,1114.2
74.6,1.5,1123.8
136.5,106.3,1073.0
-69.8,-50.7,1203.1
-377.7,-22.2,1141.2
-269.8,22.2,974.6
-276.1,-25.4,1068.2
-228.5,-103.1,998.4
-271.4,-146.0,1025.4
-331.7,-380.9,1165.0
-406.3,-430.1,1126.9
-,-,-
-28.5,-358.7,1477.7
-246.0,-96.8,949.2
-273.0,-93.6,984.1
-246.0,-155.5,985.7
-282.5,-325.4,987.3
-206.3,-404.7,993.6
-44.4,-380.9,1065.0
53.9,-350.7,917.4
74.6,-326.9,912.7
106.3,-296.8,923.8
134.9,-228.5,961.9
128.5,-201.5,987.3
200.0,-96.8,973.0
125.4,-177.7,990.4
180.9,-131.7,987.3
226.9,-173.0,1100.0
301.5,-46.0,1066.6
250.7,-22.2,1071.4
230.1,149.2,998.4
226.9,133.3,1061.9
101.5,155.5,1177.7
-104.7,149.2,1144.4
-231.7,9.5,1271.4
-430.1,47.6,1092.0
-204.7,57.1,995.2
-503.1,-22.2,1020.6
-347.6,-93.6,838.1
-304.7,-249.2,1098.4
-,-,-
71.4,-407.9,1571.4
-144.4,-42.8,961.9
-155.5,-106.3,988.8
-200.0,-122.2,995.2
-252.3,-193.6,971.4
-198.4,-233.3,984.1
-125.4,-246.0,1012.7
-123.8,-258.7,985.7
0.0,-276.1,915.8
52.3,-282.5,963.4
179.3,-271.4,995.2
57.1,-309.5,939.6
184.1,-280.9,1017.4
149.2,-220.6,988.8
123.8,-179.3,1049.2
284.1,-52.3,995.2
326.9,-19.0,1087.3
409.5,100.0,961.9
314.2,100.0,915.8
358.7,125.4,922.2
230.1,128.5,1071.4
230.1,228.5,1250.7
28.5,247.6,1203.1
-377.7,131.7,1292.0
-206.3,103.1,1074.6
-479.3,-50.7,1119.0
-476.1,-69.8,971.4
-304.7,-122.2,966.6
-457.1,-249.2,882.5
-307.9,-298.4,987.3
-231.7,-355.5,988.8
-,-,-
-52.3,-352.3,1546.0
-274.6,-126.9,993.6
-358.7,-153.9,1011.1
-330.1,-203.1,1015.8
-284.1,-246.0,990.4
-171.4,-233.3,919.0
-25.4,-276.1,971.4
-74.6,-323.8,912.7
-42.8,-384.1,934.9
31.7,-387.3,988.8
223.8,-280.9,1039.6
180.9,-204.7,990.4
-104.7,-282.5,939.6
176.1,-146.0,938.1
44.4,-95.2,946.0
261.9,-3.1,992.0
103.1,49.2,1039.6
330.1,128.5,971.4
55.5,26.9,1226.9
204.7,155.5,1088.8
101.5,-1.5,1150.7
47.6,1.5,1171.4
82.5,104.7,1114.2
-104.7,25.4,1169.8
-334.9,52.3,1074.6
-406.3,3.1,1019.0
-525.4,-52.3,1012.7
-450.7,-73.0,833.3
-476.1,-350.7,1203.1
-638.1,-358.7,1011.1
-,-,-
53.9,-350.7,1553.9
-231.7,-69.8,987.3
-306.3,-168.2,1069.8
-252.3,-258.7,1047.6
-198.4,-255.5,995.2
-98.4,-322.2,941.2
-26.9,-377.7,893.6
20.6,-374.6,917.4
96.8,-400.0,871.4
123.8,-425.4,963.4
204.7,-352.3,973.0
160.3,-330.1,992.0
314.2,-206.3,996.8
257.1,-176.1,1063.4
330.1,-17.4,1025.4
357.1,26.9,1050.7
236.5,60.3,961.9
276.1,60.3,993.6
201.5,73.0,1117.4
82.5,122.2,1190.4
-195.2,60.3,1323.8
-401.5,-201.5,1225.4
-230.1,100.0,1015.8
-455.5,-79.3,1112.7
-404.7,-106.3,1036.5
-382.5,-200.0,1065.0
-347.6,-249.2,1049.2
-277.7,-323.8,973.0
-179.3,-352.3,968.2
50.7,-282.5,869.8
-,-,-
-53.9,-347.6,1528.5
-358.7,-95.2,984.1
-252.3,-104.7,968.2
-280.9,-180.9,1011.1
-249.2,-231.7,965.0
-155.5,-225.4,960.3
-95.2,-250.7,941.2
-119.0,-307.9,941.2
1.5,-307.9,969.8
4.7,-382.5,941.2
57.1,-379.3,917.4
76.1,-400.0,995.2
128.5,-223.8,961.9
226.9,-149.2,1020.6
338.1,-180.9,971.4
333.3,153.9,988.8
352.3,160.3,1049.2
274.6,230.1,1093.6
133.3,207.9,1273.0
46.0,263.4,1147.6
-26.9,209.5,1074.6
-260.3,174.6,1120.6
-374.6,96.8,1038.1
-474.6,22.2,1100.0
-606.3,-69.8,993.6
-531.7,-155.5,1061.9
-739.6,-300.0,942.8
-,-,-
-179.3,-330.1,1477.7
-258.7,-171.4,914.2
-280.9,-276.1,1019.0
-220.6,-300.0,1047.6
-104.7,-323.8,1014.2
9.5,-273.0,965.0
7.9,-309.5,966.6
179.3,-250.7,912.7
155.5,-273.0,938.1
236.5,-223.8,971.4
304.7,-119.0,968.2
198.4,-77.7,1022.2
180.9,3.1,1036.5
177.7,25.4,1049.2
200.0,98.4,1066.6
250.7,126.9,1142.8
55.5,-31.7,1220.6
-1.5,-28.5,1169.8
-49.2,71.4,1092.0
-46.0,106.3,1074.6
-207.9,52.3,1150.7
-280.9,101.5,960.3
-247.6,-1.5,934.9
-511.1,-98.4,942.8
-430.1,-104.7,885.7
-531.7,-196.8,973.0
-396.8,-204.7,909.5
-396.8,-307.9,969.8
-,-,-
-55.5,-357.1,1546.0
-231.7,-103.1,1017.4
-280.9,-152.3,992.0
-333.3,-298.4,1011.1
-255.5,-311.1,965.0
-103.1,-307.9,961.9
23.8,-307.9,960.3
73.0,-274.6,911.1
128.5,-231.7,920.6
120.6,-273.0,1020.6
158.7,-201.5,912.7
282.5,-93.6,896.8
279.3,-44.4,947.6
304.7,101.5,1015.8
204.7,55.5,1088.8
287.3,103.1,1038.1
180.9,76.1,1139.6
230.1,179.3,1085.7
128.5,73.0,1217.4
-44.4,-3.1,1250.7
-307.9,-22.2,1253.9
-377.7,57.1,1092.0
-349.2,46.0,1022.2
-528.5,-28.5,934.9
-274.6,-68.2,985.7
-426.9,-179.3,969.8
-322.2,-325.4,1020.6
-106.3,-352.3,1014.2
-,-,-
57.1,-277.7,1650.7
-222.2,-53.9,1038.1
-250.7,-168.2,1038.1
-276.1,-284.1,1044.4
-249.2,-376.1,987.3
-152.3,-374.6,911.1
-47.6,-361.9,893.6
-44.4,-398.4,863.4
182.5,-303.1,942.8
176.1,-323.8,865.0
55.5,-450.7,1049.2
152.3,-361.9,920.6
250.7,-322.2,1092.0
403.1,-196.8,1014.2
261.9,-126.9,1017.4
450.7,53.9,936.5
263.4,-22.2,1017.4
358.7,49.2,966.6
352.3,-22.2,1092.0
206.3,1.5,1200.0
107.9,77.7,1225.4
-98.4,-26.9,1347.6
-231.7,82.5,1190.4
-271.4,82.5,1138.1
-473.0,4.7,1068.2
-760.3,-274.6,1087.3
-685.7,-301.5,1039.6
-534.9,-384.1,1020.6
-257.1,-350.7,817.4
206.3,-352.3,861.9
-,-,-
-22.2,-382.5,1571.4
-252.3,-107.9,966.6
-246.0,-130.1,1015.8
-276.1,-233.3,987.3
-220.6,-282.5,941.2
-180.9,-331.7,939.6
-103.1,-328.5,946.0
-26.9,-303.1,865.0
28.5,-296.8,942.8
46.0,-279.3,988.8
101.5,-253.9,1069.8
22.2,-155.5,971.4
273.0,-20.6,966.6
176.1,-50.7,1019.0
255.5,-101.5,1350.7
-382.5,-144.4,1444.4
352.3,307.9,692.0
353.9,260.3,515.8
309.5,128.5,936.5
28.5,23.8,1269.8
-119.0,4.7,1455.5
-309.5,31.7,1339.6
-249.2,103.1,1034.9
-250.7,26.9,995.2
-484.1,-22.2,971.4
-430.1,-79.3,1068.2
-601.5,-168.2,1042.8
-538.1,-296.8,1012.7
-300.0,-331.7,947.6
-247.6,-426.9,1014.2
-,-,-
-98.4,-382.5,1531.7
-258.7,-144.4,1038.1
-326.9,-200.0,996.8
-231.7,-176.1,969.8
-361.9,-231.7,966.6
0.0,-223.8,966.6
-126.9,-301.5,917.4
50.7,-226.9,912.7
49.2,-252.3,915.8
-26.9,-306.3,898.4
261.9,-125.4,923.8
328.5,-71.4,1047.6
387.3,7.9,1069.8
311.1,25.4,1039.6
311.1,131.7,1036.5
252.3,149.2,1195.2
185.7,182.5,1241.2
23.8,176.1,1176.1
-253.9,123.8,1250.7
-525.4,131.7,1166.6
-374.6,155.5,1042.8
-477.7,50.7,1095.2
-379.3,-26.9,987.3
-585.7,-226.9,1069.8
-588.8,-276.1,896.8
-425.4,-357.1,934.9
-,-,-
69.8,-203.1,1400.0
-280.9,-1.5,961.9
-276.1,-93.6,969.8
-325.4,-169.8,892.0
-307.9,-300.0,944.4
-174.6,-346.0,988.8
57.1,-284.1,973.0
50.7,-325.4,960.3
153.9,-274.6,995.2
177.7,-261.9,1014.2
0.0,-333.3,1073.0
177.7,-196.8,1022.2
76.1,-155.5,1041.2
279.3,-20.6,966.6
209.5,52.3,1011.1
285.7,134.9,1068.2
157.1,107.9,1095.2
258.7,128.5,1125.4
6.3,76.1,1219.0
-201.5,80.9,1065.0
-398.4,22.2,1219.0
-557.1,49.2,1071.4
-422.2,73.0,996.8
-536.5,6.3,941.2
-473.0,-28.5,973.0
-503.1,-104.7,966.6
-611.1,-350.7,965.0
-379.3,-426.9,1012.7
-379.3,-555.5,939.6
-,-,-
-125.4,-353.9,1403.1
-231.7,-176.1,922.2
-230.1,-276.1,963.4
-303.1,-355.5,988.8
-204.7,-374.6,942.8
-152.3,-357.1,922.2
-44.4,-307.9,919.0
58.7,-234.9,944.4
155.5,-182.5,1020.6
184.1,-173.0,938.1
126.9,-150.7,961.9
82.5,-131.7,968.2
3.1,-168.2,1044.4
200.0,-19.0,987.3
77.7,-20.6,1022.2
238.1,80.9,1047.6
152.3,73.0,1047.6
180.9,157.1,1146.0
158.7,173.0,1222.2
-23.8,146.0,1241.2
-153.9,106.3,1144.4
-401.5,98.4,1065.0
-206.3,74.6,896.8
-457.1,-28.5,939.6
-434.9,1.5,793.6
-282.5,-180.9,939.6
-480.9,-257.1,1012.7
-282.5,-373.0,961.9
-485.7,-530.1,971.4
-177.7,-425.4,912.7
301.5,-250.7,915.8
200.0,-225.4,992.0
-,-,-
-47.6,-180.9,1368.2
-330.1,-120.6,936.5
-349.2,-173.0,934.9
-326.9,-196.8,919.0
-384.1,-296.8,942.8
-349.2,-380.9,893.6
-280.9,-430.1,868.2
-250.7,-536.5,914.2
-19.0,-433.3,963.4
226.9,-307.9,1000.0
307.9,-231.7,892.0
252.3,-201.5,838.1
433.3,-119.0,965.0
231.7,-106.3,1014.2
403.1,3.1,1092.0
460.3,123.8,1244.4
180.9,47.6,1271.4
280.9,101.5,1163.4
-119.0,96.8,1290.4
-279.3,-274.6,1526.9
-582.5,-231.7,1295.2
-509.5,4.7,966.6
-423.8,4.7,1011.1
-536.5,-106.3,842.8
-477.7,-200.0,860.3
-433.3,-220.6,836.5
-528.5,-325.4,760.3
-373.0,-379.3,846.0
-152.3,-377.7,939.6
-,-,-
7.9,-525.4,1598.4
-131.7,-200.0,985.7
-225.4,-304.7,965.0
-171.4,-306.3,887.3
-228.5,-373.0,896.8
-25.4,-307.9,1011.1
-168.2,-501.5,1114.2
33.3,-379.3,947.6
58.7,-379.3,869.8
160.3,-279.3,836.5
355.5,-153.9,1038.1
279.3,-23.8,911.1
250.7,3.1,992.0
128.5,-17.4,1019.0
207.9,0.0,1044.4
276.1,30.1,1174.6
34.9,-23.8,1114.2
155.5,49.2,1115.8
30.1,-41.2,1166.6
-249.2,-47.6,1195.2
-223.8,-1.5,995.2
-422.2,-147.6,1203.1
-326.9,-76.1,1141.2
-176.1,-53.9,971.4
-582.5,-255.5,969.8
-330.1,-247.6,988.8
-663.4,-428.5,1022.2
-,-,-
-49.2,-326.9,1426.9
-228.5,-169.8,912.7
-196.8,-146.0,968.2
-198.4,-158.7,966.6
-222.2,-209.5,966.6
-198.4,-201.5,987.3
-169.8,-223.8,938.1
-123.8,-225.4,992.0
-120.6,-253.9,941.2
-79.3,-255.5,992.0
31.7,-228.5,917.4
-20.6,-252.3,1023.8
50.7,-226.9,1044.4
122.2,-204.7,968.2
47.6,-200.0,988.8
223.8,-171.4,1038.1
177.7,-55.5,968.2
236.5,-17.4,971.4
223.8,50.7,917.4
200.0,30.1,947.6
77.7,-55.5,1165.0
-42.8,-26.9,1125.4
20.6,-1.5,1223.8
-253.9,28.5,1173.0
-274.6,-50.7,1279.3
-614.2,-71.4,1139.6
-453.9,26.9,815.8
-530.1,-47.6,942.8
-401.5,-46.0,839.6
-401.5,-193.6,888.8
-500.0,-300.0,942.8
-222.2,-301.5,942.8
-,-,-
-96.8,-325.4,1449.2
-253.9,-77.7,949.2
-306.3,-149.2,963.4
-276.1,-176.1,947.6
-247.6,-179.3,961.9
-157.1,-233.3,968.2
-228.5,-277.7,941.2
-101.5,-271.4,911.1
-80.9,-298.4,934.9
-122.2,-361.9,993.6
74.6,-276.1,973.0
47.6,-277.7,966.6
134.9,-269.8,987.3
203.1,-230.1,941.2
31.7,-298.4,1015.8
361.9,-171.4,1038.1
157.1,-174.6,1046.0
328.5,-42.8,1069.8
131.7,-44.4,992.0
225.4,9.5,1019.0
282.5,-146.0,1009.5
-69.8,33.3,1198.4
-80.9,50.7,1246.0
-580.9,-131.7,1238.1
-550.7,-76.1,1068.2
-476.1,-93.6,1074.6
-658.7,-93.6,941.2
-457.1,-123.8,985.7
-584.1,-379.3,1215.8
-249.2,-274.6,942.8
-230.1,-500.0,1012.7
-,-,-
-68.2,-273.0,1373.0
-309.5,-52.3,914.2
-376.1,-147.6,914.2
-357.1,-176.1,939.6
-331.7,-219.0,971.4
-200.0,-207.9,946.0
-203.1,-274.6,936.5
-130.1,-323.8,995.2
-101.5,-374.6,923.8
-22.2,-371.4,885.7
82.5,-382.5,934.9
157.1,-352.3,996.8
333.3,-249.2,884.1
147.6,-322.2,1022.2
352.3,-93.6,915.8
228.5,-155.5,1142.8
258.7,-22.2,1073.0
284.1,60.3,1174.6
103.1,-6.3,1173.0
58.7,-20.6,1098.4
-79.3,-128.5,1149.2
-174.6,-103.1,1138.1
-296.8,-117.4,1114.2
-536.5,-101.5,1095.2
-553.9,77.7,865.0
-533.3,-20.6,1066.6
-626.9,-42.8,844.4
-328.5,-22.2,787.3
-373.0,-176.1,846.0
-298.4,-384.1,939.6
-,-,-
-201.5,-458.7,1573.0
-253.9,-119.0,947.6
-279.3,-206.3,992.0
-228.5,-276.1,966.6
-198.4,-298.4,909.5
-93.6,-349.2,866.6
-47.6,-355.5,887.3
79.3,-306.3,884.1
58.7,-355.5,915.8
180.9,-284.1,934.9
136.5,-307.9,941.2
173.0,-257.1,1020.6
209.5,-206.3,1020.6
206.3,-173.0,1125.4
155.5,-155.5,1253.9
173.0,-69.8,1092.0
258.7,1.5,888.8
274.6,7.9,987.3
104.7,30.1,988.8
365.0,52.3,1146.0
-53.9,6.3,1250.7
-200.0,52.3,1163.4
-452.3,25.4,1166.6
-461.9,103.1,988.8
-423.8,71.4,936.5
-384.1,6.3,898.4
-333.3,-26.9,919.0
-250.7,-126.9,942.8
-206.3,-219.0,1023.8
-282.5,-253.9,895.2
-279.3,-400.0,946.0
-122.2,-334.9,961.9
-,-,-
-147.6,-247.6,1403.1
-277.7,-30.1,968.2
-280.9,-79.3,944.4
-357.1,-204.7,968.2
-249.2,-253.9,939.6
-147.6,-247.6,946.0
-46.0,-284.1,1015.8
-122.2,-358.7,896.8
76.1,-277.7,965.0
26.9,-326.9,819.0
-53.9,-349.2,919.0
174.6,-257.1,960.3
101.5,-306.3,969.8
182.5,-247.6,992.0
257.1,-206.3,1149.2
352.3,-25.4,1119.0
336.5,6.3,1069.8
198.4,57.1,960.3
79.3,-20.6,1115.8
-3.1,-25.4,1139.6
-74.6,4.7,1087.3
-226.9,0.0,1122.2
-355.5,28.5,1144.4
-400.0,52.3,1015.8
-376.1,-46.0,1114.2
-476.1,-53.9,949.2
-252.3,-30.1,858.7
-601.5,-258.7,941.2
-507.9,-253.9,784.1
-307.9,-385.7,1049.2
-103.1,-350.7,973.0
252.3,-230.1,968.2
-,-,-
-301.5,-155.5,1430.1
-347.6,31.7,920.6
-480.9,-50.7,941.2
-655.5,-255.5,868.2
-779.3,-538.1,919.0
-541.2,-611.1,895.2
-430.1,-704.7,834.9
-203.1,-755.5,790.4
180.9,-765.0,938.1
433.3,-634.9,993.6
276.1,-476.1,1065.0
615.8,-179.3,1117.4
587.3,-30.1,1201.5
617.4,122.2,1177.7
434.9,47.6,1317.4
-15.8,-71.4,1250.7
-477.7,-28.5,1195.2
-482.5,71.4,1203.1
-384.1,-57.1,1119.0
-807.9,-223.8,1087.3
-298.4,-131.7,895.2
-809.5,-377.7,1017.4
-565.0,-382.5,847.6
-,-,-
-273.0,-449.2,1496.8
-257.1,-125.4,990.4
-376.1,-223.8,1019.0
-403.1,-333.3,966.6
-455.5,-455.5,915.8
-252.3,-533.3,841.2
-223.8,-612.7,960.3
198.4,-526.9,987.3
100.0,-555.5,917.4
282.5,-458.7,1015.8
404.7,-304.7,920.6
257.1,-250.7,973.0
357.1,-128.5,992.0
388.8,-73.0,1023.8
504.7,3.1,1038.1
533.3,-1.5,1114.2
233.3,4.7,1115.8
126.9,73.0,1241.2
-230.1,34.9,1219.0
-550.7,53.9,1242.8
-538.1,23.8,1119.0
-560.3,-73.0,1071.4
-603.1,-153.9,1019.0
-426.9,-220.6,1069.8
-506.3,-303.1,942.8
-104.7,-380.9,884.1
-,-,-
-176.1,-323.8,1423.8
-323.8,-106.3,984.1
-333.3,-153.9,998.4
-485.7,-255.5,1034.9
-511.1,-360.3,941.2
-485.7,-482.5,892.0
-271.4,-480.9,911.1
-101.5,-485.7,966.6
-44.4,-536.5,915.8
123.8,-539.6,923.8
150.7,-552.3,888.8
336.5,-433.3,985.7
338.1,-384.1,965.0
277.7,-355.5,1088.8
285.7,-233.3,969.8
284.1,-98.4,996.8
466.6,179.3,1073.0
458.7,279.3,1174.6
249.2,157.1,1192.0
-200.0,58.7,1266.6
-350.7,109.5,1225.4
-557.1,52.3,1173.0
-385.7,-3.1,1092.0
-631.7,-152.3,1088.8
-552.3,-149.2,915.8
-536.5,-282.5,1068.2
-584.1,-300.0,844.4
-196.8,-330.1,834.9
-403.1,-461.9,963.4
