-,-,-
403.2,-589.4,542.9
524.9,-556.6,628.6
572.5,-492.1,712.2
596.8,-420.1,779.9
577.8,-336.5,812.7
523.8,-238.1,795.8
474.1,-151.3,742.9
421.2,-80.4,658.2
393.7, 0.0,577.8
387.3,50.8,523.8
402.1,89.9,475.1
456.1,102.6,444.4
505.8,121.7,461.4
506.9,150.3,473.0
458.2,224.3,459.3
372.5,352.4,455.0
274.1,442.3,437.0
207.4,527.0,444.4
154.5,560.8,442.3
136.5,591.5,475.1
151.3,596.8,522.8
172.5,596.8,595.8
154.5,590.5,663.5
89.9,613.8,698.4
 3.2,660.3,697.4
-84.7,693.1,696.3
-132.3,694.2,709.0
-187.3,648.7,732.3
-198.9,609.5,785.2
-238.1,556.6,828.6
-270.9,511.1,851.9
-299.5,507.9,880.4
-333.3,496.3,878.3
-350.3,521.7,880.4
-384.1,494.2,869.8
-356.6,427.5,830.7
-337.6,353.4,782.0
-334.4,303.7,766.1
-318.5,242.3,764.0
-270.9,207.4,785.2
-236.0,166.1,815.9
-205.3,106.9,845.5
-197.9,55.0,843.4
-201.1, 3.2,759.8
-216.9,-33.9,680.4
-240.2,-72.0,658.2
-220.1,-102.6,664.6
-203.2,-135.4,698.4
-171.4,-155.6,796.8
-166.1,-186.2,829.6
-103.7,-251.9,796.8
-70.9,-323.8,732.3
-97.4,-353.4,695.2
-152.4,-354.5,647.6
-200.0,-338.6,625.4
-188.4,-320.6,658.2
-173.5,-320.6,712.2
-122.8,-287.8,795.8
-82.5,-320.6,826.5
-29.6,-336.5,743.9
19.0,-387.3,628.6
32.8,-486.8,540.7
20.1,-556.6,506.9
13.8,-556.6,489.9
18.0,-507.9,528.0
16.9,-454.0,578.8
23.3,-384.1,679.4
34.9,-306.9,763.0
47.6,-252.9,785.2
106.9,-306.9,728.0
173.5,-372.5,647.6
236.0,-409.5,574.6
234.9,-418.0,542.9
202.1,-350.3,558.7
155.6,-267.7,588.4
132.3,-168.3,631.7
137.6,-104.8,658.2
173.5,-54.0,714.3
183.1,-44.4,732.3
187.3,-45.5,707.9
218.0,-54.0,649.7
254.0,-54.0,593.7
241.3,-31.7,644.4
226.5,36.0,614.8
189.4,101.6,578.8
121.7,175.7,612.7
88.9,239.2,725.9
72.0,269.8,664.6
102.6,293.1,691.0
-,-,-
166.1,-336.5,712.2
219.0,-339.7,664.6
220.1,-354.5,664.6
256.1,-372.5,694.2
276.2,-371.4,725.9
310.1,-340.7,743.9
337.6,-317.5,728.0
337.6,-284.7,692.1
336.5,-237.0,658.2
345.0,-186.2,628.6
343.9,-167.2,579.9
376.7,-135.4,578.8
402.1,-116.4,595.8
385.2,-65.6,596.8
377.8,-13.8,612.7
392.6,31.7,592.6
372.5,70.9,547.1
324.9,137.6,474.1
291.0,188.4,412.7
275.1,241.3,421.2
276.2,284.7,454.0
292.1,310.1,493.1
285.7,355.6,522.8
256.1,395.8,538.6
233.9,407.4,527.0
189.4,442.3,527.0
117.5,488.9,525.9
70.9,542.9,539.7
36.0,547.1,573.5
 4.2,597.9,643.4
-34.9,593.7,695.2
-50.8,578.8,746.0
-69.8,564.0,750.3
-100.5,557.7,747.1
-153.4,573.5,734.4
-215.9,573.5,723.8
-223.3,538.6,694.2
-233.9,476.2,664.6
-233.9,438.1,656.1
-273.0,410.6,675.1
-318.5,423.3,730.2
-335.4,410.6,795.8
-332.3,459.3,833.9
-305.8,439.2,802.1
-281.5,406.3,743.9
-323.8,353.4,692.1
-337.6,284.7,647.6
-351.3,201.1,640.2
-386.2,107.9,660.3
-367.2,48.7,698.4
-319.6, 2.1,730.2
-251.9,-11.6,760.8
-249.7,-20.1,798.9
-220.1,-18.0,861.4
-216.9,-47.6,877.2
-257.1,-84.7,834.9
-305.8,-114.3,767.2
-306.9,-152.4,715.3
-256.1,-185.2,676.2
-214.8,-220.1,692.1
-102.6,-250.8,783.1
-14.8,-286.8,834.9
56.1,-389.4,847.6
82.5,-460.3,828.6
22.2,-472.0,748.1
-69.8,-442.3,677.2
-116.4,-408.5,606.3
-136.5,-373.5,556.6
-134.4,-305.8,594.7
-64.6,-291.0,747.1
54.0,-349.2,912.2
221.2,-439.2,986.2
339.7,-524.9,896.3
354.5,-587.3,764.0
320.6,-608.5,623.3
251.9,-524.9,563.0
132.3,-402.1,545.0
 3.2,-286.8,460.3
-68.8,-171.4,476.2
-120.6,-64.6,561.9
-47.6,-11.6,711.1
121.7,-83.6,747.1
336.5,-215.9,748.1
421.2,-285.7,696.3
407.4,-306.9,614.8
359.8,-241.3,576.7
287.8,-150.3,581.0
190.5,-47.6,493.1
101.6,18.0,443.4
47.6,97.4,695.2
19.0,122.8,391.5
38.1,172.5,492.1
103.7,218.0,624.3
155.6,216.9,712.2
222.2,206.3,776.7
257.1,172.5,759.8
254.0,122.8,698.4
218.0,154.5,681.5
188.4,168.3,631.7
154.5,150.3,590.5
122.8,175.7,572.5
83.6,170.4,556.6
-,-,-
319.6,-388.4,678.3
406.3,-403.2,712.2
424.3,-392.6,715.3
428.6,-355.6,747.1
421.2,-286.8,761.9
393.7,-220.1,747.1
403.2,-153.4,716.4
405.3,-101.6,677.2
405.3,-49.7,606.3
408.5,-11.6,539.7
421.2,18.0,477.2
409.5,32.8,425.4
424.3,85.7,424.3
404.2,138.6,445.5
356.6,236.0,477.2
300.5,321.7,479.4
270.9,390.5,491.0
223.3,425.4,488.9
170.4,479.4,505.8
136.5,542.9,528.0
68.8,596.8,556.6
 5.3,658.2,596.8
-32.8,679.4,613.8
-63.5,679.4,609.5
-67.7,658.2,595.8
-68.8,643.4,606.3
-98.4,647.6,612.7
-132.3,658.2,658.2
-138.6,628.6,695.2
-166.1,592.6,681.5
-168.3,558.7,677.2
-185.2,522.8,674.1
-203.2,494.2,665.6
-268.8,488.9,648.7
-301.6,460.3,640.2
-323.8,442.3,648.7
-351.3,425.4,691.0
-352.4,371.4,724.9
-340.7,324.9,740.7
-373.5,289.9,732.3
-389.4,254.0,748.1
-371.4,206.3,810.6
-334.4,150.3,862.4
-281.5,104.8,880.4
-216.9,36.0,864.6
-201.1,-32.8,860.3
-219.0,-85.7,867.7
-248.7,-135.4,878.3
-266.7,-189.4,846.6
-251.9,-240.2,811.6
-205.3,-289.9,782.0
-168.3,-336.5,740.7
-97.4,-337.6,782.0
-33.9,-337.6,833.9
49.7,-357.7,880.4
99.5,-420.1,862.4
140.7,-484.7,811.6
116.4,-489.9,732.3
32.8,-472.0,611.6
-33.9,-423.3,557.7
-83.6,-391.5,512.2
-83.6,-339.7,543.9
-44.4,-289.9,678.3
98.4,-318.5,801.1
219.0,-407.4,796.8
286.8,-493.1,745.0
300.5,-507.9,648.7
254.0,-456.1,589.4
167.2,-368.3,539.7
81.5,-282.5,521.7
47.6,-182.0,523.8
56.1,-168.3,664.6
122.8,-115.3,676.2
205.3,-152.4,732.3
306.9,-215.9,746.0
359.8,-232.8,695.2
360.8,-231.7,624.3
337.6,-204.2,236.0
302.6,-168.3,522.8
267.7,-69.8,561.9
174.6,16.9,494.2
119.6,122.8,609.5
104.8,182.0,358.7
150.3,189.4,723.8
189.4,122.8,727.0
274.1,82.5,724.9
309.0,22.2,678.3
284.7,48.7,607.4
222.2,73.0,576.7
201.1,99.5,546.0
133.3,-99.5,579.9
68.8,222.2,614.8
-,-,-
371.4,-403.2,642.3
375.7,-355.6,675.1
421.2,-301.6,681.5
442.3,-237.0,698.4
408.5,-171.4,692.1
410.6,-121.7,658.2
405.3,-65.6,612.7
392.6,-2.1,560.8
406.3,34.9,527.0
423.3,86.8,507.9
408.5,135.4,493.1
392.6,184.1,495.2
352.4,259.3,495.2
300.5,309.0,477.2
259.3,377.8,476.2
185.2,437.0,476.2
140.7,492.1,478.3
99.5,528.0,493.1
86.8,556.6,513.2
66.7,563.0,565.1
46.6,578.8,615.9
15.9,579.9,659.3
-16.9,561.9,660.3
-37.0,547.1,658.2
-85.7,539.7,641.3
-98.4,559.8,648.7
-148.1,531.2,658.2
-189.4,545.0,675.1
-233.9,540.7,709.0
-251.9,512.2,742.9
-266.7,474.1,746.0
-268.8,458.2,742.9
-270.9,458.2,725.9
-299.5,425.4,709.0
-305.8,394.7,716.4
-337.6,357.7,711.1
-358.7,360.8,748.1
-335.4,324.9,812.7
-303.7,289.9,866.7
-251.9,223.3,878.3
-203.2,147.1,812.7
-171.4,70.9,743.9
-170.4, 4.2,733.3
-172.5,-51.9,750.3
-201.1,-99.5,784.1
-166.1,-119.6,846.6
-137.6,-152.4,844.4
-131.2,-168.3,877.2
-120.6,-219.0,844.4
-116.4,-267.7,785.2
-114.3,-307.9,699.5
-103.7,-339.7,696.3
-118.5,-338.6,711.1
-96.3,-342.9,765.1
-49.7,-369.3,783.1
-16.9,-409.5,795.8
18.0,-436.0,797.9
20.1,-455.0,724.9
18.0,-452.9,627.5
-78.3,-373.5,559.8
-154.5,-320.6,530.2
-151.3,-268.8,613.8
-69.8,-304.8,710.1
51.9,-372.5,844.4
174.6,-475.1,848.7
292.1,-589.4,784.1
294.2,-627.5,697.4
250.8,-620.1,626.5
153.4,-527.0,812.7
38.1,-387.3,522.8
-69.8,-249.7,610.6
-52.9,-186.2,564.0
14.8,-219.0,581.0
101.6,-237.0,933.3
185.2,-249.7,658.2
237.0,-234.9,663.5
256.1,-215.9,662.4
234.9,-169.3,626.5
221.2,-67.7,589.4
184.1,-284.7,547.1
155.6,32.8,525.9
132.3,118.5,522.8
153.4,121.7,563.0
204.2,139.7,623.3
240.2,133.3,660.3
287.8,85.7,660.3
285.7,85.7,623.3
241.3,118.5,597.9
175.7,82.5,574.6
154.5,169.3,556.6
120.6,190.5,557.7
68.8,273.0,613.8
73.0,301.6,695.2
-,-,-
355.6,-391.5,610.6
394.7,-356.6,609.5
428.6,-304.8,610.6
443.4,-268.8,626.5
445.5,-171.4,664.6
427.5,-101.6,658.2
439.2,-30.7,648.7
409.5,36.0,630.7
377.8,87.8,607.4
359.8,121.7,530.2
342.9,138.6,470.9
340.7,169.3,421.2
321.7,218.0,372.5
336.5,252.9,388.4
337.6,292.1,474.1
307.9,358.7,557.7
269.8,443.4,610.6
218.0,525.9,644.4
136.5,592.6,664.6
70.9,615.9,676.2
22.2,644.4,680.4
-33.9,661.4,659.3
-50.8,627.5,629.6
-45.5,581.0,644.4
-27.5,539.7,682.5
-37.0,494.2,712.2
-84.7,511.1,742.9
-169.3,555.6,717.5
-233.9,574.6,729.1
-288.9,589.4,732.3
-372.5,610.6,746.0
-420.1,581.0,777.8
-450.8,556.6,810.6
-410.6,507.9,832.8
-356.6,478.3,845.5
-325.9,472.0,844.4
-320.6,424.3,784.1
-284.7,360.8,727.0
-281.5,317.5,725.9
-254.0,218.0,730.2
-201.1,134.4,743.9
-154.5,68.8,749.2
-117.5,31.7,777.8
-81.5,-37.0,728.0
-68.8,-65.6,733.3
-87.8,-119.6,730.2
-135.4,-117.5,766.1
-218.0,-80.4,783.1
-252.9,-98.4,763.0
-182.0,-170.4,728.0
-84.7,-248.7,707.9
-31.7,-338.6,862.4
-12.7,-419.0,658.2
15.9,-473.0,649.7
-14.8,-459.3,691.0
-13.8,-459.3,759.8
-30.7,-468.8,732.3
 2.1,-474.1,814.8
20.1,-522.8,759.8
-10.6,-493.1,692.1
-34.9,-456.1,509.0
-46.6,-401.1,578.8
-31.7,-387.3,643.4
12.7,-406.3,709.0
115.3,-441.3,795.8
205.3,-467.7,781.0
286.8,-553.4,709.0
292.1,-554.5,614.8
224.3,-476.2,575.7
136.5,-388.4,528.0
56.1,-238.1,522.8
33.9,-130.2,541.8
66.7,50.8,644.4
173.5,-83.6,758.7
289.9,-135.4,826.5
427.5,-29.6,813.8
505.8,-249.7,734.4
443.4,-231.7,630.7
322.8,-197.9,522.8
287.8,-130.2,441.3
103.7,-63.5,410.6
206.3,-2.1,437.0
220.1,52.9,521.7
268.8,85.7,658.2
309.0,88.9,757.7
325.9,89.9,749.2
354.5,103.7,727.0
272.0,116.4,643.4
223.3,121.7,563.0
242.3,138.6,491.0
135.4,155.6,428.6
65.6,174.6,439.2
136.5,204.2,539.7
123.8,237.0,642.3
136.5,243.4,693.1
86.8,275.1,733.3
-,-,-
286.8,-340.7,660.3
345.0,-299.5,714.3
373.5,-281.5,742.9
405.3,-281.5,795.8
442.3,-255.0,832.8
445.5,-237.0,802.1
474.1,-216.9,728.0
445.5,-219.0,613.8
438.1,-171.4,509.0
425.4,-139.7,457.1
458.2,-99.5,424.3
459.3,-20.1,444.4
473.0,39.2,489.9
463.5,122.8,547.1
407.4,237.0,590.5
324.9,357.7,596.8
226.5,472.0,564.0
139.7,575.7,545.0
48.7,647.6,495.2
20.1,658.2,470.9
33.9,649.7,477.2
32.8,631.7,504.8
28.6,626.5,555.6
31.7,614.8,595.8
 1.1,656.1,645.5
-50.8,643.4,676.2
-104.8,675.1,662.4
-185.2,681.5,660.3
-216.9,680.4,645.5
-239.2,661.4,643.4
-249.7,610.6,662.4
-203.2,529.1,645.5
-170.4,454.0,629.6
-153.4,424.3,675.1
-198.9,440.2,678.3
-238.1,472.0,696.3
-272.0,459.3,681.5
-256.1,409.5,663.5
-254.0,359.8,632.8
-282.5,288.9,642.3
-321.7,269.8,645.5
-320.6,238.1,676.2
-254.0,200.0,715.3
-200.0,167.2,784.1
-170.4,133.3,785.2
-185.2,86.8,745.0
-189.4,18.0,1052.9
-203.2,-66.7,712.2
-202.1,-148.1,676.2
-203.2,-203.2,711.1
-131.2,-234.9,734.4
-97.4,-237.0,829.6
-117.5,-202.1,864.6
-148.1,-237.0,901.6
-134.4,-266.7,825.4
-121.7,-323.8,711.1
-149.2,-383.1,639.2
-183.1,-353.4,644.4
-137.6,-336.5,625.4
-66.7,-588.4,782.0
 2.1,-400.0,879.4
118.5,-524.9,911.1
184.1,-622.2,830.7
152.4,-571.4,694.2
134.4,-606.3,613.8
 6.3,-458.2,608.5
-84.7,-336.5,612.7
-86.8,-267.7,695.2
-46.6,-171.4,785.2
32.8,-196.8,796.8
89.9,-257.1,725.9
152.4,-302.6,640.2
171.4,-272.0,564.0
121.7,-266.7,527.0
70.9,-200.0,511.1
287.8,-135.4,494.2
-29.6,-68.8,506.9
22.2,-2.1,609.5
117.5, 3.2,681.5
223.3,-67.7,709.0
307.9,-154.5,659.3
359.8,-198.9,591.5
355.6,-170.4,542.9
324.9,-133.3,496.3
273.0,-69.8,470.9
140.7, 5.3,524.9
187.3,104.8,593.7
152.4,167.2,664.6
169.3,200.0,716.4
218.0,171.4,715.3
275.1,102.6,695.2
320.6,50.8,645.5
310.1,37.0,623.3
286.8,52.9,591.5
243.4,66.7,541.8
218.0,85.7,505.8
182.0,137.6,542.9
133.3,189.4,628.6
101.6,222.2,677.2
64.6,288.9,717.5
-1.1,353.4,742.9
-27.5,340.7,699.5
-,-,-
368.3,-426.5,628.6
404.2,-405.3,645.5
387.3,-358.7,660.3
369.3,-286.8,664.6
359.8,-220.1,675.1
377.8,-168.3,691.0
404.2,-104.8,695.2
444.4,-83.6,678.3
473.0,-68.8,658.2
460.3,-29.6,643.4
439.2,38.1,606.3
376.7,124.9,546.0
319.6,201.1,506.9
257.1,257.1,462.4
275.1,284.7,462.4
275.1,322.8,512.2
256.1,377.8,545.0
225.4,442.3,590.5
186.2,504.8,594.7
140.7,522.8,576.7
116.4,545.0,593.7
64.6,579.9,576.7
15.9,596.8,575.7
-12.7,610.6,590.5
-18.0,590.5,612.7
-30.7,606.3,657.1
-50.8,560.8,663.5
-32.8,506.9,706.9
-65.6,475.1,723.8
-133.3,546.0,683.6
-200.0,479.4,624.3
-249.7,458.2,658.2
-282.5,491.0,632.8
-286.8,461.4,590.5
-301.6,472.0,682.5
-349.2,443.4,680.4
-354.5,428.6,724.9
-386.2,390.5,712.2
-390.5,327.0,695.2
-389.4,276.2,664.6
-352.4,221.2,643.4
-300.5,203.2,610.6
-266.7,174.6,696.3
-281.5,134.4,698.4
-303.7,103.7,693.1
-358.7,30.7,679.4
-289.9,-37.0,743.9
-204.2,39.2,728.0
-185.2,-165.1,695.2
-171.4,-149.2,696.3
-215.9,-203.2,742.9
-203.2,152.4,795.8
-205.3,-289.9,849.7
-196.8,-82.5,860.3
-83.6,-181.0,828.6
-97.4,-267.7,777.8
-36.0,-350.3,742.9
-34.9,-422.2,676.2
-30.7,-451.9,598.9
-80.4,-440.2,543.9
-103.7,-372.5,559.8
-69.8,-323.8,648.7
-49.7,-303.7,733.3
-86.8,-334.4,767.2
 2.1,-401.1,745.0
223.3,-476.2,678.3
135.4,-527.0,522.8
132.3,-554.5,423.3
134.4,-540.7,404.2
13.8,-444.4,470.9
48.7,-368.3,557.7
167.2,-385.2,644.4
205.3,-405.3,709.0
255.0,-424.3,711.1
320.6,-419.0,680.4
353.4,-437.0,631.7
341.8,-389.4,614.8
291.0,-320.6,606.3
220.1,-222.2,597.9
167.2,-117.5,579.9
122.8,-15.9,577.8
106.9,32.8,612.7
119.6,32.8,658.2
185.2,21.2,692.1
234.9,-3.2,662.4
292.1,-13.8,642.3
285.7,-13.8,598.9
258.2,34.9,590.5
233.9,84.7,589.4
203.2,155.6,590.5
150.3,220.1,607.4
122.8,255.0,657.1
135.4,243.4,693.1
171.4,207.4,699.5
188.4,185.2,681.5
189.4,140.7,640.2
171.4,156.6,646.6
137.6,171.4,631.7
105.8,200.0,647.6
84.7,204.2,661.4
68.8,220.1,661.4
56.1,219.0,676.2
55.0,201.1,696.3
74.1,190.5,697.4
68.8,171.4,697.4
-,-,-
305.8,-407.4,665.6
359.8,-408.5,648.7
404.2,-390.5,646.6
390.5,-357.7,678.3
391.5,-291.0,730.2
339.7,-232.8,742.9
338.6,-152.4,731.2
322.8,-84.7,715.3
293.1,-1.1,664.6
270.9,69.8,643.4
255.0,123.8,624.3
238.1,190.5,597.9
207.4,207.4,608.5
223.3,226.5,597.9
221.2,233.9,561.9
237.0,233.9,560.8
221.2,250.8,545.0
207.4,267.7,528.0
189.4,275.1,528.0
172.5,309.0,546.0
152.4,319.6,541.8
155.6,301.6,546.0
167.2,337.6,557.7
136.5,336.5,558.7
115.3,328.0,564.0
64.6,321.7,547.1
36.0,325.9,547.1
 2.1,395.8,539.7
-20.1,376.7,556.6
-46.6,388.4,573.5
-68.8,460.3,609.5
-84.7,387.3,644.4
-101.6,354.5,641.3
-116.4,370.4,750.3
-148.1,393.7,676.2
-170.4,393.7,666.7
-203.2,258.2,660.3
-236.0,423.3,666.7
-269.8,428.6,648.7
-300.5,474.1,696.3
-298.4,476.2,695.2
-303.7,438.1,680.4
-307.9,521.7,606.3
-338.6,353.4,710.1
-354.5,317.5,716.4
-340.7,272.0,731.2
-284.7,233.9,732.3
-284.7,208.5,733.3
-200.0,167.2,723.8
-204.2,116.4,693.1
-334.4,84.7,689.9
-272.0,48.7,716.4
-287.8,14.8,747.1
-218.0,-29.6,742.9
-197.9,-67.7,713.2
-153.4,-96.3,731.2
-135.4,-116.4,746.0
-138.6,-135.4,776.7
-132.3,-168.3,782.0
-164.0,-182.0,779.9
-197.9,-200.0,741.8
-168.3,-239.2,692.1
-137.6,-282.5,664.6
-103.7,-304.8,678.3
-33.9,-323.8,682.5
 5.3,-354.5,695.2
39.2,-357.7,730.2
81.5,-405.3,732.3
116.4,-451.9,725.9
101.6,-457.1,691.0
65.6,-437.0,645.5
31.7,-406.3,606.3
13.8,-387.3,576.7
14.8,-338.6,596.8
38.1,-334.4,662.4
120.6,-354.5,699.5
189.4,-386.2,693.1
255.0,-407.4,677.2
275.1,-403.2,641.3
257.1,-354.5,590.5
223.3,-322.8,529.1
202.1,-302.6,461.4
187.3,-270.9,439.2
170.4,-239.2,488.9
219.0,-216.9,590.5
287.8,-232.8,642.3
360.8,-238.1,674.1
404.2,-215.9,676.2
393.7,-166.1,656.1
356.6,-113.2,625.4
292.1,-51.9,608.5
219.0, 1.1,581.0
188.4,48.7,557.7
183.1,85.7,572.5
184.1,117.5,608.5
184.1,151.3,658.2
167.2,171.4,695.2
157.7,191.5,727.0
150.3,206.3,743.9
105.8,207.4,716.4
100.5,223.3,662.4
99.5,233.9,627.5
117.5,221.2,609.5
-,-,-
338.6,-309.0,644.4
393.7,-306.9,640.2
406.3,-272.0,646.6
394.7,-206.3,657.1
373.5,-129.1,658.2
353.4,-66.7,641.3
307.9,33.9,644.4
255.0,98.4,648.7
268.8,87.8,612.7
305.8,103.7,575.7
337.6,87.8,529.1
353.4,89.9,477.2
340.7,68.8,512.2
341.8,166.1,474.1
304.8,267.7,511.1
224.3,339.7,528.0
170.4,242.3,591.5
118.5,458.2,577.8
102.6,492.1,576.7
54.0,541.8,505.8
14.8,272.0,547.1
-12.7,547.1,343.9
-19.0,540.7,819.0
-33.9,494.2,609.5
-100.5,540.7,590.5
-131.2,545.0,607.4
-181.0,556.6,613.8
-153.4,563.0,625.4
-231.7,541.8,641.3
-240.2,523.8,632.8
-252.9,496.3,626.5
-236.0,492.1,623.3
-283.6,462.4,628.6
-287.8,441.3,630.7
-205.3,427.5,645.5
-324.9,404.2,624.3
-286.8,392.6,645.5
-240.2,372.5,676.2
-234.9,339.7,673.0
-220.1,319.6,677.2
-234.9,324.9,662.4
-288.9,306.9,660.3
-285.7,269.8,662.4
-270.9,205.3,664.6
-273.0,154.5,630.7
-237.0,116.4,644.4
-201.1,39.2,675.1
-179.9,-19.0,724.9
-165.1,-63.5,750.3
-152.4,-130.2,768.3
-152.4,-183.1,759.8
-218.0,-154.5,731.2
-237.0,-150.3,732.3
-198.9,-203.2,697.4
-137.6,-233.9,682.5
-120.6,-266.7,693.1
-81.5,-282.5,784.1
-46.6,-323.8,863.5
21.2,-387.3,867.7
48.7,-455.0,815.9
55.0,-468.8,742.9
55.0,-487.8,647.6
19.0,-475.1,593.7
-2.1,-423.3,591.5
-85.7,-324.9,589.4
-136.5,-232.8,646.6
-99.5,-198.9,750.3
19.0,-234.9,881.5
155.6,-340.7,884.7
288.9,-439.2,819.0
306.9,-504.8,709.0
304.8,-495.2,625.4
225.4,-408.5,542.9
106.9,-303.7,489.9
34.9,-214.8,457.1
18.0,-134.4,527.0
64.6,-105.8,628.6
116.4,-98.4,748.1
237.0,-103.7,785.2
320.6,-168.3,747.1
354.5,-182.0,682.5
342.9,-149.2,625.4
270.9,-97.4,563.0
225.4,-15.9,556.6
170.4,50.8,555.6
139.7,103.7,557.7
122.8,133.3,576.7
137.6,136.5,596.8
173.5,117.5,626.5
207.4,116.4,641.3
202.1,123.8,646.6
188.4,135.4,646.6
204.2,136.5,644.4
202.1,134.4,626.5
174.6,157.7,598.9
131.2,172.5,592.6
98.4,207.4,592.6
65.6,220.1,610.6
37.0,221.2,631.7
37.0,218.0,648.7
34.9,206.3,662.4
48.7,220.1,664.6
65.6,191.5,660.3
66.7,173.5,665.6
48.7,170.4,665.6
54.0,170.4,675.1
-,-,-
220.1,-239.2,677.2
272.0,-202.1,675.1
257.1,-171.4,665.6
375.7,-114.3,648.7
288.9,-100.5,642.3
357.7,-104.8,631.7
341.8,-19.0,641.3
81.5,-10.6,658.2
219.0,39.2,675.1
512.2,100.5,647.6
307.9,135.4,596.8
269.8,183.1,556.6
254.0,190.5,513.2
222.2,216.9,475.1
218.0,220.1,460.3
189.4,33.9,461.4
157.7,270.9,470.9
132.3,318.5,472.0
87.8,408.5,505.8
88.9,358.7,547.1
82.5,372.5,563.0
52.9,392.6,590.5
 1.1,421.2,595.8
-36.0,424.3,596.8
-64.6,423.3,593.7
-95.2,421.2,590.5
-118.5,411.6,590.5
-148.1,421.2,591.5
-168.3,424.3,611.6
-186.2,438.1,640.2
-219.0,441.3,658.2
-256.1,454.0,660.3
-285.7,461.4,675.1
-300.5,455.0,660.3
-300.5,442.3,660.3
-304.8,423.3,660.3
-306.9,420.1,680.4
-303.7,425.4,677.2
-305.8,424.3,678.3
-318.5,407.4,693.1
-320.6,371.4,676.2
-321.7,354.5,692.1
-323.8,304.8,681.5
-324.9,258.2,676.2
-303.7,218.0,645.5
-233.9,171.4,658.2
-201.1,104.8,676.2
-167.2,82.5,725.9
-137.6,65.6,784.1
-148.1,12.7,834.9
-137.6,-32.8,846.6
-153.4,-85.7,784.1
-138.6,-117.5,763.0
-119.6,-155.6,759.8
-84.7,-202.1,777.8
-68.8,-186.2,827.5
-67.7,-200.0,850.8
-33.9,-236.0,830.7
-20.1,-273.0,801.1
-32.8,-300.5,763.0
-30.7,-320.6,734.4
-12.7,-323.8,724.9
-1.1,-339.7,697.4
31.7,-358.7,727.0
73.0,-391.5,731.2
121.7,-442.3,698.4
149.2,-456.1,680.4
122.8,-426.5,683.6
119.6,-422.2,699.5
116.4,-405.3,678.3
117.5,-370.4,647.6
116.4,-369.3,595.8
136.5,-369.3,561.9
140.7,-368.3,541.8
140.7,-324.9,556.6
156.6,-299.5,581.0
203.2,-304.8,610.6
237.0,-299.5,626.5
255.0,-272.0,615.9
256.1,-238.1,623.3
270.9,-215.9,596.8
267.7,-187.3,561.9
237.0,-164.0,542.9
203.2,-103.7,558.7
185.2,-65.6,576.7
209.5,-33.9,628.6
234.9, 1.1,664.6
238.1,29.6,693.1
239.2,64.6,711.1
207.4,98.4,710.1
188.4,106.9,681.5
173.5,101.6,612.7
182.0,101.6,561.9
171.4,87.8,530.2
191.5,101.6,547.1
186.2,140.7,593.7
122.8,189.4,643.4
87.8,237.0,677.2
55.0,272.0,689.9
-,-,-
251.9,-69.8,749.2
239.2,-166.1,730.2
241.3,-85.7,733.3
238.1,-47.6,727.0
268.8,-48.7,710.1
327.0,-36.0,666.7
410.6,-69.8,641.3
473.0,-119.6,593.7
470.9,-113.2,578.8
410.6,-18.0,576.7
291.0,88.9,564.0
225.4,184.1,556.6
207.4,234.9,543.9
220.1,268.8,528.0
187.3,273.0,493.1
171.4,284.7,477.2
167.2,319.6,489.9
137.6,354.5,446.6
118.5,370.4,426.5
64.6,388.4,423.3
21.2,422.2,492.1
 4.2,438.1,510.1
-19.0,442.3,563.0
-79.4,458.2,606.3
-167.2,504.8,626.5
-203.2,539.7,644.4
-221.2,555.6,644.4
-249.7,539.7,663.5
-266.7,527.0,715.3
-257.1,512.2,760.8
-281.5,505.8,781.0
-304.8,523.8,785.2
-336.5,522.8,779.9
-357.7,506.9,759.8
-373.5,492.1,733.3
-373.5,478.3,729.1
-340.7,457.1,729.1
-340.7,436.0,727.0
-336.5,408.5,759.8
-353.4,377.8,765.1
-349.2,356.6,749.2
-351.3,307.9,699.5
-370.4,257.1,666.7
-374.6,183.1,642.3
-371.4,52.9,609.5
-336.5,-63.5,610.6
-302.6,-152.4,640.2
-237.0,-200.0,712.2
-171.4,-220.1,779.9
-135.4,-206.3,834.9
-148.1,-206.3,848.7
-136.5,-202.1,846.6
-138.6,-220.1,800.0
-113.2,-257.1,750.3
-86.8,-303.7,683.6
-85.7,-334.4,626.5
-61.4,-323.8,609.5
-44.4,-355.6,624.3
 3.2,-358.7,694.2
 6.3,-383.1,732.3
 2.1,-338.6,764.0
-47.6,-305.8,731.2
-46.6,-281.5,692.1
-48.7,-268.8,643.4
-72.0,-240.2,596.8
-67.7,-222.2,590.5
-52.9,-220.1,594.7
31.7,-268.8,630.7
122.8,-334.4,664.6
190.5,-403.2,709.0
206.3,-406.3,682.5
222.2,-371.4,681.5
203.2,-305.8,661.4
150.3,-222.2,659.3
84.7,-138.6,647.6
51.9,-70.9,675.1
56.1,-48.7,677.2
120.6,-85.7,660.3
236.0,-148.1,645.5
323.8,-188.4,613.8
408.5,-237.0,608.5
411.6,-254.0,591.5
408.5,-218.0,594.7
369.3,-115.3,641.3
256.1,16.9,641.3
140.7,121.7,641.3
86.8,185.2,657.1
82.5,205.3,657.1
84.7,185.2,630.7
115.3,167.2,645.5
153.4,137.6,648.7
168.3,120.6,676.2
167.2,115.3,660.3
134.4,135.4,646.6
83.6,149.2,629.6
-,-,-
309.0,-402.1,648.7
319.6,-371.4,695.2
203.2,-269.8,725.9
237.0,-188.4,748.1
204.2,-131.2,748.1
223.3,-119.6,698.4
258.2,-116.4,664.6
273.0,-120.6,631.7
309.0,-106.9,629.6
353.4,-82.5,630.7
386.2,-54.0,665.6
406.3,-18.0,698.4
390.5,54.0,729.1
369.3,132.3,729.1
309.0,185.2,677.2
293.1,218.0,608.5
274.1,206.3,527.0
255.0,225.4,487.8
224.3,272.0,477.2
183.1,321.7,479.4
157.7,356.6,488.9
166.1,371.4,510.1
151.3,387.3,497.4
136.5,387.3,505.8
117.5,406.3,529.1
50.8,444.4,546.0
-1.1,474.1,545.0
-33.9,475.1,546.0
-31.7,443.4,573.5
-31.7,408.5,575.7
-45.5,390.5,589.4
-62.4,386.2,590.5
-98.4,390.5,627.5
-152.4,458.2,662.4
-248.7,491.0,656.1
-306.9,521.7,676.2
-373.5,530.2,694.2
-403.2,479.4,715.3
-425.4,407.4,722.8
-439.2,358.7,746.0
-437.0,340.7,750.3
-408.5,340.7,748.1
-353.4,320.6,748.1
-323.8,303.7,734.4
-288.9,307.9,750.3
-334.4,301.6,776.7
-323.8,287.8,784.1
-302.6,233.9,766.1
-251.9,173.5,732.3
-182.0,119.6,713.2
-150.3,54.0,696.3
-138.6,37.0,716.4
-153.4,49.7,748.1
-136.5,33.9,784.1
-133.3,-20.1,798.9
-102.6,-83.6,765.1
-98.4,-153.4,716.4
-100.5,-187.3,678.3
-120.6,-201.1,662.4
-118.5,-185.2,657.1
-135.4,-166.1,659.3
-151.3,-138.6,694.2
-146.0,-134.4,699.5
-138.6,-153.4,678.3
-120.6,-168.3,674.1
-132.3,-188.4,674.1
-85.7,-232.8,678.3
-31.7,-302.6,662.4
14.8,-389.4,627.5
70.9,-455.0,595.8
102.6,-459.3,579.9
85.7,-425.4,590.5
81.5,-402.1,613.8
86.8,-354.5,677.2
87.8,-299.5,742.9
123.8,-316.4,802.1
208.5,-384.1,795.8
336.5,-459.3,742.9
374.6,-525.9,641.3
361.9,-553.4,576.7
324.9,-491.0,543.9
226.5,-371.4,541.8
106.9,-266.7,523.8
54.0,-181.0,538.6
114.3,-101.6,631.7
184.1,-83.6,714.3
304.8,-118.5,781.0
410.6,-202.1,785.2
487.8,-232.8,763.0
462.4,-198.9,775.7
389.4,-103.7,697.4
286.8,-14.8,625.4
170.4,68.8,563.0
102.6,115.3,815.9
70.9,136.5,492.1
88.9,151.3,541.8
105.8,172.5,629.6
134.4,215.9,729.1
157.7,204.2,657.1
188.4,294.2,743.9
191.5,189.4,714.3
154.5,191.5,781.0
102.6,206.3,581.0
36.0,168.3,543.9
18.0,241.3,545.0
-,-,-
336.5,-47.6,612.7
306.9, 4.2,578.8
303.7,68.8,556.6
310.1,104.8,528.0
289.9,120.6,489.9
319.6,136.5,491.0
369.3,150.3,507.9
406.3,168.3,505.8
390.5,205.3,521.7
320.6,304.8,557.7
241.3,393.7,563.0
184.1,457.1,561.9
134.4,494.2,561.9
103.7,495.2,573.5
102.6,504.8,589.4
87.8,506.9,609.5
65.6,522.8,645.5
38.1,523.8,660.3
 0.0,540.7,678.3
-80.4,563.0,662.4
-151.3,574.6,646.6
-183.1,574.6,643.4
-203.2,514.3,627.5
-218.0,494.2,630.7
-247.6,488.9,624.3
-283.6,480.4,611.6
-322.8,509.0,608.5
-369.3,539.7,615.9
-391.5,513.2,645.5
-407.4,480.4,682.5
-407.4,454.0,733.3
-438.1,394.7,741.8
-418.0,387.3,717.5
-353.4,341.8,680.4
-289.9,306.9,660.3
-272.0,270.9,648.7
-254.0,186.2,643.4
-249.7,170.4,706.9
-256.1,117.5,724.9
-281.5,99.5,731.2
-267.7,50.8,731.2
-221.2, 1.1,732.3
-184.1,-70.9,760.8
-134.4,-133.3,761.9
-101.6,-150.3,763.0
-87.8,-154.5,814.8
-87.8,-165.1,847.6
-99.5,-204.2,797.9
-67.7,-269.8,781.0
-20.1,-320.6,745.0
-11.6,-355.6,692.1
-14.8,-357.7,694.2
 1.1,-350.3,728.0
 1.1,-302.6,776.7
22.2,-287.8,861.4
82.5,-284.7,932.3
138.6,-338.6,901.6
137.6,-357.7,850.8
100.5,-341.8,749.2
64.6,-333.3,492.1
65.6,-306.9,592.6
72.0,-283.6,576.7
98.4,-267.7,595.8
137.6,-239.2,711.1
186.2,-248.7,563.0
275.1,-281.5,811.6
311.1,-335.4,1088.9
301.6,-300.5,646.6
255.0,-266.7,986.2
174.6,-196.8,522.8
119.6,-116.4,528.0
98.4,-112.2,539.7
118.5,-15.9,557.7
136.5,-13.8,626.5
158.7,69.8,697.4
200.0,86.8,717.5
243.4,38.1,723.8
268.8,19.0,677.2
251.9,38.1,631.7
220.1,83.6,605.3
168.3,116.4,592.6
88.9,47.6,606.3
65.6,203.2,608.5
69.8,208.5,645.5
72.0,203.2,660.3
122.8,255.0,661.4
136.5,185.2,642.3
154.5,166.1,632.8
174.6,69.8,629.6
170.4,387.3,628.6
-,-,-
372.5,-36.0,596.8
420.1,-37.0,589.4
462.4,-13.8,563.0
475.1,48.7,546.0
405.3,153.4,527.0
342.9,243.4,505.8
273.0,339.7,457.1
222.2,420.1,455.0
184.1,457.1,473.0
183.1,445.5,509.0
202.1,436.0,524.9
205.3,428.6,538.6
168.3,460.3,539.7
99.5,489.9,538.6
48.7,545.0,573.5
-28.6,590.5,609.5
-47.6,612.7,645.5
-103.7,598.9,665.6
-104.8,591.5,677.2
-132.3,575.7,681.5
-165.1,573.5,675.1
-188.4,573.5,663.5
-232.8,556.6,643.4
-252.9,546.0,641.3
-301.6,527.0,639.2
-289.9,524.9,674.1
-304.8,505.8,696.3
-306.9,489.9,757.7
-338.6,469.8,727.0
-317.5,477.2,725.9
-256.1,442.3,693.1
-254.0,389.4,649.7
-234.9,343.9,644.4
-216.9,306.9,644.4
-200.0,257.1,700.5
-190.5,234.9,795.8
-205.3,234.9,831.7
-231.7,166.1,816.9
-233.9,89.9,766.1
-166.1, 3.2,709.0
-169.3,-99.5,614.8
-206.3,-151.3,657.1
-238.1,-185.2,697.4
-200.0,-188.4,781.0
-151.3,-186.2,778.8
-130.2,-200.0,843.4
-97.4,-254.0,776.7
-72.0,-301.6,731.2
-100.5,-319.6,675.1
-102.6,-339.7,529.1
-120.6,-317.5,675.1
-113.2,-267.7,765.1
-70.9,-251.9,949.2
-12.7,-334.4,930.2
33.9,-340.7,846.6
52.9,-387.3,691.0
33.9,-355.6,593.7
-31.7,-351.3,505.8
-79.4,-265.6,491.0
-80.4,-282.5,538.6
-48.7,-288.9,640.2
31.7,-240.2,796.8
102.6,-249.7,881.5
208.5,-133.3,860.3
259.3,-354.5,765.1
273.0,-353.4,657.1
201.1,-305.8,574.6
88.9,-216.9,539.7
68.8,-36.0,557.7
67.7,-80.4,590.5
189.4,-46.6,662.4
155.6,-19.0,776.7
226.5,-31.7,831.7
285.7,-118.5,796.8
375.7,-149.2,741.8
386.2,-170.4,664.6
101.6,-134.4,625.4
257.1,-46.6,597.9
187.3,66.7,591.5
50.8,136.5,563.0
 0.0,201.1,578.8
-45.5,232.8,641.3
47.6,239.2,678.3
69.8,238.1,725.9
101.6,207.4,697.4
149.2,172.5,683.6
167.2,121.7,644.4
151.3,121.7,625.4
106.9,152.4,609.5
-,-,-
72.0,-267.7,678.3
122.8,-281.5,680.4
154.5,-301.6,645.5
186.2,-322.8,625.4
226.5,-332.3,643.4
257.1,-336.5,663.5
289.9,-320.6,694.2
270.9,-286.8,711.1
258.2,-222.2,712.2
289.9,-183.1,715.3
320.6,-165.1,709.0
319.6,-137.6,681.5
338.6,-120.6,643.4
386.2,-96.3,631.7
423.3,-96.3,627.5
472.0,-70.9,659.3
475.1,-36.0,692.1
476.2,31.7,722.8
443.4,105.8,715.3
411.6,184.1,676.2
393.7,239.2,591.5
336.5,301.6,506.9
301.6,359.8,487.8
241.3,392.6,461.4
201.1,439.2,457.1
171.4,476.2,478.3
151.3,522.8,504.8
98.4,542.9,512.2
68.8,542.9,545.0
55.0,539.7,538.6
36.0,529.1,546.0
-1.1,538.6,577.8
-34.9,545.0,591.5
-70.9,529.1,608.5
-134.4,522.8,612.7
-181.0,538.6,660.3
-240.2,548.1,693.1
-299.5,560.8,682.5
-287.8,540.7,713.2
-285.7,523.8,698.4
-273.0,521.7,717.5
-251.9,511.1,713.2
-268.8,479.4,731.2
-282.5,458.2,765.1
-287.8,438.1,784.1
-319.6,394.7,826.5
-352.4,371.4,815.9
-389.4,342.9,814.8
-355.6,322.8,730.2
-316.4,269.8,725.9
-270.9,189.4,710.1
-270.9,151.3,731.2
-252.9,103.7,715.3
-233.9,-18.0,731.2
-222.2,-36.0,713.2
-222.2,-87.8,725.9
-232.8,-130.2,728.0
-222.2,-283.6,746.0
-205.3,-187.3,730.2
-179.9,-203.2,712.2
-167.2,-203.2,695.2
-151.3,-491.0,681.5
-119.6,-232.8,715.3
-115.3,-103.7,676.2
-103.7,-289.9,643.4
-130.2,-286.8,627.5
-149.2,-284.7,631.7
-150.3,-269.8,624.3
-150.3,37.0,660.3
-103.7,-214.8,742.9
-28.6,-222.2,831.7
101.6,-255.0,919.6
155.6,-333.3,912.2
191.5,-352.4,846.6
156.6,-320.6,724.9
65.6,-240.2,641.3
-34.9,-171.4,594.7
-30.7,-98.4,578.8
-67.7,-52.9,563.0
20.1,-99.5,605.3
121.7,-101.6,699.5
174.6,-132.3,827.5
343.9,-155.6,864.6
391.5,-223.3,811.6
408.5,-233.9,729.1
325.9,-153.4,661.4
226.5,-62.4,615.9
133.3,16.9,563.0
69.8,68.8,509.0
48.7,117.5,496.3
49.7,150.3,546.0
72.0,183.1,659.3
116.4,169.3,733.3
200.0,133.3,748.1
236.0,88.9,731.2
274.1,57.1,700.5
274.1,48.7,658.2
224.3,66.7,609.5
169.3,102.6,563.0
132.3,140.7,555.6
100.5,187.3,577.8
72.0,207.4,631.7
56.1,239.2,692.1
-,-,-
101.6,-287.8,643.4
171.4,-353.4,677.2
206.3,-339.7,727.0
226.5,-341.8,729.1
258.2,-340.7,717.5
306.9,-334.4,700.5
342.9,-352.4,711.1
374.6,-315.3,759.8
410.6,-303.7,798.9
507.9,-318.5,818.0
556.6,-352.4,812.7
578.8,-354.5,761.9
573.5,-320.6,673.0
577.8,-252.9,572.5
558.7,-200.0,458.2
530.2,-131.2,444.4
512.2,-28.6,473.0
441.3,83.6,529.1
373.5,220.1,538.6
321.7,322.8,546.0
287.8,409.5,575.7
254.0,470.9,575.7
219.0,523.8,607.4
169.3,575.7,592.6
118.5,611.6,578.8
100.5,625.4,563.0
68.8,641.3,531.2
51.9,640.2,594.7
-12.7,627.5,528.0
-32.8,665.6,629.6
-99.5,664.6,662.4
-133.3,660.3,659.3
-171.4,648.7,658.2
-205.3,643.4,658.2
-237.0,590.5,626.5
-268.8,592.6,496.3
-306.9,558.7,573.5
-319.6,512.2,611.6
-340.7,511.1,749.2
-370.4,473.0,576.7
-352.4,403.2,594.7
-323.8,421.2,628.6
-288.9,460.3,642.3
-285.7,359.8,626.5
-265.6,341.8,595.8
-264.6,285.7,561.9
-237.0,203.2,592.6
-236.0,204.2,693.1
-248.7,353.4,767.2
-251.9,222.2,862.4
-221.2,169.3,860.3
-170.4,67.7,862.4
-119.6,33.9,796.8
-121.7,19.0,749.2
-131.2,-70.9,730.2
-95.2,-137.6,777.8
67.7,-238.1,864.6
84.7,-340.7,931.2
132.3,-409.5,931.2
134.4,-478.3,884.7
121.7,-468.8,863.5
70.9,-457.1,802.1
33.9,-402.1,763.0
-82.5,-304.8,695.2
-67.7,-257.1,661.4
-68.8,-234.9,714.3
-19.0,-254.0,766.1
89.9,-332.3,796.8
202.1,-418.0,800.0
236.0,-473.0,765.1
204.2,-473.0,727.0
122.8,-387.3,674.1
 2.1,-299.5,626.5
-54.0,-223.3,592.6
-65.6,-184.1,590.5
-49.7,-169.3,607.4
-1.1,-201.1,629.6
85.7,-255.0,626.5
173.5,-283.6,607.4
223.3,-323.8,581.0
239.2,-318.5,576.7
208.5,-281.5,589.4
187.3,-233.9,593.7
187.3,-196.8,596.8
172.5,-153.4,609.5
153.4,-87.8,612.7
150.3,-78.3,598.9
202.1,-66.7,607.4
222.2,-82.5,605.3
267.7,-84.7,608.5
273.0,-85.7,597.9
270.9,-68.8,614.8
267.7,-48.7,629.6
269.8,-19.0,628.6
252.9, 2.1,607.4
251.9,20.1,606.3
206.3,49.7,609.5
190.5,65.6,612.7
185.2,100.5,623.3
133.3,152.4,630.7
85.7,207.4,646.6
50.8,233.9,660.3
54.0,239.2,658.2
73.0,207.4,643.4
102.6,173.5,624.3
121.7,154.5,611.6
106.9,137.6,606.3
-,-,-
156.6,-239.2,698.4
240.2,-252.9,758.7
272.0,-281.5,765.1
309.0,-300.5,766.1
352.4,-319.6,725.9
356.6,-323.8,709.0
356.6,-291.0,692.1
336.5,-252.9,665.6
352.4,-200.0,707.9
359.8,-186.2,658.2
374.6,-170.4,664.6
388.4,-170.4,647.6
427.5,-182.0,540.7
425.4,-119.6,630.7
392.6,-52.9,631.7
352.4,31.7,614.8
305.8,104.8,525.9
288.9,172.5,592.6
258.2,204.2,543.9
238.1,225.4,523.8
223.3,219.0,474.1
200.0,259.3,458.2
188.4,303.7,460.3
183.1,305.8,479.4
169.3,422.2,505.8
120.6,358.7,522.8
91.0,419.0,539.7
54.0,439.2,541.8
37.0,439.2,542.9
 5.3,460.3,546.0
-33.9,406.3,575.7
-68.8,219.0,589.4
-86.8,491.0,612.7
-114.3,461.4,641.3
-129.1,575.7,675.1
-167.2,354.5,691.0
-239.2,476.2,724.9
-248.7,506.9,760.8
-184.1,529.1,766.1
-410.6,525.9,777.8
-416.9,505.8,781.0
-387.3,443.4,781.0
-368.3,374.6,746.0
-375.7,357.7,724.9
-353.4,337.6,689.9
-317.5,322.8,680.4
-248.7,270.9,699.5
-149.2,222.2,710.1
-221.2,171.4,730.2
-282.5,151.3,760.8
-624.3,118.5,779.9
-239.2,84.7,802.1
-287.8,49.7,830.7
-219.0,-15.9,795.8
-137.6,-97.4,766.1
-117.5,-165.1,748.1
-97.4,-183.1,742.9
-79.4,-203.2,716.4
-72.0,-248.7,693.1
-83.6,-256.1,681.5
-149.2,-250.8,665.6
-150.3,-241.3,659.3
-112.2,-284.7,659.3
-79.4,-316.4,681.5
-49.7,-303.7,725.9
-15.9,-323.8,731.2
39.2,-368.3,732.3
83.6,-405.3,695.2
87.8,-409.5,678.3
88.9,-423.3,662.4
102.6,-410.6,645.5
65.6,-386.2,597.9
 1.1,-336.5,591.5
-36.0,-286.8,590.5
-70.9,-223.3,592.6
-34.9,-204.2,628.6
33.9,-241.3,661.4
119.6,-317.5,676.2
204.2,-374.6,632.8
238.1,-403.2,609.5
273.0,-405.3,582.0
268.8,-368.3,594.7
219.0,-302.6,593.7
165.1,-205.3,593.7
123.8,-165.1,579.9
154.5,-147.1,591.5
186.2,-148.1,607.4
250.8,-168.3,609.5
292.1,-185.2,611.6
301.6,-181.0,591.5
293.1,-133.3,589.4
252.9,-83.6,573.5
208.5,-16.9,576.7
167.2,51.9,607.4
154.5,89.9,645.5
155.6,121.7,662.4
151.3,135.4,665.6
140.7,152.4,658.2
135.4,157.7,643.4
151.3,172.5,642.3
135.4,172.5,662.4
135.4,207.4,714.3
106.9,232.8,747.1
116.4,237.0,747.1
-,-,-
238.1,-339.7,681.5
303.7,-371.4,710.1
357.7,-356.6,714.3
373.5,-371.4,595.8
406.3,-335.4,816.9
411.6,-316.4,730.2
455.0,-306.9,731.2
461.4,-288.9,696.3
473.0,-252.9,699.5
456.1,-185.2,696.3
434.9,-137.6,677.2
461.4,-64.6,678.3
438.1,-47.6,642.3
408.5,21.2,612.7
393.7,100.5,575.7
374.6,115.3,524.9
343.9,170.4,491.0
360.8,233.9,456.1
276.2,420.1,475.1
224.3,377.8,494.2
152.4,462.4,509.0
134.4,512.2,521.7
89.9,523.8,529.1
106.9,542.9,542.9
68.8,574.6,547.1
14.8,611.6,558.7
31.7,611.6,557.7
-19.0,626.5,574.6
-98.4,622.2,560.8
-118.5,628.6,558.7
-169.3,611.6,540.7
-203.2,592.6,558.7
-233.9,556.6,547.1
-254.0,529.1,559.8
-249.7,506.9,560.8
-272.0,474.1,574.6
-272.0,445.5,573.5
-301.6,421.2,547.1
-306.9,388.4,542.9
-340.7,324.9,557.7
-302.6,288.9,606.3
-287.8,234.9,607.4
-289.9,237.0,607.4
-317.5,288.9,624.3
-356.6,359.8,644.4
-355.6,404.2,711.1
-366.1,388.4,764.0
-285.7,355.6,796.8
-187.3,242.3,781.0
-103.7,174.6,761.9
-83.6,131.2,741.8
-81.5,116.4,733.3
-86.8,87.8,697.4
-66.7,67.7,760.8
-50.8,-28.6,743.9
-50.8,-85.7,761.9
-63.5,-80.4,778.8
-72.0,-132.3,781.0
-67.7,-163.0,767.2
-79.4,-167.2,795.8
-79.4,-185.2,800.0
-70.9,-233.9,782.0
-45.5,-287.8,800.0
-36.0,-336.5,827.5
-12.7,-375.7,861.4
22.2,-418.0,847.6
12.7,-418.0,812.7
-27.5,-368.3,798.9
-62.4,-318.5,777.8
-64.6,-301.6,792.6
-48.7,-309.0,794.7
-14.8,-338.6,800.0
38.1,-371.4,779.9
107.9,-407.4,746.0
137.6,-443.4,678.3
132.3,-437.0,629.6
73.0,-376.7,590.5
22.2,-320.6,592.6
-20.1,-265.6,610.6
-30.7,-213.8,660.3
16.9,-187.3,732.3
85.7,-251.9,749.2
184.1,-301.6,694.2
224.3,-321.7,593.7
223.3,-319.6,509.0
170.4,-239.2,459.3
104.8,-169.3,437.0
98.4,-99.5,473.0
86.8,-83.6,513.2
183.1,-51.9,641.3
258.2,-85.7,724.9
359.8,-151.3,733.3
425.4,-184.1,691.0
454.0,-187.3,614.8
421.2,-135.4,571.4
355.6,-62.4,541.8
284.7,20.1,496.3
224.3,73.0,473.0
187.3,133.3,503.7
153.4,171.4,558.7
118.5,208.5,629.6
100.5,221.2,679.4
117.5,207.4,692.1
139.7,188.4,663.5
150.3,184.1,629.6
122.8,188.4,578.8
-,-,-
208.5,-270.9,724.9
243.4,-300.5,724.9
309.0,-303.7,707.9
322.8,-301.6,674.1
85.7,-317.5,676.2
387.3,-288.9,696.3
390.5,-289.9,680.4
410.6,-255.0,664.6
405.3,-236.0,664.6
424.3,-181.0,681.5
429.6,-115.3,683.6
424.3,-66.7,675.1
421.2,-11.6,628.6
409.5,18.0,563.0
391.5,64.6,521.7
354.5,121.7,491.0
306.9,205.3,473.0
274.1,272.0,474.1
257.1,320.6,494.2
234.9,371.4,522.8
207.4,406.3,555.6
157.7,455.0,556.6
134.4,493.1,547.1
117.5,513.2,561.9
88.9,512.2,590.5
63.5,545.0,595.8
16.9,542.9,573.5
-10.6,556.6,573.5
-48.7,530.2,557.7
-66.7,524.9,573.5
-114.3,522.8,593.7
-153.4,531.2,608.5
-187.3,523.8,610.6
-233.9,495.2,627.5
-256.1,503.7,642.3
-299.5,491.0,643.4
-300.5,475.1,663.5
-288.9,443.4,675.1
-302.6,442.3,665.6
-324.9,428.6,659.3
-357.7,426.5,679.4
-389.4,406.3,710.1
-400.0,374.6,748.1
-353.4,354.5,785.2
-301.6,337.6,800.0
-222.2,293.1,797.9
-219.0,236.0,763.0
-220.1,184.1,761.9
-248.7,136.5,730.2
-281.5,86.8,695.2
-283.6,18.0,706.9
-249.7,-36.0,749.2
-198.9,-101.6,782.0
-149.2,-148.1,800.0
-97.4,-183.1,818.0
-82.5,-220.1,802.1
-51.9,-250.8,778.8
-51.9,-301.6,745.0
-52.9,-335.4,710.1
-51.9,-370.4,713.2
-31.7,-388.4,724.9
-12.7,-408.5,699.5
 2.1,-422.2,675.1
-19.0,-388.4,658.2
-36.0,-350.3,642.3
-33.9,-319.6,679.4
-16.9,-323.8,665.6
30.7,-322.8,662.4
48.7,-337.6,611.6
116.4,-386.2,572.5
157.7,-422.2,563.0
171.4,-419.0,590.5
138.6,-374.6,645.5
118.5,-304.8,724.9
137.6,-251.9,783.1
168.3,-232.8,811.6
221.2,-232.8,796.8
221.2,-254.0,714.3
206.3,-234.9,645.5
154.5,-187.3,572.5
134.4,-152.4,538.6
117.5,-115.3,521.7
115.3,-82.5,559.8
118.5,-33.9,625.4
116.4,-19.0,640.2
120.6,16.9,632.8
99.5,49.7,625.4
74.1,72.0,625.4
67.7,86.8,607.4
49.7,83.6,573.5
50.8,89.9,563.0
65.6,99.5,573.5
85.7,102.6,591.5
116.4,100.5,641.3
133.3,106.9,692.1
136.5,116.4,695.2
150.3,106.9,676.2
136.5,116.4,662.4
121.7,118.5,561.9
102.6,99.5,623.3
100.5,132.3,611.6
55.0,149.2,675.1
39.2,183.1,748.1
34.9,202.1,641.3
-,-,-
88.9,-252.9,728.0
150.3,-273.0,776.7
189.4,-317.5,764.0
251.9,-351.3,759.8
304.8,-391.5,730.2
375.7,-420.1,711.1
420.1,-437.0,680.4
426.5,-408.5,676.2
423.3,-353.4,681.5
391.5,-299.5,663.5
377.8,-231.7,661.4
389.4,-183.1,663.5
392.6,-133.3,678.3
389.4,-82.5,659.3
407.4,-37.0,626.5
437.0,-13.8,576.7
440.2,18.0,539.7
406.3,85.7,512.2
323.8,220.1,521.7
270.9,335.4,523.8
257.1,354.5,522.8
275.1,343.9,493.1
272.0,341.8,444.4
257.1,354.5,410.6
237.0,389.4,427.5
202.1,437.0,479.4
173.5,470.9,523.8
133.3,505.8,556.6
72.0,542.9,572.5
-11.6,572.5,579.9
-46.6,561.9,596.8
-65.6,545.0,614.8
-81.5,541.8,657.1
-101.6,506.9,648.7
-147.1,512.2,679.4
-188.4,522.8,681.5
-213.8,512.2,692.1
-233.9,514.3,724.9
-255.0,506.9,727.0
-266.7,522.8,749.2
-302.6,507.9,760.8
-334.4,524.9,764.0
-336.5,509.0,751.3
-352.4,487.8,749.2
-358.7,425.4,732.3
-376.7,389.4,698.4
-388.4,392.6,691.0
-369.3,359.8,660.3
-334.4,355.6,665.6
-306.9,310.1,697.4
-287.8,236.0,741.8
-255.0,167.2,743.9
-236.0,89.9,706.9
-222.2, 4.2,645.5
-204.2,-65.6,645.5
-183.1,-103.7,662.4
-153.4,-99.5,715.3
-152.4,-66.7,784.1
-164.0,-49.7,829.6
-164.0,-30.7,862.4
-150.3,-79.4,832.8
-79.4,-139.7,785.2
-66.7,-188.4,725.9
-16.9,-270.9,674.1
 3.2,-307.9,664.6
 6.3,-317.5,727.0
29.6,-288.9,760.8
21.2,-282.5,802.1
38.1,-270.9,815.9
50.8,-281.5,783.1
57.1,-285.7,760.8
37.0,-285.7,695.2
65.6,-305.8,609.5
87.8,-334.4,578.8
89.9,-334.4,590.5
85.7,-281.5,661.4
85.7,-240.2,728.0
150.3,-264.6,716.4
203.2,-286.8,746.0
233.9,-284.7,676.2
236.0,-287.8,626.5
222.2,-255.0,512.2
138.6,-203.2,556.6
83.6,-131.2,545.0
52.9,-65.6,494.2
48.7,-16.9,590.5
63.5,39.2,658.2
115.3,72.0,731.2
186.2,31.7,729.1
252.9, 2.1,677.2
300.5,-51.9,728.0
339.7,-96.3,596.8
355.6,-98.4,560.8
352.4,-115.3,555.6
322.8,-100.5,524.9
273.0,-18.0,573.5
185.2,82.5,607.4
151.3,154.5,673.0
138.6,191.5,712.2
138.6,174.6,727.0
122.8,135.4,728.0
158.7,50.8,676.2
173.5,86.8,609.5
170.4,72.0,561.9
158.7,72.0,557.7
134.4,120.6,581.0
99.5,190.5,644.4
102.6,223.3,699.5
22.2,254.0,758.7
-,-,-
83.6,-236.0,679.4
88.9,-250.8,677.2
150.3,-257.1,674.1
189.4,-301.6,640.2
276.2,-355.6,647.6
338.6,-366.1,698.4
371.4,-333.3,777.8
409.5,-302.6,829.6
454.0,-269.8,884.7
457.1,-222.2,912.2
426.5,-168.3,878.3
423.3,-118.5,812.7
422.2,-113.2,698.4
423.3,-81.5,613.8
374.6,-34.9,539.7
387.3,-12.7,510.1
387.3,47.6,539.7
353.4,152.4,578.8
307.9,225.4,591.5
275.1,270.9,572.5
255.0,307.9,528.0
209.5,355.6,476.2
157.7,402.1,439.2
167.2,407.4,427.5
150.3,454.0,442.3
121.7,454.0,460.3
117.5,472.0,513.2
89.9,487.8,540.7
85.7,473.0,547.1
68.8,463.5,578.8
30.7,474.1,593.7
-3.2,494.2,594.7
-49.7,507.9,589.4
-103.7,540.7,624.3
-172.5,530.2,665.6
-187.3,496.3,694.2
-214.8,477.2,725.9
-264.6,480.4,729.1
-318.5,492.1,742.9
-350.3,493.1,715.3
-368.3,488.9,695.2
-405.3,489.9,681.5
-421.2,489.9,712.2
-422.2,454.0,716.4
-400.0,421.2,697.4
-384.1,353.4,675.1
-354.5,338.6,691.0
-318.5,302.6,689.9
-286.8,284.7,709.0
-281.5,251.9,724.9
-257.1,206.3,727.0
-254.0,168.3,696.3
-239.2,106.9,662.4
-222.2,39.2,610.6
-202.1,52.9,623.3
-205.3, 1.1,612.7
-230.7,14.8,644.4
-236.0,21.2,746.0
-205.3,16.9,767.2
-166.1,-15.9,797.9
-102.6,-52.9,642.3
-65.6,-116.4,775.7
-13.8,-182.0,761.9
 3.2,-231.7,731.2
48.7,-252.9,743.9
 4.2,-233.9,776.7
 4.2,-220.1,628.6
14.8,-237.0,811.6
 6.3,-224.3,827.5
 5.3,-248.7,811.6
83.6,-289.9,724.9
83.6,-332.3,764.0
88.9,-317.5,1048.7
69.8,-252.9,761.9
52.9,-272.0,716.4
69.8,-255.0,707.9
102.6,-281.5,697.4
150.3,-283.6,732.3
155.6,-386.2,729.1
150.3,-302.6,712.2
156.6,-291.0,698.4
155.6,-282.5,660.3
175.7,-268.8,644.4
152.4,-236.0,630.7
135.4,-214.8,627.5
118.5,-166.1,644.4
105.8,-133.3,658.2
140.7,-120.6,676.2
167.2,-118.5,691.0
221.2,-114.3,661.4
250.8,-135.4,626.5
268.8,-137.6,575.7
254.0,-132.3,529.1
219.0,-105.8,540.7
208.5,-82.5,559.8
201.1,-67.7,565.1
242.3,-47.6,577.8
222.2,-2.1,627.5
225.4,19.0,658.2
123.8,50.8,662.4
206.3,85.7,658.2
184.1,69.8,626.5
170.4,83.6,610.6
150.3,98.4,579.9
121.7,133.3,564.0
82.5,166.1,573.5
-,-,-
135.4,-240.2,682.5
201.1,-257.1,707.9
238.1,-268.8,707.9
274.1,-266.7,715.3
309.0,-273.0,716.4
355.6,-285.7,728.0
404.2,-284.7,731.2
407.4,-288.9,725.9
420.1,-239.2,727.0
387.3,-169.3,716.4
343.9,-82.5,682.5
338.6,-34.9,645.5
342.9, 4.2,609.5
340.7,38.1,588.4
337.6,47.6,545.0
339.7,33.9,506.9
325.9,49.7,489.9
327.0,86.8,522.8
319.6,151.3,529.1
285.7,207.4,525.9
242.3,268.8,511.1
220.1,327.0,538.6
156.6,394.7,522.8
118.5,425.4,503.7
87.8,437.0,495.2
54.0,443.4,505.8
47.6,443.4,513.2
14.8,472.0,527.0
-31.7,494.2,558.7
-81.5,507.9,560.8
-112.2,523.8,556.6
-132.3,510.1,557.7
-147.1,507.9,555.6
-154.5,492.1,538.6
-169.3,492.1,542.9
-187.3,510.1,573.5
-219.0,525.9,609.5
-222.2,541.8,627.5
-237.0,524.9,660.3
-251.9,539.7,732.3
-268.8,543.9,729.1
-272.0,542.9,742.9
-306.9,539.7,819.0
-339.7,525.9,648.7
-385.2,511.1,643.4
-388.4,473.0,845.5
-388.4,424.3,683.6
-384.1,374.6,505.8
-322.8,306.9,676.2
-285.7,257.1,681.5
-256.1,215.9,706.9
-249.7,139.7,733.3
-222.2,68.8,641.3
-201.1,-1.1,731.2
-188.4,-96.3,733.3
-204.2,-83.6,728.0
-220.1,-46.6,860.3
-218.0,-32.8,813.8
-200.0,-14.8,800.0
-154.5,-69.8,764.0
-115.3,-188.4,759.8
-52.9,-100.5,776.7
-32.8,-298.4,761.9
-37.0,-266.7,746.0
-12.7,-339.7,715.3
31.7,-388.4,714.3
52.9,-387.3,716.4
73.0,-372.5,730.2
64.6,-337.6,741.8
65.6,-338.6,745.0
50.8,-320.6,731.2
66.7,-321.7,728.0
99.5,-351.3,707.9
134.4,-368.3,656.1
167.2,-406.3,611.6
169.3,-366.1,577.8
100.5,-318.5,558.7
101.6,-236.0,565.1
33.9,-184.1,571.4
49.7,-148.1,606.3
150.3,-165.1,642.3
121.7,-205.3,659.3
325.9,-254.0,645.5
339.7,-269.8,642.3
370.4,-252.9,609.5
666.7,-203.2,627.5
289.9,-134.4,626.5
218.0,-63.5,607.4
151.3,-2.1,577.8
138.6,36.0,563.0
138.6,83.6,607.4
156.6,68.8,666.7
225.4,32.8,714.3
286.8,14.8,742.9
319.6, 4.2,715.3
293.1,34.9,692.1
251.9,86.8,656.1
185.2,117.5,660.3
117.5,157.7,631.7
83.6,175.7,612.7
83.6,173.5,611.6
87.8,170.4,643.4
86.8,171.4,680.4
-,-,-
437.0,-425.4,741.8
489.9,-474.1,763.0
556.6,-512.2,749.2
545.0,-521.7,699.5
528.0,-457.1,674.1
494.2,-357.7,661.4
463.5,-238.1,676.2
407.4,-97.4,693.1
360.8,-3.2,679.4
354.5,51.9,647.6
336.5,99.5,596.8
303.7,167.2,543.9
270.9,222.2,495.2
239.2,275.1,504.8
201.1,336.5,461.4
168.3,389.4,460.3
151.3,445.5,459.3
104.8,493.1,470.9
66.7,555.6,479.4
20.1,589.4,493.1
 3.2,613.8,488.9
-10.6,607.4,528.0
-47.6,575.7,442.3
-52.9,579.9,497.4
-66.7,578.8,523.8
-86.8,589.4,574.6
-152.4,596.8,611.6
-186.2,614.8,596.8
-238.1,610.6,579.9
-256.1,590.5,559.8
-267.7,559.8,593.7
-281.5,540.7,606.3
-287.8,512.2,622.2
-281.5,497.4,573.5
-284.7,476.2,662.4
-291.0,522.8,657.1
-284.7,469.8,646.6
-255.0,443.4,659.3
-281.5,369.3,658.2
-309.0,420.1,649.7
-288.9,319.6,641.3
-270.9,307.9,645.5
-237.0,190.5,678.3
-218.0,135.4,711.1
-186.2,137.6,759.8
-168.3,68.8,767.2
-203.2,50.8,760.8
-189.4,38.1,710.1
-200.0,-32.8,693.1
-203.2,-265.6,714.3
-238.1,-15.9,749.2
-216.9,-185.2,779.9
-171.4,-223.3,795.8
-82.5,-282.5,802.1
-82.5,-304.8,862.4
-168.3,-323.8,879.4
-66.7,-319.6,895.2
-116.4,-317.5,882.5
-148.1,-303.7,861.4
-52.9,-284.7,827.5
139.7,-286.8,768.3
-148.1,-303.7,698.4
-82.5,-334.4,661.4
-33.9,-342.9,642.3
-18.0,-384.1,660.3
 4.2,-374.6,715.3
-2.1,-351.3,797.9
15.9,-319.6,861.4
55.0,-336.5,832.8
115.3,-374.6,749.2
104.8,-386.2,659.3
72.0,-351.3,593.7
49.7,-316.4,525.9
49.7,-283.6,492.1
38.1,-248.7,522.8
67.7,-219.0,557.7
101.6,-200.0,612.7
152.4,-205.3,664.6
224.3,-205.3,709.0
287.8,-222.2,692.1
302.6,-216.9,660.3
268.8,-167.2,597.9
207.4,-84.7,578.8
156.6, 3.2,561.9
99.5,73.0,539.7
85.7,152.4,541.8
66.7,187.3,556.6
64.6,234.9,581.0
68.8,233.9,611.6
-,-,-
150.3,-316.4,692.1
233.9,-334.4,716.4
259.3,-353.4,712.2
275.1,-373.5,692.1
322.8,-384.1,658.2
389.4,-391.5,608.5
460.3,-403.2,589.4
494.2,-402.1,611.6
510.1,-336.5,679.4
493.1,-281.5,692.1
489.9,-220.1,692.1
460.3,-155.6,659.3
438.1,-86.8,598.9
391.5,-13.8,555.6
361.9,31.7,478.3
353.4,100.5,476.2
256.1,205.3,461.4
201.1,288.9,496.3
166.1,353.4,407.4
122.8,409.5,506.9
89.9,456.1,504.8
82.5,494.2,524.9
22.2,546.0,783.1
 4.2,558.7,596.8
-15.9,541.8,594.7
-51.9,560.8,658.2
-87.8,576.7,677.2
-134.4,572.5,681.5
-171.4,589.4,682.5
-216.9,558.7,664.6
-239.2,546.0,663.5
-252.9,529.1,630.7
-240.2,492.1,624.3
-222.2,487.8,625.4
-220.1,460.3,597.9
-220.1,456.1,610.6
-221.2,410.6,612.7
-281.5,404.2,625.4
-354.5,409.5,660.3
-421.2,442.3,750.3
-405.3,409.5,847.6
-369.3,274.1,929.1
-237.0,-81.5,948.1
-135.4,118.5,915.3
-95.2,-65.6,811.6
-47.6,-37.0,861.4
-15.9,-151.3,798.9
-135.4,-220.1,740.7
-168.3,-219.0,759.8
-152.4,-222.2,782.0
-152.4,-267.7,850.8
-97.4,-287.8,930.2
-66.7,-333.3,945.0
-19.0,-373.5,901.6
-2.1,-407.4,802.1
-13.8,-400.0,715.3
-50.8,-407.4,664.6
-63.5,-353.4,665.6
-101.6,-304.8,691.0
-62.4,-305.8,725.9
187.3,-322.8,732.3
-13.8,-354.5,749.2
19.0,-355.6,776.7
55.0,-370.4,760.8
104.8,-388.4,727.0
103.7,-424.3,641.3
84.7,-388.4,610.6
36.0,-368.3,575.7
31.7,-354.5,563.0
31.7,-338.6,563.0
20.1,-333.3,558.7
14.8,-300.5,577.8
-19.0,-218.0,589.4
15.9,-169.3,611.6
83.6,-167.2,642.3
156.6,-184.1,642.3
218.0,-238.1,591.5
267.7,-250.8,561.9
269.8,-240.2,557.7
256.1,-221.2,573.5
258.2,-183.1,594.7
240.2,-121.7,607.4
187.3,-52.9,611.6
186.2,-14.8,640.2
186.2, 4.2,664.6
221.2,-33.9,628.6
291.0,-54.0,606.3
338.6,-84.7,593.7
342.9,-64.6,610.6
285.7,-14.8,594.7
233.9,85.7,626.5
173.5,136.5,628.6
137.6,169.3,644.4
118.5,186.2,657.1
102.6,170.4,645.5
106.9,169.3,648.7
122.8,156.6,625.4
123.8,157.7,624.3
115.3,156.6,644.4
-,-,-
-268.8,-281.5,707.9
139.7,-305.8,727.0
188.4,-322.8,714.3
236.0,-350.3,714.3
302.6,-357.7,711.1
340.7,-352.4,681.5
375.7,-333.3,706.9
424.3,-288.9,716.4
460.3,-282.5,763.0
505.8,-254.0,801.1
525.9,-248.7,878.3
555.6,-205.3,676.2
542.9,-171.4,662.4
506.9,-118.5,542.9
443.4,-29.6,459.3
386.2,40.2,372.5
341.8,84.7,375.7
339.7,99.5,359.8
371.4,116.4,437.0
359.8,135.4,456.1
353.4,184.1,475.1
288.9,241.3,477.2
189.4,357.7,506.9
100.5,421.2,488.9
40.2,376.7,504.8
31.7,355.6,543.9
-16.9,559.8,579.9
-45.5,505.8,628.6
-55.0,529.1,674.1
-114.3,543.9,692.1
-155.6,357.7,709.0
-205.3,575.7,730.2
-272.0,629.6,748.1
-315.3,643.4,750.3
-333.3,589.4,766.1
-404.2,557.7,798.9
-317.5,539.7,798.9
-324.9,479.4,765.1
-323.8,539.7,759.8
-353.4,462.4,724.9
-350.3,443.4,712.2
-342.9,393.7,662.4
-341.8,334.4,643.4
-320.6,258.2,657.1
-321.7,222.2,680.4
-232.8,172.5,698.4
-218.0,150.3,723.8
-183.1,121.7,742.9
-156.6,89.9,724.9
-168.3,88.9,709.0
-184.1,51.9,728.0
-165.1,-12.7,750.3
-135.4,-101.6,733.3
-79.4,-151.3,746.0
-45.5,-184.1,749.2
 2.1,-219.0,766.1
48.7,-281.5,802.1
82.5,-355.6,845.5
117.5,-418.0,864.6
98.4,-443.4,845.5
51.9,-404.2,798.9
-1.1,-372.5,748.1
-49.7,-323.8,715.3
-84.7,-318.5,673.0
-114.3,-301.6,676.2
-86.8,-300.5,692.1
-47.6,-333.3,746.0
 4.2,-368.3,741.8
69.8,-420.1,691.0
117.5,-452.9,662.4
122.8,-472.0,656.1
86.8,-423.3,645.5
 2.1,-352.4,628.6
-36.0,-283.6,608.5
-37.0,-285.7,593.7
19.0,-285.7,640.2
82.5,-316.4,695.2
167.2,-340.7,716.4
259.3,-389.4,693.1
305.8,-443.4,643.4
311.1,-392.6,615.9
215.9,-304.8,591.5
149.2,-219.0,556.6
89.9,-151.3,527.0
38.1,-96.3,531.2
38.1,-65.6,574.6
73.0,-54.0,609.5
157.7,-49.7,675.1
242.3,-85.7,682.5
323.8,-118.5,662.4
336.5,-117.5,641.3
292.1,-66.7,631.7
207.4,22.2,613.8
137.6,89.9,547.1
85.7,139.7,540.7
49.7,154.5,528.0
36.0,171.4,546.0
37.0,174.6,574.6
83.6,188.4,641.3
115.3,201.1,679.4
-,-,-
207.4,-383.1,595.8
249.7,-391.5,607.4
272.0,-390.5,625.4
287.8,-402.1,851.9
334.4,-375.7,662.4
340.7,-305.8,826.5
339.7,-281.5,691.0
370.4,18.0,710.1
374.6,-214.8,695.2
427.5,-424.3,696.3
440.2,-155.6,681.5
489.9,-134.4,677.2
489.9,-98.4,642.3
463.5,-19.0,609.5
424.3,85.7,605.3
376.7,121.7,575.7
342.9,274.1,557.7
286.8,354.5,524.9
274.1,339.7,506.9
242.3,487.8,469.8
324.9,354.5,443.4
223.3,370.4,425.4
208.5,389.4,422.2
205.3,392.6,438.1
183.1,437.0,476.2
153.4,477.2,523.8
88.9,542.9,559.8
52.9,557.7,574.6
 3.2,560.8,590.5
-31.7,575.7,614.8
-64.6,624.3,649.7
-114.3,657.1,697.4
51.9,676.2,743.9
-167.2,673.0,778.8
-187.3,661.4,796.8
-186.2,628.6,812.7
-197.9,614.8,797.9
-197.9,607.4,795.8
-132.3,564.0,811.6
-117.5,509.0,782.0
-66.7,455.0,778.8
-79.4,388.4,742.9
-132.3,390.5,778.8
-134.4,359.8,815.9
-113.2,307.9,846.6
-68.8,223.3,814.8
-66.7,168.3,763.0
-44.4,154.5,725.9
-20.1,49.7,643.4
-33.9,-32.8,647.6
-67.7,-105.8,692.1
-99.5,-171.4,731.2
-101.6,-203.2,747.1
-100.5,-232.8,802.1
-102.6,-237.0,827.5
-132.3,-273.0,785.2
-153.4,-298.4,724.9
-214.8,-317.5,677.2
-200.0,-340.7,709.0
-163.0,-408.5,733.3
-101.6,-441.3,763.0
-61.4,-476.2,759.8
 1.1,-511.1,730.2
21.2,-520.6,691.0
-1.1,-487.8,692.1
-65.6,-425.4,715.3
-64.6,-407.4,727.0
-61.4,-401.1,711.1
-46.6,-419.0,663.5
-4.2,-416.9,645.5
32.8,-424.3,614.8
91.0,-437.0,624.3
135.4,-426.5,628.6
150.3,-400.0,675.1
165.1,-371.4,676.2
166.1,-351.3,678.3
169.3,-320.6,658.2
152.4,-283.6,624.3
174.6,-254.0,608.5
184.1,-238.1,590.5
186.2,-222.2,589.4
170.4,-184.1,579.9
174.6,-134.4,592.6
203.2,-119.6,614.8
255.0,-151.3,607.4
319.6,-172.5,579.9
354.5,-183.1,557.7
339.7,-149.2,547.1
288.9,-115.3,529.1
239.2,-49.7,514.3
183.1, 3.2,492.1
167.2,32.8,504.8
167.2,72.0,529.1
173.5,117.5,611.6
187.3,139.7,682.5
202.1,149.2,717.5
218.0,140.7,710.1
204.2,152.4,665.6
173.5,156.6,626.5
-,-,-
191.5,-317.5,693.1
206.3,-307.9,722.8
224.3,-282.5,715.3
242.3,-322.8,700.5
291.0,-323.8,680.4
323.8,-340.7,674.1
288.9,-335.4,659.3
320.6,-304.8,661.4
425.4,-283.6,662.4
306.9,-220.1,665.6
269.8,-172.5,643.4
338.6,-121.7,594.7
310.1,-85.7,529.1
353.4,-64.6,525.9
358.7,-14.8,506.9
354.5,14.8,491.0
376.7,88.9,510.1
355.6,141.8,495.2
340.7,189.4,507.9
337.6,241.3,513.2
270.9,335.4,547.1
239.2,406.3,560.8
166.1,427.5,541.8
39.2,472.0,557.7
102.6,459.3,543.9
81.5,476.2,545.0
68.8,470.9,547.1
64.6,475.1,574.6
-28.6,509.0,590.5
-81.5,545.0,597.9
-112.2,545.0,624.3
-150.3,556.6,642.3
-167.2,540.7,632.8
-204.2,511.1,645.5
-223.3,505.8,658.2
-238.1,473.0,645.5
-254.0,461.4,666.7
-250.8,438.1,682.5
-236.0,424.3,697.4
-267.7,394.7,709.0
-298.4,409.5,743.9
-287.8,426.5,747.1
-342.9,425.4,749.2
-374.6,425.4,732.3
-405.3,408.5,749.2
-390.5,369.3,768.3
-354.5,285.7,747.1
-249.7,188.4,748.1
-203.2,119.6,750.3
-170.4,99.5,775.7
-200.0, 1.1,712.2
-239.2,16.9,749.2
-286.8,-15.9,759.8
-325.9,-65.6,764.0
-340.7,-102.6,775.7
-273.0,-147.1,783.1
-184.1,-171.4,827.5
-99.5,-205.3,818.0
21.2,-287.8,816.9
105.8,-389.4,781.0
134.4,-476.2,713.2
122.8,-525.9,645.5
65.6,-541.8,591.5
38.1,-494.2,597.9
-20.1,-421.2,627.5
-64.6,-336.5,640.2
-78.3,-286.8,659.3
-14.8,-254.0,693.1
19.0,-284.7,709.0
84.7,-321.7,694.2
141.8,-384.1,681.5
189.4,-418.0,644.4
207.4,-423.3,645.5
183.1,-385.2,630.7
135.4,-301.6,627.5
15.9,-232.8,626.5
16.9,-114.3,678.3
67.7,-69.8,741.8
116.4,-117.5,759.8
184.1,-166.1,742.9
240.2,-231.7,641.3
269.8,-267.7,579.9
276.2,-237.0,559.8
242.3,-154.5,556.6
149.2,-46.6,559.8
67.7,72.0,575.7
67.7,119.6,628.6
117.5,115.3,692.1
173.5,36.0,697.4
232.8,-16.9,646.6
259.3,-32.8,590.5
275.1,-33.9,563.0
254.0, 3.2,577.8
191.5,67.7,591.5
138.6,151.3,625.4
86.8,201.1,629.6
56.1,239.2,657.1
51.9,254.0,679.4
69.8,220.1,682.5
85.7,186.2,677.2
105.8,168.3,693.1
99.5,183.1,663.5
-,-,-
286.8,-372.5,575.7
352.4,-390.5,630.7
377.8,-385.2,679.4
371.4,-339.7,711.1
340.7,-268.8,709.0
309.0,-186.2,695.2
277.2,-164.0,659.3
336.5,-132.3,642.3
345.0,-96.3,630.7
342.9,-62.4,639.2
369.3,-18.0,629.6
359.8,33.9,596.8
354.5,89.9,579.9
328.0,151.3,607.4
288.9,256.1,641.3
252.9,323.8,625.4
251.9,342.9,613.8
243.4,386.2,613.8
237.0,403.2,612.7
188.4,424.3,594.7
184.1,420.1,560.8
174.6,423.3,545.0
136.5,442.3,530.2
105.8,456.1,545.0
65.6,461.4,573.5
20.1,476.2,579.9
-20.1,474.1,575.7
-81.5,496.3,577.8
-131.2,487.8,593.7
-154.5,477.2,614.8
-182.0,472.0,625.4
-186.2,458.2,612.7
-214.8,438.1,624.3
-221.2,403.2,624.3
-234.9,387.3,631.7
-283.6,391.5,659.3
-315.3,391.5,676.2
-338.6,372.5,680.4
-370.4,360.8,663.5
-401.1,354.5,641.3
-400.0,338.6,644.4
-357.7,321.7,677.2
-318.5,276.2,745.0
-301.6,273.0,827.5
-281.5,233.9,836.0
-255.0,188.4,802.1
-267.7,103.7,798.9
-272.0, 1.1,727.0
-302.6,-1.1,766.1
-272.0,-66.7,794.7
-222.2,-103.7,830.7
-183.1,-150.3,849.7
-150.3,-147.1,912.2
-163.0,-152.4,899.5
-138.6,-183.1,844.4
-101.6,-231.7,795.8
-86.8,-267.7,766.1
-96.3,-286.8,743.9
-70.9,-268.8,743.9
-96.3,-240.2,775.7
-100.5,-187.3,827.5
-87.8,-169.3,826.5
-86.8,-165.1,801.1
-80.4,-171.4,729.1
-66.7,-219.0,642.3
-46.6,-249.7,614.8
-34.9,-287.8,590.5
-13.8,-319.6,575.7
-18.0,-320.6,558.7
-12.7,-268.8,611.6
18.0,-219.0,725.9
115.3,-236.0,783.1
220.1,-306.9,784.1
275.1,-357.7,700.5
257.1,-355.6,624.3
220.1,-352.4,572.5
171.4,-302.6,527.0
117.5,-236.0,489.9
81.5,-171.4,497.4
66.7,-102.6,571.4
116.4,-48.7,697.4
223.3,-15.9,781.0
286.8,-47.6,781.0
339.7,-102.6,763.0
359.8,-151.3,682.5
342.9,-132.3,627.5
270.9,-83.6,579.9
220.1,-50.8,510.1
189.4,-30.7,491.0
151.3,18.0,489.9
119.6,82.5,557.7
72.0,137.6,611.6
33.9,206.3,661.4
30.7,243.4,697.4
37.0,258.2,709.0
65.6,233.9,715.3
70.9,204.2,698.4
65.6,168.3,629.6
49.7,175.7,581.0
34.9,172.5,563.0
-,-,-
169.3,-289.9,645.5
201.1,-286.8,643.4
224.3,-298.4,641.3
252.9,-301.6,656.1
275.1,-254.0,680.4
269.8,-198.9,731.2
269.8,-136.5,767.2
257.1,-84.7,764.0
291.0,-63.5,740.7
320.6,-62.4,698.4
342.9,-52.9,674.1
373.5,-48.7,647.6
390.5,-28.6,624.3
385.2,-12.7,576.7
360.8,19.0,523.8
371.4,55.0,497.4
357.7,120.6,496.3
325.9,201.1,509.0
292.1,255.0,510.1
251.9,325.9,495.2
191.5,387.3,461.4
171.4,388.4,440.2
149.2,404.2,455.0
119.6,424.3,458.2
97.4,440.2,475.1
98.4,441.3,511.1
54.0,493.1,542.9
-12.7,525.9,559.8
-68.8,574.6,593.7
-136.5,592.6,593.7
-182.0,593.7,609.5
-236.0,593.7,614.8
-266.7,556.6,607.4
-270.9,527.0,613.8
-289.9,506.9,658.2
-315.3,475.1,694.2
-333.3,462.4,709.0
-351.3,488.9,729.1
-388.4,472.0,727.0
-402.1,522.8,747.1
-434.9,458.2,694.2
-488.9,456.1,710.1
-485.7,427.5,730.2
-459.3,392.6,783.1
-407.4,353.4,831.7
-340.7,303.7,864.6
-268.8,272.0,851.9
-219.0,220.1,785.2
-183.1,152.4,750.3
-187.3,120.6,724.9
-218.0,89.9,783.1
-233.9,-33.9,746.0
-200.0,-69.8,730.2
-168.3,-116.4,693.1
-170.4,-120.6,709.0
-171.4,-100.5,733.3
-202.1,-96.3,757.7
-188.4,-99.5,761.9
-182.0,-135.4,743.9
-150.3,-201.1,725.9
-146.0,-267.7,727.0
-80.4,-355.6,710.1
-31.7,-423.3,665.6
-37.0,-438.1,628.6
-80.4,-408.5,626.5
-99.5,-367.2,595.8
-115.3,-299.5,696.3
-81.5,-284.7,751.3
13.8,-333.3,776.7
85.7,-418.0,722.8
121.7,-456.1,662.4
139.7,-487.8,590.5
136.5,-456.1,577.8
89.9,-388.4,540.7
49.7,-304.8,537.6
47.6,-265.6,594.7
85.7,-252.9,658.2
167.2,-257.1,776.7
222.2,-299.5,716.4
277.2,-322.8,676.2
294.2,-320.6,607.4
301.6,-284.7,556.6
250.8,-230.7,543.9
200.0,-146.0,525.9
156.6,-69.8,504.8
154.5,-31.7,510.1
190.5,-2.1,597.9
221.2, 4.2,698.4
270.9,31.7,764.0
286.8,38.1,764.0
291.0,65.6,732.3
257.1,85.7,665.6
219.0,119.6,629.6
186.2,150.3,594.7
-,-,-
259.3,-304.8,692.1
284.7,-272.0,709.0
292.1,-257.1,696.3
320.6,-234.9,709.0
358.7,-223.3,710.1
388.4,-223.3,676.2
425.4,-198.9,644.4
438.1,-151.3,592.6
422.2,-83.6,539.7
387.3,-16.9,493.1
339.7,91.0,507.9
291.0,189.4,548.1
304.8,242.3,581.0
319.6,289.9,591.5
323.8,302.6,573.5
307.9,343.9,542.9
258.2,371.4,488.9
254.0,406.3,457.1
173.5,472.0,429.6
101.6,556.6,476.2
18.0,613.8,545.0
-19.0,642.3,596.8
-31.7,640.2,641.3
-48.7,612.7,657.1
-33.9,593.7,682.5
-69.8,564.0,679.4
-104.8,564.0,657.1
-165.1,560.8,594.7
-204.2,563.0,595.8
-251.9,559.8,625.4
-273.0,546.0,627.5
-307.9,523.8,611.6
-338.6,510.1,642.3
-340.7,509.0,661.4
-356.6,488.9,693.1
-336.5,459.3,696.3
-303.7,391.5,666.7
-254.0,336.5,657.1
-247.6,274.1,624.3
-256.1,236.0,615.9
-272.0,117.5,595.8
-250.8,117.5,715.3
-236.0,49.7,766.1
-233.9,54.0,816.9
-201.1,54.0,831.7
-200.0,-32.8,794.7
-187.3,-100.5,761.9
-172.5,-186.2,761.9
-139.7,-249.7,800.0
-154.5,-269.8,802.1
-151.3,-272.0,812.7
-133.3,-272.0,795.8
-114.3,-303.7,783.1
-100.5,-303.7,800.0
-73.0,-336.5,783.1
-46.6,-371.4,760.8
-47.6,-404.2,743.9
-31.7,-406.3,730.2
-15.9,-423.3,698.4
-13.8,-409.5,709.0
-11.6,-389.4,716.4
 3.2,-385.2,697.4
13.8,-368.3,699.5
 1.1,-341.8,698.4
39.2,-356.6,696.3
70.9,-393.7,660.3
89.9,-388.4,622.2
116.4,-400.0,592.6
119.6,-372.5,594.7
121.7,-340.7,610.6
106.9,-285.7,631.7
115.3,-237.0,661.4
121.7,-206.3,647.6
151.3,-165.1,662.4
169.3,-152.4,646.6
219.0,-164.0,609.5
237.0,-154.5,574.6
258.2,-120.6,561.9
223.3,-83.6,576.7
205.3,-30.7,609.5
216.9, 2.1,625.4
239.2,12.7,629.6
257.1,23.3,613.8
252.9,39.2,607.4
254.0,87.8,641.3
208.5,119.6,658.2
202.1,151.3,660.3
171.4,169.3,611.6
154.5,171.4,558.7
121.7,185.2,539.7
132.3,170.4,560.8
155.6,184.1,605.3
170.4,184.1,646.6
-,-,-
496.3,-322.8,733.3
439.2,-252.9,746.0
373.5,-153.4,723.8
317.5,-87.8,681.5
293.1,-36.0,657.1
275.1,16.9,641.3
269.8,70.9,595.8
322.8,116.4,589.4
377.8,101.6,612.7
404.2,122.8,613.8
374.6,172.5,613.8
310.1,268.8,596.8
237.0,336.5,547.1
187.3,386.2,512.2
168.3,411.6,489.9
139.7,412.7,477.2
151.3,425.4,472.0
149.2,427.5,474.1
134.4,437.0,494.2
115.3,458.2,505.8
83.6,479.4,507.9
51.9,488.9,492.1
12.7,494.2,505.8
-45.5,493.1,525.9
-62.4,493.1,530.2
-79.4,491.0,542.9
-112.2,479.4,542.9
-104.8,454.0,573.5
-150.3,442.3,595.8
-186.2,472.0,624.3
-223.3,477.2,641.3
-265.6,487.8,662.4
-305.8,487.8,679.4
-337.6,460.3,682.5
-337.6,438.1,698.4
-319.6,438.1,746.0
-287.8,420.1,749.2
-282.5,408.5,751.3
-250.8,375.7,732.3
-255.0,374.6,742.9
-254.0,323.8,732.3
-266.7,305.8,745.0
-286.8,241.3,741.8
-251.9,203.2,727.0
-215.9,133.3,693.1
-179.9,88.9,698.4
-137.6,66.7,723.8
-99.5,38.1,802.1
-64.6,-3.2,815.9
-63.5,-54.0,848.7
-79.4,-116.4,850.8
-52.9,-154.5,834.9
-34.9,-216.9,783.1
-36.0,-265.6,732.3
-50.8,-254.0,711.1
-48.7,-233.9,759.8
-47.6,-214.8,830.7
-48.7,-232.8,851.9
-47.6,-237.0,851.9
-82.5,-256.1,783.1
-100.5,-236.0,714.3
-135.4,-232.8,643.4
-155.6,-203.2,581.0
-172.5,-197.9,556.6
-171.4,-188.4,542.9
-118.5,-184.1,611.6
-34.9,-185.2,725.9
86.8,-265.6,779.9
216.9,-468.8,784.1
304.8,-488.9,742.9
304.8,-476.2,681.5
240.2,-389.4,623.3
155.6,-335.4,555.6
40.2,-251.9,504.8
-47.6,-136.5,473.0
-67.7,-98.4,476.2
-19.0,-49.7,543.9
69.8,-37.0,641.3
207.4,-66.7,732.3
339.7,-154.5,759.8
427.5,-233.9,766.1
425.4,-234.9,710.1
338.6,-171.4,624.3
243.4,-147.1,560.8
201.1,-103.7,529.1
133.3,83.6,496.3
86.8,49.7,511.1
70.9,98.4,556.6
68.8,136.5,624.3
87.8,175.7,711.1
115.3,202.1,743.9
171.4,170.4,714.3
207.4,136.5,695.2
220.1,122.8,664.6
189.4,233.9,627.5
153.4,149.2,659.3
-,-,-
170.4,-272.0,576.7
234.9,-300.5,711.1
272.0,-320.6,680.4
289.9,-322.8,661.4
311.1,-307.9,648.7
338.6,-300.5,646.6
352.4,-283.6,641.3
360.8,-248.7,640.2
371.4,-222.2,628.6
358.7,-181.0,630.7
354.5,-148.1,613.8
343.9,-103.7,592.6
341.8,-69.8,590.5
359.8,-36.0,591.5
369.3,-2.1,589.4
355.6,22.2,590.5
358.7,52.9,589.4
335.4,99.5,555.6
319.6,138.6,522.8
288.9,187.3,488.9
291.0,233.9,474.1
292.1,267.7,478.3
303.7,293.1,511.1
300.5,323.8,530.2
286.8,353.4,542.9
251.9,388.4,547.1
200.0,412.7,531.2
140.7,473.0,513.2
100.5,506.9,492.1
82.5,514.3,507.9
68.8,507.9,540.7
56.1,509.0,577.8
30.7,507.9,611.6
-18.0,509.0,642.3
-66.7,511.1,658.2
-135.4,506.9,665.6
-204.2,513.2,680.4
-300.5,527.0,676.2
-334.4,525.9,712.2
-371.4,491.0,743.9
-401.1,472.0,798.9
-421.2,443.4,830.7
-424.3,421.2,815.9
-402.1,411.6,811.6
-373.5,388.4,800.0
-338.6,341.8,779.9
-335.4,293.1,750.3
-305.8,222.2,745.0
-269.8,117.5,763.0
-223.3,63.5,818.0
-171.4,15.9,867.7
-136.5, 3.2,900.5
-115.3,-47.6,862.4
-100.5,-18.0,847.6
-112.2,-51.9,847.6
-164.0,-69.8,802.1
-168.3,-85.7,801.1
-132.3,-131.2,766.1
-98.4,-171.4,757.7
-97.4,-197.9,730.2
-49.7,-216.9,710.1
-18.0,-255.0,681.5
 3.2,-285.7,673.0
 0.0,-287.8,663.5
-16.9,-283.6,680.4
-1.1,-283.6,679.4
18.0,-301.6,663.5
33.9,-337.6,658.2
19.0,-321.7,631.7
16.9,-320.6,627.5
21.2,-318.5,641.3
31.7,-304.8,626.5
36.0,-288.9,607.4
39.2,-286.8,595.8
57.1,-269.8,608.5
86.8,-281.5,641.3
139.7,-287.8,696.3
203.2,-317.5,660.3
270.9,-353.4,699.5
285.7,-319.6,662.4
268.8,-287.8,647.6
218.0,-237.0,614.8
184.1,-187.3,591.5
136.5,-120.6,579.9
118.5,-85.7,558.7
150.3,-80.4,611.6
169.3,-65.6,625.4
225.4,-70.9,631.7
267.7,-79.4,629.6
293.1,-67.7,611.6
340.7,-30.7,598.9
360.8,-85.7,442.3
324.9,238.1,613.8
256.1,116.4,607.4
208.5,117.5,591.5
173.5,131.2,572.5
150.3,150.3,590.5
140.7,155.6,607.4
-,-,-
157.7,-269.8,698.4
238.1,-286.8,707.9
286.8,-306.9,709.0
336.5,-318.5,728.0
372.5,-299.5,728.0
376.7,-270.9,724.9
376.7,-233.9,713.2
358.7,-183.1,675.1
353.4,-120.6,626.5
319.6,-98.4,614.8
318.5,-49.7,628.6
274.1,-3.2,612.7
257.1,23.3,605.3
255.0,55.0,581.0
243.4,70.9,559.8
256.1,103.7,556.6
237.0,137.6,540.7
238.1,188.4,513.2
206.3,223.3,489.9
203.2,255.0,488.9
185.2,287.8,491.0
166.1,323.8,521.7
151.3,370.4,540.7
121.7,389.4,559.8
89.9,404.2,564.0
70.9,393.7,543.9
38.1,405.3,528.0
-13.8,409.5,509.0
-31.7,409.5,512.2
-62.4,407.4,527.0
-68.8,391.5,547.1
-83.6,402.1,590.5
-137.6,424.3,631.7
-188.4,438.1,662.4
-220.1,424.3,692.1
-248.7,425.4,697.4
-302.6,426.5,714.3
-339.7,423.3,733.3
-369.3,423.3,743.9
-384.1,439.2,758.7
-425.4,454.0,760.8
-470.9,475.1,759.8
-477.2,423.3,748.1
-485.7,356.6,733.3
-451.9,272.0,742.9
-424.3,190.5,749.2
-387.3,117.5,774.6
-367.2,65.6,781.0
-319.6,32.8,749.2
-340.7,-19.0,750.3
-323.8,-86.8,714.3
-323.8,-165.1,681.5
-333.3,-189.4,693.1
-320.6,-189.4,694.2
-302.6,-189.4,712.2
-256.1,-198.9,750.3
-201.1,-231.7,758.7
-183.1,-255.0,713.2
-149.2,-309.0,647.6
-101.6,-367.2,663.5
-98.4,-388.4,609.5
-101.6,-387.3,572.5
-113.2,-357.7,558.7
-102.6,-324.9,648.7
-69.8,-307.9,749.2
-37.0,-318.5,766.1
-2.1,-322.8,767.2
15.9,-350.3,697.4
21.2,-337.6,648.7
66.7,-350.3,581.0
52.9,-374.6,497.4
91.0,-389.4,530.2
-4.2,-357.7,542.9
82.5,-306.9,559.8
65.6,-230.7,561.9
65.6,-196.8,676.2
-12.7,-202.1,691.0
140.7,-185.2,699.5
150.3,-485.7,676.2
137.6,-281.5,641.3
223.3,-223.3,597.9
223.3,-171.4,581.0
205.3,-118.5,591.5
136.5,-135.4,576.7
116.4,81.5,576.7
51.9,39.2,576.7
66.7,119.6,607.4
50.8,135.4,643.4
73.0,156.6,678.3
138.6,118.5,699.5
205.3,86.8,696.3
223.3,88.9,675.1
201.1,122.8,677.2
-,-,-
98.4,-289.9,699.5
133.3,-289.9,729.1
134.4,-286.8,747.1
152.4,-281.5,750.3
157.7,-284.7,742.9
184.1,-268.8,727.0
184.1,-254.0,711.1
200.0,-236.0,697.4
201.1,-220.1,674.1
202.1,-188.4,661.4
218.0,-169.3,646.6
269.8,-166.1,643.4
292.1,-164.0,640.2
305.8,-150.3,641.3
319.6,-130.2,629.6
336.5,-99.5,594.7
353.4,-86.8,577.8
353.4,-67.7,577.8
370.4,-18.0,576.7
355.6,31.7,572.5
338.6,99.5,561.9
302.6,168.3,546.0
276.2,207.4,530.2
284.7,239.2,512.2
287.8,255.0,495.2
305.8,269.8,489.9
306.9,284.7,491.0
286.8,336.5,512.2
226.5,394.7,539.7
189.4,455.0,572.5
172.5,475.1,606.3
156.6,505.8,608.5
115.3,527.0,594.7
56.1,557.7,611.6
 1.1,578.8,643.4
-33.9,593.7,674.1
-82.5,609.5,695.2
-102.6,589.4,713.2
-113.2,559.8,714.3
-167.2,538.6,695.2
-190.5,529.1,696.3
-252.9,521.7,695.2
-305.8,539.7,692.1
-340.7,547.1,693.1
-371.4,538.6,677.2
-389.4,557.7,727.0
-424.3,525.9,723.8
-486.8,488.9,698.4
-542.9,426.5,691.0
-576.7,338.6,729.1
-555.6,283.6,657.1
-475.1,218.0,676.2
-408.5,168.3,776.7
-351.3,87.8,766.1
-266.7,21.2,716.4
-265.6,-79.4,661.4
-301.6,-151.3,625.4
-337.6,-202.1,538.6
-321.7,-205.3,644.4
-285.7,-231.7,646.6
-237.0,-222.2,696.3
-197.9,-220.1,714.3
-185.2,-221.2,730.2
-150.3,-238.1,716.4
-98.4,-286.8,696.3
-46.6,-332.3,660.3
-36.0,-518.5,646.6
 2.1,-375.7,645.5
37.0,-434.9,613.8
14.8,-369.3,594.7
-14.8,-28.6,629.6
 1.1,-333.3,661.4
14.8,-350.3,681.5
32.8,-285.7,725.9
66.7,-288.9,715.3
122.8,-305.8,680.4
200.0,-366.1,647.6
234.9,-408.5,596.8
236.0,-406.3,576.7
204.2,-368.3,543.9
88.9,-272.0,539.7
-84.7,-200.0,488.9
16.9,-102.6,486.8
68.8,-36.0,563.0
40.2, 4.2,691.0
153.4,-10.6,766.1
234.9,-70.9,763.0
319.6,-103.7,699.5
292.1,-121.7,613.8
268.8,-69.8,595.8
207.4,-14.8,609.5
155.6,72.0,628.6
70.9,157.7,640.2
52.9,187.3,661.4
81.5,203.2,710.1
133.3,173.5,761.9
184.1,137.6,746.0
218.0,87.8,691.0
238.1,87.8,664.6
220.1,102.6,659.3
-,-,-
50.8,-234.9,712.2
120.6,-250.8,741.8
167.2,-318.5,729.1
237.0,-334.4,716.4
272.0,-367.2,695.2
323.8,-403.2,662.4
371.4,-419.0,648.7
393.7,-420.1,658.2
408.5,-386.2,680.4
440.2,-355.6,723.8
444.4,-282.5,749.2
407.4,-219.0,731.2
406.3,-151.3,715.3
391.5,-100.5,680.4
406.3,-66.7,626.5
425.4,-65.6,576.7
437.0,-48.7,522.8
443.4,-32.8,474.1
457.1,36.0,496.3
438.1,151.3,543.9
337.6,274.1,581.0
285.7,353.4,593.7
242.3,390.5,573.5
236.0,412.7,542.9
205.3,437.0,539.7
198.9,454.0,543.9
170.4,470.9,543.9
152.4,487.8,521.7
115.3,522.8,539.7
82.5,542.9,556.6
47.6,572.5,579.9
15.9,539.7,610.6
14.8,509.0,609.5
-29.6,492.1,626.5
-64.6,505.8,643.4
-133.3,527.0,658.2
-200.0,556.6,681.5
-257.1,564.0,724.9
-305.8,582.0,734.4
-323.8,581.0,746.0
-333.3,555.6,742.9
-317.5,548.1,792.6
-320.6,539.7,815.9
-333.3,527.0,845.5
-335.4,512.2,767.2
-338.6,455.0,778.8
-355.6,374.6,693.1
-357.7,304.8,630.7
-333.3,225.4,662.4
-286.8,134.4,697.4
-216.9,89.9,631.7
-181.0,36.0,709.0
-140.7,-14.8,674.1
-136.5,-87.8,640.2
-149.2,-137.6,609.5
-184.1,-120.6,631.7
-206.3,-64.6,649.7
-239.2,-166.1,660.3
-236.0,-188.4,662.4
-167.2,-214.8,716.4
-147.1,-240.2,776.7
-51.9,-304.8,798.9
 6.3,-232.8,784.1
18.0,-452.9,746.0
13.8,-521.7,692.1
22.2,-555.6,613.8
19.0,-574.6,573.5
 4.2,-523.8,540.7
-272.0,-422.2,590.5
-114.3,-317.5,646.6
-84.7,-268.8,716.4
-34.9,-220.1,814.8
49.7,-272.0,802.1
-72.0,-334.4,707.9
116.4,-374.6,592.6
102.6,-386.2,528.0
82.5,-369.3,527.0
51.9,-302.6,547.1
 4.2,-204.2,545.0
68.8,-184.1,610.6
67.7,-174.6,664.6
119.6,-151.3,729.1
185.2,-172.5,742.9
239.2,-231.7,694.2
270.9,-265.6,629.6
272.0,-250.8,607.4
223.3,-202.1,581.0
168.3,-132.3,555.6
106.9,-44.4,528.0
68.8,-1.1,538.6
98.4,51.9,627.5
134.4,65.6,742.9
184.1,73.0,794.7
218.0,48.7,750.3
238.1,15.9,698.4
234.9,13.8,646.6
206.3,16.9,612.7
184.1,50.8,591.5
-,-,-
269.8,-354.5,632.8
292.1,-338.6,662.4
302.6,-302.6,681.5
306.9,-255.0,695.2
319.6,-236.0,692.1
309.0,-201.1,693.1
316.4,-165.1,658.2
325.9,-147.1,629.6
354.5,-117.5,627.5
356.6,-68.8,625.4
375.7,-45.5,631.7
410.6,-45.5,626.5
426.5,-19.0,612.7
427.5,18.0,576.7
410.6,81.5,561.9
358.7,182.0,542.9
301.6,256.1,559.8
257.1,338.6,542.9
234.9,359.8,538.6
237.0,387.3,541.8
223.3,406.3,545.0
225.4,428.6,546.0
203.2,444.4,559.8
171.4,495.2,540.7
123.8,510.1,581.0
88.9,537.6,594.7
52.9,541.8,626.5
 5.3,543.9,564.0
20.1,507.9,664.6
15.9,475.1,625.4
-18.0,511.1,648.7
-64.6,511.1,677.2
-102.6,525.9,697.4
-166.1,531.2,324.9
-221.2,557.7,936.5
-272.0,572.5,700.5
-306.9,539.7,711.1
-349.2,543.9,745.0
-401.1,440.2,748.1
-402.1,477.2,730.2
-420.1,473.0,713.2
-419.0,493.1,697.4
-418.0,206.3,694.2
-418.0,393.7,649.7
-401.1,317.5,614.8
-386.2,234.9,608.5
-298.4,206.3,646.6
-188.4,-100.5,699.5
-119.6,-31.7,749.2
-114.3,-86.8,733.3
98.4,-86.8,715.3
-233.9,-102.6,678.3
-237.0,-149.2,677.2
-221.2,-221.2,663.5
-285.7,-301.6,662.4
-150.3,-341.8,658.2
-152.4,-373.5,645.5
-137.6,-408.5,645.5
-137.6,-424.3,658.2
-166.1,-403.2,662.4
-206.3,-369.3,632.8
-201.1,-337.6,642.3
-168.3,-334.4,657.1
-119.6,-353.4,680.4
-64.6,-385.2,707.9
-2.1,-422.2,711.1
32.8,-455.0,692.1
33.9,-440.2,640.2
21.2,-392.6,612.7
-29.6,-323.8,597.9
-66.7,-249.7,625.4
-69.8,-218.0,661.4
14.8,-248.7,732.3
86.8,-305.8,743.9
170.4,-358.7,698.4
221.2,-376.7,643.4
208.5,-370.4,590.5
190.5,-300.5,545.0
122.8,-221.2,527.0
73.0,-114.3,573.5
39.2,-62.4,564.0
88.9,-52.9,606.3
122.8,-70.9,656.1
184.1,-114.3,674.1
254.0,-155.6,630.7
305.8,-189.4,605.3
335.4,-172.5,608.5
273.0,-133.3,626.5
204.2,-20.1,644.4
141.8,36.0,612.7
106.9,86.8,590.5
83.6,122.8,590.5
67.7,153.4,605.3
54.0,149.2,626.5
106.9,133.3,676.2
167.2,132.3,727.0
-,-,-
100.5,-335.4,591.5
140.7,-319.6,622.2
139.7,-288.9,613.8
186.2,-304.8,664.6
236.0,-318.5,697.4
287.8,-334.4,728.0
327.0,-323.8,732.3
338.6,-299.5,714.3
341.8,-249.7,692.1
335.4,-202.1,680.4
310.1,-135.4,648.7
310.1,-101.6,710.1
328.0,-84.7,625.4
342.9,-50.8,675.1
369.3,-29.6,541.8
356.6,13.8,659.3
354.5,70.9,644.4
318.5,135.4,626.5
304.8,190.5,627.5
291.0,220.1,589.4
288.9,237.0,491.0
285.7,242.3,506.9
270.9,272.0,455.0
252.9,303.7,472.0
223.3,355.6,422.2
236.0,392.6,507.9
191.5,373.5,529.1
201.1,443.4,576.7
167.2,459.3,592.6
119.6,510.1,590.5
70.9,489.9,561.9
32.8,375.7,555.6
-11.6,495.2,547.1
-34.9,480.4,555.6
-69.8,474.1,579.9
-133.3,760.8,592.6
-167.2,507.9,611.6
-202.1,802.1,631.7
-197.9,496.3,644.4
-251.9,487.8,644.4
-287.8,488.9,681.5
-341.8,477.2,696.3
-350.3,470.9,709.0
-366.1,444.4,706.9
-386.2,420.1,661.4
-352.4,428.6,676.2
-352.4,393.7,663.5
-335.4,387.3,681.5
-336.5,343.9,698.4
-372.5,303.7,715.3
-357.7,239.2,725.9
-351.3,186.2,727.0
-320.6,133.3,729.1
-285.7,56.1,709.0
-251.9,-3.2,699.5
-203.2,-52.9,710.1
-156.6,-97.4,742.9
-186.2,-101.6,763.0
-215.9,-99.5,779.9
-223.3,-101.6,785.2
-203.2,-116.4,784.1
-149.2,-168.3,765.1
-66.7,-239.2,746.0
-12.7,-273.0,767.2
-1.1,-281.5,775.7
 3.2,-285.7,758.7
31.7,-281.5,775.7
21.2,-266.7,781.0
 3.2,-266.7,811.6
 4.2,-269.8,816.9
55.0,-305.8,781.0
83.6,-339.7,729.1
66.7,-322.8,661.4
64.6,-332.3,614.8
65.6,-300.5,597.9
52.9,-273.0,627.5
65.6,-249.7,664.6
104.8,-258.2,710.1
169.3,-269.8,746.0
233.9,-284.7,731.2
284.7,-307.9,691.0
309.0,-320.6,630.7
293.1,-317.5,625.4
268.8,-256.1,609.5
138.6,-165.1,597.9
114.3,-69.8,613.8
119.6,-52.9,592.6
157.7,-62.4,608.5
206.3,-69.8,612.7
225.4,-79.4,628.6
270.9,-67.7,678.3
273.0,-65.6,698.4
272.0,-36.0,696.3
237.0,-2.1,676.2
190.5,52.9,641.3
132.3,100.5,588.4
99.5,155.6,578.8
69.8,190.5,596.8
55.0,205.3,644.4
67.7,208.5,680.4
-,-,-
-45.5,-32.8,612.7
-2.1,-45.5,625.4
-3.2,-64.6,640.2
-19.0,-69.8,648.7
-20.1,-88.9,658.2
-14.8,-102.6,173.5
-11.6,-98.4,723.8
 6.3,-132.3,712.2
63.5,-154.5,675.1
74.1,-184.1,676.2
118.5,-198.9,730.2
150.3,-216.9,732.3
216.9,-248.7,743.9
276.2,-281.5,749.2
353.4,-284.7,711.1
408.5,-316.4,658.2
441.3,-318.5,660.3
459.3,-287.8,661.4
439.2,-240.2,663.5
394.7,-151.3,664.6
359.8,-84.7,665.6
353.4,52.9,644.4
289.9,18.0,606.3
287.8,136.5,589.4
288.9,242.3,573.5
288.9,216.9,559.8
309.0,-2.1,556.6
323.8,157.7,539.7
305.8,120.6,545.0
240.2,322.8,548.1
188.4,407.4,541.8
105.8,425.4,496.3
68.8,459.3,496.3
18.0,509.0,523.8
18.0,513.2,573.5
15.9,487.8,607.4
36.0,458.2,609.5
-247.6,420.1,607.4
-1.1,422.2,607.4
-84.7,444.4,595.8
-168.3,474.1,560.8
-256.1,522.8,543.9
-319.6,564.0,563.0
-389.4,574.6,625.4
-421.2,558.7,681.5
-457.1,546.0,761.9
-455.0,574.6,818.0
-456.1,542.9,802.1
-454.0,525.9,775.7
-133.3,492.1,709.0
-403.2,439.2,657.1
-425.4,358.7,596.8
-422.2,319.6,608.5
-406.3,268.8,630.7
-369.3,218.0,692.1
-288.9,156.6,776.7
-218.0,103.7,800.0
-149.2,48.7,783.1
-131.2,-36.0,779.9
-86.8,-122.8,785.2
-103.7,-221.2,731.2
-134.4,-284.7,715.3
-132.3,-303.7,709.0
-132.3,-286.8,741.8
-132.3,-284.7,776.7
-134.4,-283.6,828.6
-86.8,-254.0,893.1
-83.6,-289.9,886.8
-33.9,-352.4,846.6
 5.3,-404.2,800.0
37.0,-440.2,714.3
31.7,-443.4,647.6
15.9,-433.9,644.4
-1.1,-407.4,661.4
-2.1,-386.2,664.6
36.0,-316.4,732.3
67.7,-285.7,829.6
100.5,-299.5,849.7
138.6,-341.8,781.0
153.4,-340.7,693.1
133.3,-357.7,609.5
116.4,-335.4,575.7
85.7,-285.7,560.8
85.7,-237.0,577.8
100.5,-188.4,624.3
107.9,-163.0,677.2
184.1,-137.6,741.8
233.9,-136.5,758.7
283.6,-133.3,725.9
268.8,-132.3,646.6
219.0,-86.8,595.8
172.5,-54.0,539.7
106.9, 4.2,493.1
51.9,70.9,472.0
38.1,114.3,504.8
56.1,154.5,577.8
82.5,190.5,660.3
156.6,185.2,729.1
242.3,133.3,730.2
-,-,-
-46.6,-134.4,657.1
-11.6,-167.2,648.7
 3.2,-173.5,680.4
21.2,-213.8,711.1
31.7,-205.3,732.3
64.6,-215.9,757.7
99.5,-239.2,802.1
133.3,-251.9,759.8
184.1,-250.8,743.9
236.0,-268.8,743.9
285.7,-283.6,743.9
325.9,-298.4,727.0
377.8,-289.9,695.2
395.8,-304.8,660.3
422.2,-350.3,641.3
427.5,-219.0,641.3
410.6,-153.4,643.4
388.4,-31.7,648.7
394.7,-19.0,674.1
409.5,18.0,676.2
377.8,55.0,625.4
377.8,198.9,593.7
389.4,132.3,556.6
370.4,186.2,528.0
322.8,260.3,512.2
293.1,149.2,507.9
288.9,374.6,504.8
291.0,371.4,521.7
288.9,406.3,539.7
270.9,405.3,542.9
268.8,410.6,558.7
239.2,422.2,524.9
203.2,454.0,527.0
286.8,496.3,529.1
50.8,539.7,557.7
-237.0,578.8,560.8
49.7,571.4,575.7
-3.2,543.9,592.6
-47.6,529.1,609.5
-68.8,539.7,623.3
-103.7,530.2,609.5
-151.3,524.9,610.6
-201.1,523.8,624.3
-220.1,525.9,630.7
-267.7,520.6,644.4
-306.9,525.9,682.5
-320.6,522.8,710.1
-337.6,510.1,725.9
-336.5,495.2,725.9
-317.5,472.0,714.3
-283.6,455.0,699.5
-289.9,410.6,679.4
-302.6,357.7,662.4
-335.4,283.6,624.3
-357.7,250.8,613.8
-358.7,185.2,657.1
-335.4,132.3,709.0
-286.8,40.2,759.8
-222.2,-19.0,767.2
-182.0,-87.8,760.8
-184.1,-186.2,693.1
-186.2,-240.2,641.3
-187.3,-282.5,641.3
-188.4,-272.0,664.6
-202.1,-265.6,694.2
-200.0,-233.9,732.3
-204.2,-216.9,767.2
-171.4,-234.9,815.9
-148.1,-248.7,847.6
-154.5,-256.1,815.9
-120.6,-281.5,767.2
-100.5,-307.9,750.3
-69.8,-332.3,763.0
-44.4,-340.7,759.8
-14.8,-320.6,749.2
-11.6,-286.8,742.9
-33.9,-237.0,716.4
-36.0,-202.1,699.5
-15.9,-213.8,692.1
31.7,-232.8,680.4
51.9,-237.0,696.3
115.3,-255.0,709.0
186.2,-318.5,696.3
272.0,-355.6,694.2
292.1,-338.6,678.3
234.9,-286.8,642.3
166.1,-206.3,611.6
120.6,-147.1,588.4
103.7,-100.5,597.9
99.5,-78.3,624.3
119.6,-34.9,644.4
133.3,-30.7,644.4
202.1,-37.0,626.5
259.3,-69.8,607.4
291.0,-84.7,594.7
289.9,-64.6,588.4
240.2,-15.9,576.7
187.3,39.2,573.5
150.3,68.8,574.6
154.5,67.7,597.9
187.3,37.0,623.3
-,-,-
-3.2,-267.7,716.4
55.0,-301.6,747.1
150.3,-119.6,728.0
158.7,-371.4,695.2
222.2,-402.1,662.4
251.9,-388.4,645.5
272.0,-372.5,613.8
258.2,-286.8,606.3
309.0,-323.8,609.5
338.6,-303.7,622.2
319.6,-281.5,624.3
386.2,-238.1,643.4
360.8,-185.2,641.3
269.8,-115.3,612.7
328.0,-51.9,575.7
286.8, 3.2,524.9
305.8,33.9,510.1
337.6,64.6,545.0
339.7,87.8,563.0
359.8,117.5,573.5
355.6,166.1,563.0
375.7,223.3,545.0
345.0,273.0,530.2
311.1,305.8,527.0
257.1,337.6,504.8
259.3,356.6,475.1
238.1,406.3,488.9
221.2,422.2,513.2
220.1,445.5,546.0
190.5,472.0,576.7
173.5,472.0,608.5
169.3,477.2,625.4
134.4,493.1,645.5
86.8,522.8,679.4
37.0,529.1,697.4
 5.3,546.0,729.1
-54.0,572.5,759.8
-101.6,575.7,777.8
-137.6,561.9,766.1
-181.0,546.0,760.8
-220.1,523.8,750.3
-256.1,505.8,760.8
-299.5,473.0,747.1
-319.6,460.3,748.1
-303.7,461.4,750.3
-304.8,444.4,749.2
-267.7,421.2,774.6
-240.2,388.4,773.5
-236.0,338.6,766.1
-249.7,287.8,741.8
-268.8,257.1,713.2
-285.7,205.3,697.4
-269.8,140.7,695.2
-266.7,98.4,676.2
-236.0,84.7,674.1
-184.1,32.8,665.6
-163.0,-19.0,681.5
-134.4,-85.7,697.4
-137.6,-168.3,700.5
-138.6,-206.3,698.4
-170.4,-252.9,681.5
-201.1,-239.2,683.6
-220.1,-222.2,699.5
-203.2,-204.2,758.7
-187.3,-185.2,826.5
-152.4,-232.8,828.6
-37.0,-287.8,829.6
 2.1,-368.3,798.9
52.9,-424.3,749.2
87.8,-459.3,695.2
81.5,-485.7,643.4
33.9,-406.3,660.3
-20.1,-325.9,710.1
-68.8,-248.7,766.1
-37.0,-205.3,833.9
 4.2,-205.3,863.5
21.2,-222.2,813.8
84.7,-257.1,709.0
116.4,-307.9,598.9
156.6,-356.6,541.8
152.4,-355.6,509.0
117.5,-306.9,495.2
98.4,-252.9,523.8
88.9,-188.4,573.5
134.4,-170.4,644.4
185.2,-184.1,697.4
221.2,-197.9,680.4
215.9,-171.4,593.7
209.5,-149.2,494.2
221.2,-148.1,488.9
233.9,-135.4,493.1
187.3,-68.8,571.4
116.4, 1.1,612.7
69.8,83.6,658.2
83.6,136.5,695.2
