-,-,-
358.7,-122.2,1523.8
98.4,-26.9,988.8
96.8,-26.9,996.8
58.7,-52.3,1012.7
31.7,-76.1,1038.1
6.3,-122.2,1042.8
22.2,-149.2,998.4
23.8,-204.7,1015.8
98.4,-201.5,912.7
123.8,-174.6,504.7
187.3,-146.0,844.4
249.2,-100.0,857.1
309.5,-80.9,885.7
352.3,23.8,871.4
388.8,58.7,911.1
439.6,82.5,963.4
431.7,79.3,971.4
409.5,100.0,1012.7
361.9,107.9,1014.2
288.8,34.9,1046.0
231.7,31.7,1041.2
200.0,-19.0,1011.1
200.0,-46.0,1020.6
150.7,-52.3,1015.8
109.5,-92.0,1020.6
123.8,-125.4,1017.4
152.3,-149.2,1049.2
79.3,-203.1,1000.0
76.1,-230.1,1019.0
82.5,-273.0,969.8
126.9,-303.1,941.2
133.3,-349.2,933.3
209.5,-382.5,863.4
273.0,-303.1,846.0
385.7,-130.1,844.4
411.1,-17.4,923.8
411.1,98.4,973.0
457.1,122.2,1012.7
-,-,-
179.3,-258.7,1395.2
184.1,-49.2,911.1
111.1,-103.1,1011.1
77.7,-169.8,1022.2
34.9,-180.9,993.6
73.0,-203.1,1012.7
126.9,-223.8,966.6
179.3,-222.2,919.0
185.7,-176.1,860.3
250.7,-125.4,842.8
284.1,-95.2,887.3
355.5,-47.6,895.2
382.5,-19.0,938.1
377.7,31.7,942.8
384.1,28.5,1014.2
401.5,49.2,1050.7
336.5,23.8,1019.0
328.5,23.8,1041.2
303.1,-17.4,966.6
184.1,-69.8,992.0
230.1,-93.6,923.8
207.9,-123.8,1014.2
149.2,-128.5,992.0
100.0,-173.0,1017.4
101.5,-179.3,1042.8
47.6,-196.8,993.6
77.7,-228.5,1015.8
74.6,-247.6,1011.1
49.2,-273.0,996.8
96.8,-252.3,920.6
57.1,-257.1,914.2
128.5,-300.0,963.4
130.1,-282.5,919.0
207.9,-247.6,868.2
330.1,-155.5,936.5
353.9,-95.2,985.7
-,-,-
328.5,-331.7,1576.1
79.3,-152.3,1023.8
46.0,-176.1,1023.8
26.9,-255.5,1063.4
106.3,-276.1,990.4
157.1,-274.6,944.4
225.4,-207.9,868.2
258.7,-171.4,869.8
336.5,-69.8,911.1
412.7,3.1,892.0
461.9,79.3,998.4
436.5,100.0,938.1
412.7,155.5,966.6
361.9,126.9,1022.2
326.9,123.8,1039.6
234.9,47.6,1019.0
225.4,0.0,1014.2
184.1,-22.2,1017.4
150.7,-147.6,1044.4
106.3,-171.4,1061.9
74.6,-198.4,1015.8
57.1,-220.6,998.4
52.3,-257.1,1022.2
57.1,-250.7,992.0
76.1,-258.7,969.8
134.9,-271.4,936.5
179.3,-298.4,914.2
201.5,-309.5,914.2
230.1,-228.5,861.9
304.7,-171.4,836.5
282.5,-73.0,871.4
463.4,57.1,969.8
-,-,-
328.5,-247.6,1596.8
149.2,-179.3,1014.2
103.1,-203.1,1014.2
104.7,-246.0,996.8
131.7,-246.0,960.3
179.3,-255.5,934.9
223.8,-231.7,866.6
276.1,-177.7,842.8
312.7,-120.6,869.8
360.3,-68.2,871.4
411.1,-3.1,919.0
433.3,33.3,919.0
428.5,79.3,988.8
387.3,76.1,1047.6
387.3,74.6,1038.1
287.3,30.1,1009.5
252.3,-25.4,987.3
177.7,-76.1,1017.4
82.5,-201.5,1095.2
76.1,-204.7,1068.2
53.9,-228.5,1041.2
47.6,-231.7,966.6
57.1,-309.5,968.2
76.1,-328.5,942.8
126.9,-330.1,892.0
158.7,-323.8,909.5
201.5,-330.1,890.4
252.3,-280.9,839.6
309.5,-200.0,860.3
406.3,-77.7,911.1
457.1,71.4,969.8
-,-,-
331.7,-303.1,1601.5
85.7,-176.1,992.0
106.3,-222.2,996.8
103.1,-284.1,1015.8
155.5,-296.8,946.0
225.4,-282.5,911.1
252.3,-230.1,861.9
312.7,-169.8,834.9
382.5,-42.8,817.4
412.7,23.8,842.8
457.1,53.9,947.6
436.5,96.8,996.8
434.9,101.5,1022.2
415.8,123.8,1022.2
285.7,46.0,1012.7
307.9,-23.8,995.2
184.1,-76.1,1044.4
133.3,-130.1,1087.3
104.7,-179.3,1041.2
49.2,-247.6,1061.9
22.2,-280.9,971.4
73.0,-360.3,998.4
77.7,-358.7,968.2
107.9,-347.6,896.8
174.6,-298.4,842.8
211.1,-257.1,868.2
304.7,-253.9,858.7
404.7,-184.1,890.4
460.3,-128.5,941.2
452.3,53.9,939.6
-,-,-
406.3,-400.0,1604.7
158.7,-130.1,990.4
153.9,-173.0,985.7
147.6,-225.4,995.2
176.1,-231.7,961.9
206.3,-257.1,936.5
231.7,-206.3,841.2
306.3,-155.5,842.8
336.5,-98.4,871.4
384.1,-22.2,865.0
400.0,50.7,920.6
434.9,82.5,965.0
428.5,103.1,1020.6
338.1,104.7,1066.6
365.0,57.1,1049.2
279.3,0.0,996.8
231.7,-66.6,1063.4
79.3,-120.6,1044.4
74.6,-131.7,1047.6
26.9,-174.6,1073.0
22.2,-252.3,1015.8
53.9,-279.3,996.8
77.7,-353.9,990.4
103.1,-350.7,961.9
149.2,-309.5,884.1
176.1,-282.5,839.6
231.7,-233.3,833.3
306.3,-152.3,844.4
411.1,-123.8,942.8
-,-,-
255.5,-401.5,1601.5
109.5,-149.2,1012.7
80.9,-196.8,988.8
123.8,-228.5,942.8
155.5,-273.0,934.9
209.5,-223.8,869.8
274.6,-171.4,812.7
334.9,-101.5,860.3
385.7,-52.3,865.0
431.7,4.7,917.4
412.7,3.1,968.2
458.7,53.9,1068.2
387.3,46.0,1074.6
361.9,-1.5,1047.6
282.5,-55.5,1038.1
207.9,-101.5,1041.2
73.0,-153.9,1271.4
46.0,-200.0,1066.6
3.1,-230.1,1017.4
-25.4,-271.4,968.2
26.9,-352.3,987.3
76.1,-376.1,892.0
125.4,-376.1,893.6
150.7,-357.1,871.4
198.4,-350.7,839.6
274.6,-284.1,860.3
358.7,-196.8,882.5
431.7,-126.9,966.6
-,-,-
300.0,-406.3,1549.2
128.5,-171.4,1014.2
109.5,47.6,992.0
96.8,-223.8,987.3
123.8,-226.9,939.6
157.1,-225.4,895.2
234.9,-198.4,871.4
288.8,-155.5,844.4
361.9,-147.6,892.0
431.7,-74.6,885.7
431.7,4.7,890.4
438.1,30.1,1012.7
438.1,76.1,1017.4
365.0,53.9,1039.6
377.7,-25.4,1041.2
253.9,-96.8,1015.8
198.4,-117.4,1100.0
77.7,-193.6,1090.4
55.5,-176.1,1065.0
6.3,-206.3,988.8
23.8,-323.8,992.0
123.8,-309.5,917.4
95.2,-353.9,863.4
176.1,-357.1,871.4
228.5,-282.5,819.0
252.3,-177.7,820.6
303.1,-244.4,893.6
380.9,-207.9,920.6
436.5,-122.2,963.4
-,-,-
257.1,-452.3,1473.0
96.8,-100.0,966.6
123.8,-153.9,971.4
147.6,-203.1,996.8
176.1,-223.8,971.4
209.5,-182.5,909.5
255.5,-150.7,911.1
309.5,-101.5,912.7
365.0,-47.6,869.8
388.8,-15.8,907.9
457.1,20.6,965.0
436.5,76.1,987.3
380.9,76.1,1023.8
358.7,33.3,996.8
280.9,-76.1,1246.0
250.7,-119.0,1087.3
126.9,-144.4,1065.0
98.4,-174.6,1069.8
47.6,-207.9,1090.4
0.0,-250.7,993.6
28.5,-326.9,995.2
52.3,-346.0,960.3
96.8,-330.1,841.2
171.4,-331.7,865.0
173.0,-304.7,842.8
257.1,-249.2,869.8
328.5,-177.7,915.8
409.5,-98.4,922.2
414.2,-20.6,992.0
-,-,-
380.9,-450.7,1579.3
98.4,-126.9,1011.1
98.4,-561.9,987.3
123.8,-273.0,969.8
179.3,-260.3,934.9
225.4,-255.5,882.5
284.1,-195.2,819.0
326.9,-120.6,839.6
390.4,-71.4,863.4
466.6,-26.9,866.6
438.1,-17.4,990.4
438.1,22.2,1036.5
388.8,71.4,1017.4
382.5,4.7,1041.2
360.3,-19.0,988.8
230.1,-76.1,1014.2
201.5,-100.0,1042.8
134.9,-150.7,1020.6
58.7,-177.7,1019.0
49.2,-200.0,1022.2
101.5,-304.7,1019.0
80.9,-303.1,987.3
79.3,-330.1,944.4
130.1,-347.6,920.6
152.3,-279.3,865.0
225.4,-296.8,844.4
311.1,-195.2,892.0
412.7,-150.7,887.3
482.5,-46.0,946.0
-,-,-
349.2,-457.1,1625.4
107.9,-150.7,1022.2
100.0,-174.6,992.0
77.7,-184.1,988.8
123.8,-203.1,960.3
157.1,-231.7,896.8
203.1,-220.6,839.6
277.7,-182.5,865.0
333.3,-126.9,887.3
438.1,-47.6,920.6
428.5,-26.9,958.7
409.5,7.9,968.2
428.5,20.6,973.0
382.5,4.7,1090.4
331.7,-20.6,1012.7
253.9,-55.5,1019.0
185.7,-120.6,1017.4
125.4,-149.2,1066.6
50.7,-168.2,1063.4
-22.2,-200.0,990.4
0.0,-279.3,941.2
31.7,-360.3,961.9
77.7,-358.7,912.7
109.5,-352.3,909.5
131.7,-300.0,839.6
231.7,-225.4,834.9
333.3,-228.5,939.6
357.1,-173.0,958.7
515.8,-106.3,965.0
-,-,-
282.5,-407.9,1577.7
107.9,-149.2,946.0
79.3,-177.7,960.3
106.3,-225.4,960.3
153.9,-277.7,968.2
185.7,-26.9,892.0
357.1,-225.4,860.3
309.5,-168.2,892.0
482.5,-147.6,896.8
453.9,-50.7,938.1
436.5,-23.8,941.2
438.1,-1.5,988.8
407.9,25.4,996.8
380.9,-1.5,1011.1
330.1,-30.1,971.4
228.5,-96.8,1022.2
153.9,-100.0,1042.8
98.4,-169.8,1039.6
49.2,-173.0,1022.2
28.5,-225.4,987.3
26.9,-282.5,968.2
47.6,-347.6,946.0
57.1,-355.5,914.2
103.1,-353.9,860.3
200.0,-328.5,811.1
357.1,-220.6,888.8
361.9,-207.9,968.2
-,-,-
284.1,-460.3,1623.8
84.1,-195.2,985.7
82.5,-247.6,971.4
131.7,-282.5,941.2
198.4,-301.5,885.7
257.1,-255.5,863.4
350.7,-174.6,841.2
357.1,-144.4,871.4
453.9,-73.0,912.7
480.9,-17.4,971.4
461.9,7.9,1046.0
412.7,52.3,1063.4
353.9,33.3,1039.6
277.7,-17.4,993.6
211.1,-119.0,1042.8
73.0,-125.4,1038.1
26.9,-195.2,1034.9
-1.5,-252.3,1068.2
-22.2,-280.9,1012.7
28.5,-309.5,947.6
31.7,-284.1,888.8
82.5,-323.8,895.2
173.0,-282.5,884.1
204.7,-269.8,885.7
309.5,-298.4,893.6
363.4,-153.9,885.7
387.3,-123.8,941.2
-,-,-
334.9,-457.1,1582.5
130.1,-176.1,1014.2
79.3,-201.5,1011.1
82.5,-225.4,973.0
111.1,-255.5,920.6
133.3,-231.7,885.7
182.5,-203.1,863.4
230.1,-198.4,895.2
311.1,-152.3,873.0
380.9,-131.7,934.9
436.5,-71.4,915.8
434.9,-41.2,963.4
428.5,-1.5,985.7
431.7,-17.4,966.6
404.7,-30.1,973.0
357.1,-76.1,936.5
334.9,-120.6,992.0
252.3,-130.1,1022.2
203.1,-147.6,993.6
146.0,-207.9,1041.2
98.4,-223.8,1036.5
53.9,-273.0,1020.6
76.1,-334.9,971.4
71.4,-328.5,946.0
104.7,-307.9,892.0
150.7,-306.3,860.3
211.1,-252.3,834.9
260.3,-260.3,868.2
453.9,-195.2,892.0
-,-,-
157.1,-457.1,1530.1
23.8,-206.3,961.9
-1.5,-228.5,968.2
-25.4,-274.6,966.6
23.8,-271.4,946.0
57.1,-296.8,941.2
130.1,-252.3,934.9
207.9,-222.2,936.5
260.3,-176.1,934.9
352.3,-101.5,922.2
428.5,-95.2,933.3
390.4,-28.5,920.6
380.9,-19.0,993.6
365.0,-17.4,1012.7
250.7,-44.4,1023.8
288.8,-69.8,995.2
201.5,-152.3,1117.4
130.1,-131.7,1065.0
-17.4,-198.4,1046.0
-22.2,-230.1,1020.6
-44.4,-233.3,995.2
-222.2,-330.1,1015.8
-44.4,-325.4,920.6
-4.7,-357.1,911.1
22.2,-350.7,892.0
79.3,-257.1,842.8
158.7,-230.1,858.7
250.7,-252.3,942.8
285.7,-131.7,922.2
-,-,-
336.5,-407.9,1600.0
4.7,-196.8,968.2
-25.4,-201.5,990.4
-26.9,-203.1,969.8
0.0,-234.9,968.2
46.0,-230.1,942.8
73.0,-247.6,934.9
152.3,-223.8,919.0
204.7,-180.9,914.2
252.3,-130.1,934.9
306.3,-93.6,942.8
326.9,-74.6,966.6
328.5,-41.2,995.2
334.9,-3.1,1012.7
284.1,3.1,1038.1
280.9,-20.6,1042.8
204.7,-98.4,1046.0
149.2,-119.0,1046.0
23.8,-128.5,990.4
1.5,-203.1,1046.0
-77.7,-246.0,995.2
-95.2,-303.1,992.0
-100.0,-330.1,939.6
-68.2,-328.5,914.2
-52.3,-326.9,895.2
3.1,-307.9,917.4
73.0,-295.2,896.8
173.0,-260.3,912.7
234.9,-203.1,947.6
285.7,-122.2,974.6
-,-,-
303.1,-301.5,1557.1
4.7,-196.8,961.9
0.0,-231.7,961.9
26.9,-276.1,958.7
79.3,-298.4,934.9
149.2,-274.6,893.6
201.5,-225.4,887.3
233.3,-180.9,915.8
301.5,-131.7,969.8
303.1,101.5,963.4
301.5,-25.4,1022.2
301.5,1.5,1044.4
253.9,28.5,1042.8
249.2,-26.9,1017.4
130.1,-131.7,1069.8
69.8,-130.1,1071.4
-22.2,-152.3,987.3
-95.2,-230.1,998.4
-126.9,-230.1,971.4
-130.1,-326.9,961.9
-144.4,-309.5,947.6
-126.9,-350.7,946.0
-120.6,-333.3,920.6
-52.3,-303.1,912.7
4.7,-307.9,895.2
71.4,-295.2,873.0
49.2,-276.1,919.0
234.9,-247.6,941.2
-,-,-
228.5,-330.1,1653.9
-50.7,-206.3,1020.6
-55.5,-247.6,1023.8
-17.4,-273.0,934.9
53.9,-276.1,869.8
133.3,-258.7,820.6
231.7,-219.0,861.9
284.1,-147.6,887.3
301.5,-79.3,963.4
300.0,-52.3,992.0
280.9,1.5,1065.0
260.3,-1.5,1403.1
223.8,-3.1,1092.0
149.2,-120.6,1074.6
79.3,-153.9,1088.8
3.1,-223.8,1022.2
-53.9,-274.6,1061.9
-106.3,-253.9,993.6
-104.7,-323.8,963.4
-98.4,-352.3,919.0
-106.3,-307.9,898.4
-50.7,-350.7,869.8
23.8,-274.6,841.2
79.3,-249.2,869.8
173.0,-247.6,895.2
252.3,-220.6,966.6
282.5,-173.0,1019.0
-,-,-
233.3,-404.7,1607.9
-23.8,-257.1,966.6
25.4,-300.0,907.9
76.1,-349.2,892.0
126.9,-307.9,885.7
204.7,-231.7,890.4
236.5,-177.7,946.0
311.1,-119.0,984.1
326.9,-17.4,1042.8
330.1,0.0,1092.0
312.7,-22.2,1041.2
226.9,-74.6,963.4
174.6,-198.4,1023.8
-15.8,-180.9,993.6
-26.9,-247.6,1023.8
-130.1,-277.7,1087.3
-150.7,-306.3,1049.2
-147.6,-352.3,1014.2
-144.4,-330.1,919.0
-77.7,-304.7,868.2
-44.4,-328.5,896.8
30.1,-274.6,860.3
109.5,-253.9,868.2
200.0,-250.7,892.0
223.8,-246.0,938.1
255.5,-130.1,958.7
-,-,-
55.5,-357.1,1603.1
-20.6,-228.5,965.0
6.3,-277.7,966.6
49.2,-301.5,892.0
104.7,-303.1,863.4
185.7,-249.2,868.2
233.3,-201.5,942.8
304.7,-119.0,966.6
311.1,-57.1,1014.2
336.5,-4.7,1025.4
274.6,20.6,1039.6
250.7,-22.2,1068.2
131.7,-80.9,1049.2
57.1,-125.4,1069.8
-95.2,-171.4,1047.6
-177.7,-258.7,1090.4
-203.1,-306.3,1090.4
-182.5,-398.4,1020.6
-155.5,-384.1,942.8
-95.2,-333.3,844.4
-30.1,-326.9,839.6
50.7,-253.9,820.6
153.9,-228.5,842.8
249.2,-250.7,866.6
284.1,-222.2,941.2
284.1,-130.1,968.2
301.5,-79.3,1020.6
-,-,-
125.4,-528.5,1623.8
-98.4,-203.1,969.8
-100.0,-255.5,934.9
-50.7,-307.9,988.8
-1.5,-326.9,946.0
77.7,-328.5,895.2
149.2,-255.5,887.3
203.1,-203.1,887.3
282.5,-126.9,939.6
301.5,-73.0,996.8
336.5,-69.8,1015.8
252.3,-3.1,1066.6
203.1,-31.7,1096.8
133.3,-74.6,1041.2
103.1,-153.9,1039.6
-3.1,-176.1,1017.4
-79.3,-180.9,995.2
-123.8,-233.3,1015.8
-176.1,-246.0,971.4
-153.9,-301.5,1042.8
-174.6,-323.8,942.8
-119.0,-328.5,896.8
-77.7,-331.7,890.4
23.8,-279.3,834.9
171.4,-225.4,871.4
250.7,-150.7,995.2
-,-,-
225.4,-352.3,1557.1
-44.4,-249.2,985.7
-23.8,-271.4,922.2
7.9,-301.5,912.7
53.9,-285.7,865.0
126.9,-250.7,868.2
200.0,-222.2,947.6
277.7,-128.5,961.9
285.7,-96.8,1023.8
312.7,-46.0,1038.1
326.9,6.3,1090.4
231.7,-23.8,1044.4
201.5,-76.1,1022.2
73.0,-130.1,1015.8
7.9,-153.9,1046.0
-93.6,-122.2,1023.8
-144.4,-179.3,1017.4
-125.4,-203.1,993.6
-155.5,-255.5,998.4
-126.9,-296.8,912.7
-93.6,-304.7,915.8
-52.3,-304.7,888.8
26.9,-311.1,863.4
100.0,-303.1,871.4
180.9,-279.3,920.6
273.0,-157.1,939.6
-,-,-
122.2,-461.9,1596.8
-1.5,-220.6,969.8
20.6,-222.2,919.0
31.7,-282.5,939.6
98.4,-298.4,917.4
149.2,-222.2,860.3
204.7,-200.0,895.2
258.7,-171.4,1012.7
307.9,-23.8,990.4
252.3,-30.1,1066.6
284.1,7.9,1085.7
260.3,-42.8,1087.3
231.7,-123.8,1068.2
149.2,-169.8,1061.9
79.3,-173.0,1023.8
-47.6,-231.7,1047.6
-74.6,-233.3,1041.2
-92.0,-304.7,992.0
-69.8,-325.4,947.6
-20.6,-349.2,871.4
22.2,-360.3,890.4
82.5,-282.5,809.5
107.9,-258.7,815.8
257.1,-225.4,887.3
330.1,-153.9,965.0
-,-,-
147.6,-380.9,1517.4
-4.7,-249.2,963.4
34.9,-295.2,914.2
77.7,-322.2,914.2
130.1,-228.5,896.8
230.1,-182.5,936.5
277.7,-98.4,969.8
301.5,0.0,1017.4
307.9,-20.6,1041.2
276.1,-3.1,1046.0
255.5,-44.4,1049.2
160.3,-104.7,1041.2
73.0,-155.5,1042.8
-17.4,-171.4,1041.2
-100.0,-230.1,1039.6
-95.2,-271.4,1000.0
-107.9,-304.7,993.6
-82.5,-357.1,988.8
-52.3,-331.7,885.7
-44.4,-301.5,885.7
4.7,-300.0,887.3
98.4,-279.3,887.3
150.7,-228.5,911.1
231.7,-152.3,942.8
-,-,-
174.6,-379.3,1395.2
30.1,-249.2,892.0
77.7,-249.2,898.4
149.2,-223.8,914.2
207.9,-168.2,987.3
255.5,-117.4,987.3
253.9,-47.6,1022.2
234.9,-50.7,1074.6
207.9,-49.2,1046.0
196.8,-79.3,1071.4
160.3,-100.0,1039.6
74.6,-126.9,922.2
25.4,-128.5,1019.0
-55.5,-155.5,1020.6
-47.6,-204.7,1049.2
-146.0,-226.9,1017.4
-117.4,-277.7,998.4
-74.6,-304.7,920.6
-49.2,-307.9,919.0
22.2,-298.4,846.0
98.4,-247.6,842.8
152.3,-193.6,865.0
250.7,-179.3,936.5
-,-,-
182.5,-376.1,1580.9
30.1,-149.2,990.4
-3.1,-231.7,1068.2
-47.6,-257.1,557.1
-20.6,-271.4,868.2
53.9,-260.3,865.0
177.7,-204.7,861.9
261.9,-153.9,941.2
412.7,-101.5,965.0
377.7,-47.6,1012.7
403.1,-71.4,1044.4
353.9,-71.4,1036.5
263.4,-71.4,1042.8
236.5,-107.9,1049.2
130.1,-169.8,1046.0
101.5,-149.2,1042.8
-1.5,-157.1,1015.8
-42.8,-204.7,1041.2
-96.8,-246.0,1063.4
-80.9,-306.3,1046.0
-74.6,-355.5,965.0
-69.8,-328.5,888.8
-23.8,-157.1,890.4
-1.5,-331.7,812.7
106.3,-298.4,787.3
-,-,-
55.5,-528.5,1546.0
-1.5,-228.5,973.0
-1.5,-282.5,947.6
103.1,-300.0,919.0
174.6,-258.7,885.7
231.7,-195.2,890.4
307.9,-119.0,919.0
334.9,-77.7,923.8
330.1,-95.2,1015.8
334.9,-49.2,1017.4
273.0,-52.3,1039.6
247.6,-79.3,1061.9
160.3,-155.5,1066.6
131.7,-226.9,1101.5
4.7,-180.9,1039.6
-28.5,-198.4,1041.2
-73.0,-204.7,987.3
-93.6,-280.9,965.0
-80.9,-304.7,939.6
-52.3,-353.9,895.2
-41.2,-376.1,890.4
34.9,-328.5,860.3
150.7,-298.4,846.0
255.5,-253.9,909.5
-,-,-
177.7,-512.7,1571.4
-17.4,-233.3,1036.5
-3.1,-252.3,942.8
22.2,-279.3,887.3
109.5,-280.9,846.0
160.3,-226.9,860.3
260.3,-171.4,866.6
304.7,-119.0,939.6
333.3,-71.4,995.2
353.9,-74.6,1047.6
303.1,-25.4,1068.2
276.1,-73.0,1073.0
231.7,-106.3,1049.2
155.5,-152.3,1098.4
31.7,-157.1,1041.2
-28.5,-257.1,1069.8
-120.6,-271.4,1039.6
-117.4,-300.0,973.0
-104.7,-346.0,868.2
-76.1,-382.5,844.4
-23.8,-401.5,841.2
3.1,-382.5,861.9
101.5,-195.2,820.6
201.5,-258.7,885.7
253.9,-247.6,965.0
330.1,-171.4,992.0
349.2,-123.8,1068.2
-,-,-
-19.0,-484.1,1496.8
-52.3,-257.1,998.4
-6.3,-282.5,871.4
57.1,-304.7,885.7
157.1,-274.6,915.8
201.5,-160.3,871.4
276.1,-147.6,896.8
301.5,-80.9,971.4
338.1,-71.4,1036.5
279.3,-50.7,1065.0
253.9,-50.7,1092.0
150.7,-128.5,1038.1
96.8,-203.1,1095.2
-20.6,-220.6,1049.2
-73.0,-225.4,1063.4
-42.8,-250.7,998.4
-144.4,-303.1,974.6
-30.1,-374.6,963.4
-74.6,-373.0,860.3
-66.6,-357.1,863.4
19.0,-307.9,819.0
103.1,-274.6,836.5
184.1,-246.0,890.4
304.7,-171.4,965.0
307.9,-152.3,1019.0
-,-,-
153.9,-458.7,1479.3
1.5,-280.9,944.4
50.7,-323.8,949.2
103.1,-330.1,936.5
155.5,-279.3,920.6
260.3,-177.7,944.4
326.9,-153.9,963.4
336.5,-68.2,985.7
333.3,-47.6,988.8
357.1,-71.4,1014.2
301.5,-53.9,1017.4
249.2,-117.4,1012.7
106.3,-130.1,1012.7
49.2,-171.4,842.8
-42.8,-180.9,1039.6
-98.4,-331.7,1044.4
-98.4,-250.7,996.8
-104.7,-282.5,985.7
-73.0,-331.7,919.0
-79.3,-298.4,884.1
-23.8,-307.9,842.8
20.6,-307.9,869.8
123.8,-282.5,885.7
204.7,-249.2,885.7
280.9,-201.5,934.9
328.5,-146.0,988.8
-,-,-
71.4,-453.9,1525.4
-4.7,-257.1,987.3
-26.9,-273.0,973.0
1.5,-300.0,936.5
50.7,-300.0,888.8
100.0,-282.5,860.3
179.3,-219.0,888.8
225.4,-177.7,892.0
303.1,-120.6,987.3
331.7,-103.1,969.8
325.4,-52.3,1020.6
304.7,103.1,1047.6
334.9,-23.8,1049.2
255.5,-76.1,995.2
126.9,-153.9,1063.4
46.0,-179.3,1068.2
-3.1,-252.3,1066.6
-74.6,-255.5,1042.8
-76.1,-323.8,1022.2
-74.6,-357.1,968.2
-47.6,-377.7,841.2
23.8,-376.1,887.3
80.9,-325.4,792.0
147.6,-304.7,834.9
255.5,-253.9,884.1
312.7,-200.0,946.0
385.7,-150.7,965.0
-,-,-
53.9,-384.1,1452.3
-3.1,-279.3,960.3
50.7,-301.5,912.7
107.9,-306.3,871.4
174.6,-257.1,895.2
555.5,-152.3,890.4
353.9,-119.0,942.8
358.7,-66.6,968.2
377.7,-23.8,995.2
334.9,-3.1,1041.2
287.3,20.6,1065.0
209.5,-119.0,1073.0
133.3,-155.5,1114.2
-19.0,-171.4,1065.0
-53.9,-252.3,1063.4
-73.0,-306.3,1042.8
-68.2,-301.5,920.6
-25.4,-358.7,863.4
-20.6,-331.7,846.0
47.6,-307.9,815.8
128.5,-304.7,834.9
204.7,-250.7,895.2
301.5,-200.0,960.3
350.7,-125.4,990.4
353.9,-71.4,1012.7
-,-,-
149.2,-501.5,1500.0
-201.5,-296.8,965.0
31.7,-309.5,911.1
109.5,-306.3,890.4
184.1,-230.1,887.3
277.7,-196.8,893.6
334.9,-103.1,987.3
384.1,-50.7,1015.8
334.9,19.0,1046.0
303.1,23.8,1100.0
257.1,-26.9,1046.0
150.7,-150.7,1092.0
44.4,-171.4,1063.4
-73.0,-195.2,1061.9
-96.8,-230.1,1017.4
-122.2,-328.5,1036.5
-146.0,-328.5,968.2
-96.8,-352.3,885.7
-71.4,-307.9,847.6
-1.5,-326.9,866.6
82.5,-295.2,860.3
184.1,-250.7,888.8
247.6,-198.4,944.4
261.9,-100.0,965.0
-,-,-
149.2,-480.9,1501.5
49.2,-282.5,893.6
128.5,-301.5,863.4
196.8,-196.8,890.4
300.0,-150.7,946.0
331.7,-79.3,993.6
307.9,-30.1,1012.7
279.3,-3.1,1050.7
231.7,-77.7,1049.2
177.7,-150.7,1038.1
57.1,-147.6,1093.6
-3.1,-226.9,1096.8
-107.9,-230.1,1076.1
-93.6,-258.7,1014.2
-101.5,-328.5,965.0
-76.1,-328.5,865.0
-47.6,-347.6,838.1
-22.2,-349.2,857.1
58.7,-328.5,819.0
177.7,-304.7,866.6
231.7,-277.7,936.5
312.7,-204.7,947.6
-,-,-
80.9,-485.7,1579.3
-3.1,-282.5,946.0
25.4,-323.8,882.5
123.8,-331.7,865.0
198.4,-301.5,865.0
258.7,-198.4,885.7
333.3,-144.4,922.2
411.1,-122.2,987.3
387.3,-101.5,1017.4
401.5,-25.4,1038.1
279.3,-50.7,1073.0
203.1,-95.2,1047.6
157.1,-201.5,1088.8
53.9,-171.4,1023.8
-20.6,-174.6,1017.4
-68.2,-225.4,1039.6
-96.8,-231.7,1039.6
-74.6,-325.4,993.6
-95.2,-352.3,920.6
-44.4,-334.9,868.2
3.1,-333.3,846.0
52.3,-296.8,839.6
223.8,-282.5,869.8
252.3,-68.2,890.4
312.7,30.1,941.2
-,-,-
31.7,-498.4,1552.3
-73.0,-273.0,1011.1
-23.8,-325.4,969.8
4.7,-347.6,887.3
106.3,-330.1,817.4
206.3,-250.7,838.1
303.1,-176.1,887.3
380.9,-101.5,936.5
431.7,-52.3,1017.4
428.5,-47.6,1074.6
385.7,-22.2,1050.7
312.7,-79.3,1063.4
258.7,-150.7,996.8
123.8,-195.2,1017.4
57.1,-200.0,1014.2
-25.4,-249.2,1014.2
-74.6,-246.0,1039.6
-79.3,-303.1,969.8
-69.8,-328.5,968.2
-53.9,-304.7,884.1
-3.1,-357.1,839.6
76.1,-349.2,842.8
153.9,-326.9,820.6
287.3,-274.6,942.8
-,-,-
152.3,-434.9,1530.1
-25.4,-298.4,987.3
-4.7,-323.8,965.0
26.9,-377.7,914.2
125.4,-353.9,836.5
204.7,-252.3,819.0
282.5,-168.2,838.1
379.3,-95.2,915.8
385.7,-73.0,987.3
403.1,-19.0,1061.9
363.4,-20.6,1092.0
312.7,-19.0,1114.2
233.3,-104.7,1047.6
174.6,-176.1,1044.4
73.0,-171.4,1065.0
-306.3,-200.0,1068.2
-41.2,-257.1,1023.8
-68.2,-250.7,992.0
-76.1,-307.9,961.9
-74.6,-328.5,888.8
1.5,-303.1,838.1
30.1,-376.1,861.9
180.9,-309.5,842.8
301.5,-284.1,961.9
-,-,-
123.8,-407.9,1452.3
1.5,-301.5,920.6
23.8,-331.7,866.6
130.1,-326.9,844.4
230.1,-280.9,846.0
311.1,-196.8,885.7
358.7,-125.4,944.4
377.7,-28.5,992.0
385.7,-68.2,1066.6
330.1,-25.4,1069.8
253.9,-68.2,1087.3
184.1,-152.3,1046.0
33.3,-182.5,1066.6
-3.1,-174.6,1039.6
-123.8,-228.5,1046.0
-122.2,-249.2,1041.2
-153.9,-300.0,1015.8
-126.9,-374.6,947.6
-28.5,-347.6,846.0
-19.0,-355.5,842.8
76.1,-322.2,834.9
206.3,-276.1,809.5
279.3,-253.9,893.6
331.7,-200.0,969.8
-,-,-
180.9,-350.7,1396.8
-28.5,-277.7,933.3
6.3,-326.9,893.6
103.1,-352.3,820.6
176.1,-301.5,865.0
252.3,-222.2,887.3
309.5,-153.9,920.6
384.1,-128.5,1015.8
361.9,-28.5,1019.0
312.7,-20.6,1069.8
353.9,-3.1,1096.8
253.9,-74.6,1071.4
176.1,-126.9,1044.4
50.7,-168.2,1047.6
-22.2,-169.8,996.8
-77.7,-220.6,1015.8
-95.2,-258.7,1065.0
-107.9,-303.1,1014.2
-201.5,-326.9,968.2
-47.6,-325.4,911.1
-1.5,-277.7,892.0
79.3,-253.9,846.0
133.3,-247.6,868.2
225.4,-204.7,909.5
-,-,-
104.7,-461.9,1523.8
-23.8,-269.8,1019.0
-68.2,-298.4,998.4
-41.2,-328.5,960.3
26.9,-349.2,871.4
122.2,-333.3,844.4
201.5,-247.6,834.9
276.1,-177.7,915.8
326.9,-120.6,888.8
388.8,-47.6,965.0
428.5,-1.5,1014.2
306.3,31.7,1046.0
306.3,-19.0,1041.2
230.1,-120.6,1065.0
134.9,-146.0,1071.4
47.6,-131.7,1041.2
-22.2,-198.4,1093.6
-77.7,-231.7,1090.4
-103.1,-247.6,996.8
-80.9,-284.1,946.0
-50.7,-352.3,887.3
-20.6,-334.9,869.8
26.9,-330.1,839.6
106.3,-349.2,838.1
228.5,-279.3,865.0
323.8,-255.5,941.2
