-,-,-
201.1,-241.3,644.4
274.1,-423.3,692.1
286.8,-434.9,680.4
327.0,-426.5,694.2
370.4,-420.1,692.1
372.5,-407.4,691.0
387.3,-401.1,674.1
404.2,-374.6,676.2
392.6,-317.5,677.2
360.8,-232.8,693.1
351.3,-167.2,696.3
336.5,-116.4,681.5
321.7,-68.8,664.6
318.5,-32.8,631.7
301.6,-2.1,595.8
288.9,15.9,547.1
301.6,36.0,539.7
302.6,100.5,527.0
293.1,171.4,542.9
285.7,222.2,542.9
270.9,240.2,541.8
269.8,258.2,529.1
254.0,274.1,506.9
237.0,286.8,510.1
191.5,291.0,472.0
155.6,318.5,476.2
117.5,357.7,475.1
85.7,403.2,523.8
66.7,454.0,560.8
23.3,491.0,574.6
-2.1,495.2,623.3
-29.6,473.0,609.5
-30.7,473.0,630.7
-52.9,457.1,631.7
-86.8,444.4,658.2
-147.1,441.3,629.6
-179.9,445.5,564.0
-223.3,444.4,631.7
-266.7,457.1,665.6
-267.7,445.5,662.4
-270.9,424.3,692.1
-267.7,403.2,712.2
-301.6,370.4,748.1
-320.6,371.4,931.2
-319.6,392.6,709.0
-305.8,310.1,678.3
-305.8,293.1,662.4
-289.9,258.2,674.1
-267.7,236.0,677.2
-305.8,190.5,680.4
-334.4,183.1,694.2
-338.6,122.8,709.0
-349.2,82.5,727.0
-323.8,188.4,730.2
-266.7,34.9,732.3
-214.8,-13.8,729.1
-169.3,-30.7,732.3
-149.2,-88.9,727.0
-120.6,99.5,711.1
-116.4,-198.9,709.0
-148.1,-67.7,710.1
-186.2,-181.0,729.1
-216.9,-164.0,731.2
-232.8,-149.2,749.2
-183.1,-168.3,777.8
-69.8,-187.3,794.7
-87.8,-254.0,730.2
-29.6,-335.4,680.4
15.9,-405.3,641.3
18.0,-421.2,629.6
16.9,-401.1,643.4
-14.8,-372.5,665.6
14.8,-324.9,707.9
37.0,-323.8,749.2
80.4,-318.5,782.0
103.7,-341.8,715.3
133.3,-358.7,691.0
121.7,-375.7,596.8
118.5,-374.6,575.7
118.5,-355.6,581.0
85.7,-288.9,624.3
99.5,-213.8,692.1
87.8,-137.6,715.3
104.8,-96.3,748.1
136.5,-115.3,731.2
201.1,-153.4,680.4
220.1,-198.9,607.4
219.0,-171.4,558.7
207.4,-148.1,545.0
185.2,-79.4,572.5
135.4,-1.1,606.3
99.5,67.7,626.5
73.0,134.4,675.1
66.7,183.1,648.7
99.5,169.3,659.3
169.3,120.6,658.2
233.9,85.7,648.7
-,-,-
175.7,-319.6,691.0
257.1,-336.5,711.1
292.1,-368.3,696.3
321.7,-384.1,681.5
357.7,-371.4,647.6
390.5,-372.5,647.6
426.5,-351.3,679.4
444.4,-319.6,728.0
441.3,-266.7,765.1
405.3,-186.2,747.1
371.4,-120.6,723.8
359.8,-101.6,675.1
351.3,-64.6,612.7
320.6,-37.0,545.0
305.8,-19.0,477.2
320.6,-19.0,472.0
339.7, 1.1,510.1
341.8,50.8,529.1
320.6,100.5,522.8
307.9,139.7,525.9
287.8,174.6,492.1
256.1,219.0,337.6
208.5,243.4,426.5
155.6,286.8,219.0
155.6,338.6,478.3
168.3,355.6,545.0
183.1,371.4,606.3
154.5,370.4,816.9
138.6,404.2,605.3
85.7,393.7,592.6
29.6,474.1,592.6
-2.1,480.4,626.5
-19.0,525.9,661.4
-52.9,492.1,691.0
-83.6,410.6,707.9
-85.7,492.1,715.3
-139.7,488.9,709.0
-188.4,491.0,695.2
-224.3,424.3,665.6
-255.0,441.3,663.5
-281.5,185.2,682.5
-287.8,578.8,723.8
-265.6,336.5,763.0
-256.1,459.3,812.7
-249.7,424.3,814.8
-287.8,168.3,766.1
-287.8,292.1,723.8
-322.8,220.1,674.1
-322.8,240.2,663.5
-273.0,155.6,678.3
-236.0,133.3,692.1
-188.4,124.9,695.2
-201.1,85.7,709.0
-181.0,48.7,712.2
-168.3,-31.7,694.2
-389.4,-86.8,682.5
-136.5,-164.0,680.4
-96.3,-201.1,700.5
-103.7,-220.1,716.4
-96.3,-222.2,733.3
-116.4,-220.1,747.1
-118.5,-218.0,782.0
-36.0,-250.8,795.8
-86.8,-298.4,782.0
-79.4,-336.5,783.1
-51.9,-368.3,743.9
-31.7,-386.2,731.2
14.8,-409.5,700.5
54.0,-402.1,729.1
38.1,-367.2,727.0
15.9,-318.5,715.3
-10.6,-286.8,697.4
 0.0,-266.7,712.2
14.8,-267.7,730.2
21.2,-300.5,706.9
91.0,-318.5,694.2
157.7,-368.3,678.3
240.2,-402.1,678.3
272.0,-389.4,659.3
207.4,-319.6,657.1
119.6,-206.3,631.7
70.9,-134.4,644.4
68.8,-103.7,640.2
99.5,-117.5,647.6
133.3,-115.3,663.5
166.1,-116.4,644.4
218.0,-120.6,609.5
221.2,-146.0,573.5
224.3,-130.2,558.7
206.3,-68.8,558.7
187.3,-11.6,593.7
134.4,83.6,615.9
101.6,122.8,657.1
116.4,136.5,674.1
166.1,133.3,659.3
202.1,115.3,647.6
220.1,99.5,627.5
243.4,84.7,631.7
272.0,88.9,628.6
273.0,98.4,646.6
224.3,117.5,625.4
185.2,171.4,612.7
-,-,-
100.5,-155.6,693.1
152.4,-257.1,675.1
170.4,-287.8,664.6
201.1,-319.6,647.6
206.3,-338.6,662.4
285.7,-358.7,661.4
358.7,-373.5,680.4
391.5,-369.3,693.1
410.6,-334.4,698.4
421.2,-300.5,697.4
420.1,-255.0,712.2
422.2,-231.7,709.0
423.3,-215.9,629.6
409.5,-215.9,596.8
411.6,-201.1,642.3
411.6,-179.9,537.6
412.7,-116.4,510.1
405.3,-48.7,489.9
369.3,49.7,492.1
358.7,83.6,511.1
341.8,200.0,521.7
301.6,234.9,541.8
256.1,29.6,510.1
234.9,257.1,488.9
225.4,241.3,424.3
252.9,221.2,426.5
232.8,259.3,443.4
207.4,335.4,511.1
137.6,610.6,594.7
104.8,522.8,627.5
85.7,523.8,631.7
70.9,561.9,643.4
52.9,574.6,642.3
 2.1,593.7,659.3
-36.0,461.4,692.1
-48.7,765.1,707.9
-67.7,460.3,713.2
-68.8,522.8,709.0
-85.7,478.3,697.4
-236.0,492.1,664.6
-151.3,474.1,659.3
-187.3,458.2,660.3
-216.9,444.4,648.7
-266.7,439.2,647.6
-291.0,428.6,660.3
-95.2,421.2,676.2
-256.1,375.7,699.5
-255.0,345.0,714.3
-233.9,320.6,700.5
-188.4,275.1,682.5
-223.3,202.1,663.5
-234.9,103.7,629.6
-205.3,23.3,613.8
-288.9,-12.7,631.7
-304.8,15.9,717.5
-272.0,22.2,761.9
-219.0,13.8,775.7
-182.0,-51.9,749.2
-151.3,-120.6,715.3
-134.4,-202.1,709.0
-152.4,-270.9,697.4
-135.4,-317.5,713.2
-146.0,-336.5,714.3
-137.6,-317.5,729.1
-154.5,-268.8,763.0
-181.0,-204.2,815.9
-182.0,-172.5,844.4
-168.3,-198.9,783.1
-104.8,-257.1,743.9
-63.5,-320.6,728.0
-19.0,-375.7,681.5
 0.0,-436.0,614.8
 4.2,-441.3,575.7
-32.8,-424.3,542.9
-63.5,-353.4,574.6
-85.7,-273.0,630.7
-69.8,-202.1,728.0
-14.8,-206.3,763.0
84.7,-286.8,722.8
150.3,-357.7,640.2
183.1,-387.3,561.9
183.1,-375.7,540.7
155.6,-340.7,522.8
135.4,-272.0,541.8
104.8,-220.1,590.5
98.4,-185.2,662.4
120.6,-167.2,733.3
149.2,-132.3,767.2
165.1,-115.3,742.9
204.2,-154.5,674.1
218.0,-166.1,614.8
205.3,-136.5,560.8
172.5,-99.5,538.6
133.3,-46.6,525.9
85.7,29.6,524.9
51.9,72.0,527.0
88.9,99.5,581.0
155.6,88.9,660.3
241.3,49.7,710.1
322.8, 5.3,711.1
337.6,-4.2,661.4
-,-,-
259.3,-370.4,675.1
325.9,-372.5,475.1
371.4,-390.5,724.9
394.7,-390.5,571.4
425.4,-392.6,641.3
460.3,-405.3,627.5
506.9,-510.1,589.4
506.9,-333.3,594.7
479.4,-249.7,611.6
461.4,-232.8,628.6
443.4,-101.6,611.6
437.0,-68.8,611.6
425.4, 6.3,593.7
442.3,47.6,574.6
439.2,65.6,555.6
444.4,105.8,529.1
421.2,172.5,513.2
387.3,220.1,504.8
355.6,286.8,479.4
321.7,352.4,492.1
269.8,426.5,511.1
216.9,473.0,522.8
54.0,491.0,538.6
188.4,462.4,542.9
236.0,443.4,547.1
250.8,454.0,545.0
155.6,478.3,546.0
116.4,528.0,573.5
39.2,555.6,590.5
 5.3,581.0,611.6
-20.1,564.0,630.7
116.4,560.8,642.3
-99.5,555.6,628.6
-120.6,543.9,644.4
-150.3,524.9,658.2
-165.1,506.9,662.4
-181.0,476.2,660.3
-189.4,454.0,675.1
-222.2,426.5,681.5
-269.8,424.3,713.2
-301.6,422.2,727.0
-336.5,411.6,728.0
-334.4,405.3,745.0
-324.9,386.2,731.2
-299.5,370.4,730.2
-283.6,323.8,697.4
-266.7,289.9,680.4
-252.9,218.0,646.6
-269.8,151.3,613.8
-289.9,88.9,611.6
-319.6,47.6,631.7
-315.3,40.2,676.2
-289.9,37.0,728.0
-238.1,18.0,764.0
-218.0,-37.0,741.8
-221.2,-80.4,698.4
-239.2,-130.2,644.4
-248.7,-153.4,624.3
-234.9,-185.2,630.7
-198.9,-221.2,677.2
-135.4,-252.9,732.3
-115.3,-285.7,768.3
-148.1,-303.7,798.9
-181.0,-304.8,784.1
-137.6,-301.6,759.8
-165.1,-305.8,676.2
-216.9,-252.9,632.8
-238.1,-219.0,608.5
-188.4,-218.0,643.4
-103.7,-254.0,712.2
-2.1,-334.4,758.7
98.4,-400.0,764.0
121.7,-470.9,682.5
133.3,-506.9,608.5
81.5,-486.8,538.6
-3.2,-391.5,538.6
-69.8,-272.0,594.7
-72.0,-172.5,695.2
-15.9,-151.3,782.0
68.8,-184.1,784.1
167.2,-256.1,729.1
222.2,-321.7,645.5
225.4,-350.3,582.0
184.1,-323.8,524.9
138.6,-255.0,509.0
84.7,-168.3,529.1
103.7,-98.4,612.7
166.1,-67.7,707.9
219.0,-2.1,781.0
267.7,-38.1,781.0
321.7,-115.3,728.0
351.3,-139.7,657.1
306.9,-131.2,573.5
241.3,-81.5,512.2
185.2,-1.1,513.2
122.8,69.8,529.1
82.5,121.7,558.7
73.0,189.4,629.6
91.0,206.3,709.0
-,-,-
-14.8,-208.5,663.5
18.0,-238.1,661.4
64.6,-37.0,694.2
102.6,-301.6,729.1
150.3,-339.7,746.0
216.9,-384.1,731.2
286.8,-421.2,710.1
287.8,-426.5,693.1
322.8,-197.9,679.4
356.6,-426.5,648.7
387.3,-423.3,645.5
458.2,-353.4,661.4
421.2,-320.6,695.2
474.1,-272.0,727.0
409.5,-237.0,707.9
371.4,-183.1,693.1
462.4,-131.2,661.4
442.3,-81.5,641.3
510.1,-16.9,613.8
407.4,37.0,565.1
393.7,57.1,527.0
407.4,99.5,513.2
391.5,136.5,511.1
357.7,202.1,522.8
354.5,267.7,510.1
302.6,302.6,492.1
254.0,320.6,488.9
220.1,357.7,480.4
190.5,393.7,494.2
183.1,423.3,529.1
154.5,456.1,558.7
133.3,478.3,577.8
98.4,495.2,595.8
67.7,540.7,610.6
31.7,541.8,610.6
 1.1,561.9,631.7
-33.9,578.8,642.3
-82.5,590.5,644.4
-115.3,581.0,661.4
-115.3,541.8,664.6
-114.3,492.1,680.4
-116.4,475.1,675.1
-150.3,474.1,675.1
-201.1,459.3,646.6
-218.0,473.0,646.6
-255.0,462.4,641.3
-321.7,492.1,676.2
-375.7,509.0,709.0
-340.7,461.4,731.2
-305.8,427.5,731.2
-299.5,404.2,698.4
-283.6,373.5,663.5
-288.9,337.6,657.1
-318.5,285.7,660.3
-339.7,218.0,675.1
-337.6,147.1,693.1
-409.5,86.8,679.4
-408.5,67.7,748.1
-332.3,54.0,829.6
-248.7, 4.2,830.7
-234.9,-66.7,795.8
-237.0,-132.3,742.9
-252.9,-183.1,698.4
-268.8,-200.0,693.1
-249.7,-206.3,714.3
-201.1,-224.3,732.3
-155.6,-231.7,763.0
-113.2,-267.7,800.0
-69.8,-302.6,784.1
-47.6,-358.7,723.8
14.8,-420.1,678.3
18.0,-458.2,594.7
 1.1,-475.1,525.9
-19.0,-455.0,512.2
-61.4,-402.1,563.0
-33.9,-322.8,658.2
-36.0,-303.7,694.2
34.9,-341.8,693.1
91.0,-386.2,658.2
149.2,-420.1,614.8
172.5,-469.8,590.5
153.4,-475.1,558.7
116.4,-442.3,527.0
34.9,-374.6,513.2
19.0,-284.7,556.6
56.1,-234.9,648.7
121.7,-215.9,716.4
173.5,-200.0,745.0
206.3,-188.4,731.2
189.4,-186.2,659.3
186.2,-171.4,581.0
174.6,-149.2,561.9
151.3,-133.3,528.0
152.4,-81.5,529.1
134.4,-16.9,573.5
148.1,33.9,626.5
189.4,40.2,692.1
219.0,68.8,714.3
224.3,82.5,727.0
221.2,85.7,711.1
238.1,69.8,664.6
238.1,37.0,608.5
237.0,37.0,560.8
221.2,52.9,527.0
201.1,98.4,542.9
150.3,182.0,623.3
-,-,-
 3.2,-184.1,691.0
51.9,-187.3,725.9
65.6,-198.9,733.3
52.9,-220.1,743.9
135.4,-257.1,716.4
150.3,-303.7,699.5
186.2,-321.7,664.6
191.5,-323.8,628.6
237.0,-341.8,641.3
301.6,-351.3,661.4
372.5,-359.8,694.2
407.4,-352.4,712.2
390.5,-318.5,728.0
424.3,-272.0,725.9
426.5,-232.8,710.1
395.8,-187.3,665.6
393.7,-147.1,646.6
370.4,-99.5,612.7
341.8,-51.9,575.7
372.5,-15.9,575.7
393.7,31.7,591.5
422.2,50.8,593.7
454.0,72.0,608.5
455.0,101.6,581.0
406.3,151.3,543.9
337.6,216.9,506.9
275.1,257.1,455.0
259.3,303.7,472.0
255.0,335.4,505.8
233.9,386.2,560.8
222.2,404.2,581.0
218.0,422.2,579.9
184.1,438.1,607.4
133.3,458.2,596.8
89.9,472.0,578.8
51.9,461.4,563.0
18.0,459.3,575.7
-13.8,456.1,576.7
-46.6,444.4,609.5
-52.9,445.5,641.3
-66.7,443.4,660.3
-99.5,440.2,646.6
-121.7,444.4,657.1
-171.4,442.3,647.6
-219.0,457.1,642.3
-251.9,438.1,629.6
-257.1,428.6,625.4
-286.8,440.2,657.1
-321.7,438.1,707.9
-321.7,445.5,747.1
-333.3,443.4,766.1
-335.4,407.4,743.9
-374.6,353.4,711.1
-404.2,293.1,695.2
-386.2,239.2,694.2
-322.8,170.4,696.3
-254.0,135.4,709.0
-255.0,137.6,734.4
-321.7,123.8,724.9
-390.5,87.8,707.9
-387.3,34.9,728.0
-385.2,-33.9,709.0
-333.3,-102.6,710.1
-266.7,-156.6,742.9
-203.2,-201.1,750.3
-152.4,-234.9,748.1
-115.3,-281.5,727.0
-99.5,-299.5,707.9
-135.4,-284.7,682.5
-171.4,-266.7,709.0
-171.4,-284.7,713.2
-136.5,-316.4,682.5
-100.5,-340.7,642.3
-70.9,-338.6,657.1
-31.7,-324.9,658.2
 2.1,-337.6,681.5
56.1,-358.7,711.1
104.8,-392.6,715.3
166.1,-434.9,714.3
169.3,-459.3,695.2
121.7,-418.0,648.7
70.9,-385.2,576.7
33.9,-306.9,557.7
-30.7,-237.0,556.6
-36.0,-171.4,578.8
20.1,-165.1,624.3
151.3,-219.0,681.5
284.7,-283.6,709.0
373.5,-337.6,682.5
392.6,-352.4,647.6
361.9,-303.7,606.3
307.9,-238.1,579.9
232.8,-168.3,557.7
169.3,-70.9,543.9
117.5,19.0,573.5
102.6,48.7,608.5
141.8,65.6,660.3
220.1,18.0,679.4
307.9,-29.6,679.4
357.7,-64.6,662.4
341.8,-51.9,641.3
309.0,-16.9,596.8
292.1,21.2,581.0
258.2,70.9,607.4
219.0,117.5,611.6
167.2,185.2,626.5
116.4,251.9,647.6
64.6,322.8,698.4
32.8,288.9,693.1
-,-,-
16.9,-218.0,643.4
72.0,-216.9,663.5
122.8,-205.3,680.4
183.1,-236.0,707.9
241.3,-270.9,742.9
307.9,-304.8,730.2
373.5,-352.4,710.1
407.4,-358.7,697.4
426.5,-355.6,681.5
459.3,-335.4,679.4
463.5,-282.5,694.2
495.2,-256.1,692.1
495.2,-221.2,698.4
474.1,-168.3,679.4
426.5,-104.8,643.4
391.5,-30.7,611.6
352.4,28.6,561.9
340.7,68.8,523.8
334.4,99.5,476.2
339.7,150.3,462.4
336.5,188.4,494.2
323.8,221.2,538.6
305.8,277.2,541.8
238.1,310.1,527.0
218.0,353.4,524.9
188.4,373.5,504.8
172.5,410.6,496.3
135.4,458.2,505.8
133.3,472.0,528.0
139.7,478.3,547.1
138.6,457.1,563.0
121.7,457.1,591.5
83.6,461.4,592.6
14.8,491.0,605.3
-49.7,524.9,607.4
-103.7,539.7,613.8
-149.2,538.6,614.8
-188.4,541.8,648.7
-231.7,524.9,680.4
-221.2,491.0,696.3
-214.8,470.9,695.2
-205.3,440.2,693.1
-203.2,439.2,712.2
-213.8,441.3,715.3
-222.2,439.2,724.9
-268.8,392.6,696.3
-300.5,345.0,677.2
-316.4,321.7,641.3
-320.6,319.6,659.3
-286.8,306.9,677.2
-232.8,270.9,698.4
-185.2,237.0,698.4
-150.3,201.1,691.0
-121.7,137.6,658.2
-150.3,65.6,598.9
-137.6,-37.0,573.5
-215.9,-84.7,572.5
-266.7,-80.4,625.4
-256.1,-51.9,717.5
-268.8,-37.0,800.0
-256.1,-33.9,877.2
-234.9,-51.9,917.5
-181.0,-101.6,900.5
-131.2,-152.4,851.9
-84.7,-219.0,845.5
-52.9,-289.9,826.5
-18.0,-351.3,798.9
-29.6,-389.4,779.9
-52.9,-368.3,783.1
-115.3,-319.6,782.0
-119.6,-268.8,798.9
-148.1,-186.2,814.8
-129.1,-198.9,797.9
-69.8,-238.1,781.0
-18.0,-304.8,709.0
39.2,-355.6,648.7
70.9,-405.3,626.5
83.6,-425.4,606.3
81.5,-406.3,578.8
72.0,-388.4,572.5
39.2,-323.8,572.5
36.0,-282.5,576.7
73.0,-249.7,642.3
115.3,-219.0,676.2
139.7,-233.9,662.4
167.2,-237.0,598.9
218.0,-289.9,546.0
233.9,-353.4,493.1
223.3,-323.8,454.0
201.1,-268.8,438.1
139.7,-171.4,473.0
155.6,-81.5,556.6
182.0,-220.1,640.2
201.1,19.0,663.5
224.3,-1.1,678.3
273.0, 4.2,693.1
288.9,132.3,681.5
302.6,14.8,664.6
277.2, 1.1,641.3
270.9,38.1,625.4
254.0,69.8,630.7
204.2,70.9,641.3
233.9,106.9,657.1
201.1,138.6,682.5
239.2,167.2,715.3
283.6,170.4,750.3
268.8,174.6,759.8
237.0,355.6,727.0
200.0,173.5,712.2
154.5,202.1,682.5
120.6,207.4,628.6
72.0,223.3,556.6
39.2,233.9,513.2
-,-,-
84.7,-256.1,725.9
133.3,-255.0,748.1
186.2,-268.8,745.0
240.2,-288.9,710.1
255.0,-306.9,692.1
319.6,-318.5,692.1
336.5,-302.6,692.1
338.6,-267.7,713.2
371.4,-257.1,723.8
425.4,-288.9,727.0
444.4,-318.5,725.9
488.9,-305.8,741.8
472.0,-254.0,725.9
426.5,-166.1,709.0
360.8,-83.6,713.2
319.6,-29.6,663.5
353.4,49.7,629.6
354.5,73.0,572.5
358.7,73.0,541.8
375.7,68.8,524.9
403.2,72.0,511.1
376.7,118.5,523.8
340.7,185.2,530.2
272.0,268.8,522.8
203.2,319.6,510.1
170.4,359.8,505.8
137.6,392.6,507.9
116.4,420.1,514.3
105.8,403.2,540.7
119.6,407.4,559.8
118.5,411.6,564.0
106.9,410.6,561.9
83.6,420.1,577.8
54.0,436.0,593.7
34.9,428.6,607.4
 3.2,428.6,614.8
-14.8,443.4,648.7
-50.8,438.1,644.4
-81.5,440.2,660.3
-112.2,428.6,662.4
-118.5,424.3,677.2
-135.4,422.2,678.3
-182.0,440.2,680.4
-234.9,443.4,678.3
-236.0,455.0,664.6
-249.7,423.3,660.3
-266.7,387.3,665.6
-303.7,376.7,677.2
-340.7,371.4,695.2
-335.4,354.5,743.9
-337.6,343.9,758.7
-323.8,340.7,812.7
-335.4,317.5,782.0
-350.3,258.2,742.9
-321.7,173.5,715.3
-317.5,118.5,681.5
-304.8,72.0,678.3
-241.3,46.6,692.1
-181.0,21.2,764.0
-150.3,14.8,795.8
-137.6,-2.1,816.9
-155.6,-14.8,813.8
-169.3,-51.9,778.8
-170.4,-132.3,648.7
-151.3,-182.0,713.2
-135.4,-214.8,714.3
-100.5,-252.9,709.0
-54.0,-270.9,716.4
-45.5,-283.6,713.2
-64.6,-249.7,709.0
-114.3,-189.4,681.5
-148.1,-168.3,716.4
-97.4,-214.8,682.5
-31.7,-323.8,727.0
65.6,-425.4,850.8
105.8,-510.1,864.6
136.5,-555.6,882.5
149.2,-543.9,696.3
100.5,-484.7,647.6
18.0,-422.2,560.8
-48.7,-338.6,589.4
-52.9,-282.5,539.7
 5.3,-273.0,626.5
114.3,-318.5,697.4
236.0,-418.0,710.1
356.6,-489.9,693.1
355.6,-503.7,666.7
336.5,-422.2,659.3
205.3,-339.7,591.5
156.6,-221.2,574.6
-19.0,-120.6,527.0
-203.2,-46.6,522.8
138.6,-19.0,528.0
-134.4,-2.1,558.7
21.2, 1.1,556.6
122.8, 2.1,539.7
89.9,-3.2,542.9
99.5, 2.1,545.0
98.4,37.0,524.9
83.6,64.6,577.8
65.6,85.7,575.7
83.6,115.3,558.7
73.0,141.8,664.6
86.8,172.5,624.3
103.7,183.1,695.2
123.8,167.2,694.2
123.8,156.6,631.7
136.5,155.6,694.2
149.2,157.7,682.5
150.3,150.3,680.4
153.4,150.3,759.8
-,-,-
385.2,-456.1,680.4
423.3,-477.2,659.3
478.3,-485.7,676.2
488.9,-442.3,697.4
478.3,-357.7,714.3
474.1,-282.5,728.0
489.9,-221.2,742.9
475.1,-200.0,728.0
475.1,-151.3,715.3
442.3,-85.7,700.5
421.2,-31.7,677.2
427.5,19.0,661.4
405.3,39.2,613.8
372.5,84.7,572.5
322.8,139.7,528.0
293.1,190.5,511.1
234.9,240.2,489.9
219.0,284.7,476.2
200.0,336.5,462.4
167.2,369.3,472.0
153.4,394.7,491.0
132.3,421.2,475.1
137.6,403.2,494.2
119.6,392.6,488.9
66.7,425.4,476.2
21.2,456.1,463.5
-11.6,478.3,477.2
-28.6,496.3,514.3
-70.9,545.0,563.0
-103.7,555.6,608.5
-96.3,525.9,642.3
-86.8,507.9,675.1
-119.6,495.2,678.3
-163.0,496.3,694.2
-205.3,503.7,693.1
-237.0,496.3,692.1
-256.1,480.4,697.4
-282.5,489.9,692.1
-307.9,494.2,679.4
-338.6,489.9,709.0
-371.4,461.4,699.5
-389.4,409.5,679.4
-389.4,369.3,664.6
-372.5,303.7,649.7
-316.4,257.1,674.1
-285.7,232.8,674.1
-256.1,201.1,705.8
-265.6,185.2,725.9
-337.6,183.1,731.2
-407.4,167.2,716.4
-358.7,120.6,714.3
-354.5,51.9,696.3
-269.8,-32.8,680.4
-196.8,-100.5,696.3
-153.4,-169.3,714.3
-116.4,-216.9,761.9
-103.7,-256.1,763.0
-104.8,-288.9,743.9
-117.5,-304.8,709.0
169.3,-273.0,711.1
-150.3,-284.7,695.2
-221.2,-307.9,683.6
-83.6,-320.6,691.0
-52.9,-334.4,680.4
73.0,-352.4,694.2
52.9,-392.6,679.4
54.0,-434.9,659.3
154.5,-475.1,622.2
86.8,-489.9,593.7
67.7,-486.8,574.6
121.7,-422.2,525.9
-132.3,-282.5,505.8
-183.1,-168.3,541.8
-146.0,-120.6,623.3
-15.9,-152.4,730.2
151.3,-231.7,764.0
259.3,-356.6,711.1
359.8,-418.0,627.5
358.7,-438.1,563.0
270.9,-373.5,522.8
172.5,-269.8,546.0
82.5,-173.5,698.4
34.9,-62.4,575.7
37.0,16.9,648.7
124.9,-1.1,725.9
268.8,-79.4,765.1
342.9,-131.2,896.3
353.4,-120.6,680.4
322.8,-114.3,641.3
274.1,-96.3,614.8
234.9,-20.1,594.7
187.3,51.9,589.4
134.4,118.5,624.3
123.8,135.4,680.4
132.3,156.6,732.3
150.3,187.3,781.0
139.7,206.3,801.1
150.3,207.4,782.0
133.3,207.4,745.0
104.8,203.2,693.1
-,-,-
72.0,-286.8,715.3
124.9,-303.7,699.5
139.7,-306.9,692.1
167.2,-317.5,695.2
201.1,-339.7,696.3
269.8,-368.3,696.3
319.6,-403.2,696.3
375.7,-434.9,710.1
408.5,-436.0,742.9
423.3,-390.5,743.9
421.2,-354.5,713.2
421.2,-305.8,692.1
373.5,-256.1,641.3
387.3,-200.0,632.8
424.3,-147.1,659.3
425.4,-97.4,661.4
424.3,-48.7,660.3
406.3,-14.8,613.8
405.3,30.7,576.7
377.8,81.5,513.2
337.6,118.5,479.4
351.3,150.3,491.0
358.7,182.0,507.9
368.3,206.3,530.2
373.5,259.3,547.1
324.9,324.9,543.9
273.0,375.7,547.1
218.0,440.2,564.0
149.2,459.3,539.7
119.6,493.1,559.8
84.7,475.1,559.8
99.5,477.2,574.6
69.8,504.8,574.6
33.9,510.1,592.6
 5.3,545.0,612.7
-34.9,563.0,627.5
-81.5,579.9,644.4
-115.3,574.6,649.7
-118.5,494.2,641.3
-119.6,472.0,626.5
-131.2,428.6,628.6
-148.1,423.3,625.4
-169.3,420.1,625.4
-183.1,427.5,610.6
-213.8,422.2,595.8
-234.9,421.2,595.8
-282.5,438.1,605.3
-288.9,492.1,660.3
-322.8,407.4,682.5
-337.6,390.5,714.3
-338.6,355.6,681.5
-299.5,309.0,676.2
-273.0,287.8,676.2
-234.9,256.1,682.5
-219.0,257.1,710.1
-231.7,238.1,732.3
-255.0,284.7,745.0
-302.6,152.4,727.0
-285.7,73.0,710.1
-269.8,30.7,712.2
-269.8, 1.1,745.0
-283.6,33.9,798.9
-252.9, 4.2,830.7
-204.2,-98.4,813.8
-198.9,105.8,766.1
-197.9,-491.0,731.2
-202.1,-306.9,758.7
-187.3,-355.6,1072.0
-137.6,-403.2,679.4
-86.8,-434.9,697.4
-66.7,-459.3,676.2
-52.9,-554.5,596.8
-65.6,-503.7,564.0
-114.3,-441.3,560.8
-135.4,-373.5,511.1
-150.3,-353.4,560.8
-98.4,-392.6,563.0
-50.8,-402.1,495.2
 0.0,-400.0,644.4
48.7,-424.3,664.6
106.9,-433.9,676.2
119.6,-440.2,658.2
101.6,-436.0,623.3
85.7,-420.1,596.8
64.6,-357.7,613.8
48.7,-269.8,656.1
47.6,-289.9,697.4
51.9,-215.9,714.3
81.5,-354.5,677.2
118.5,-215.9,658.2
133.3,-250.8,625.4
183.1,-214.8,613.8
204.2,-220.1,578.8
223.3,-188.4,590.5
219.0,-150.3,591.5
205.3,-86.8,597.9
188.4,-13.8,612.7
152.4,31.7,610.6
166.1,13.8,626.5
171.4,86.8,611.6
189.4,67.7,582.0
201.1,54.0,540.7
242.3,50.8,546.0
286.8,48.7,574.6
276.2,66.7,611.6
241.3,119.6,646.6
-,-,-
34.9,-232.8,678.3
118.5,-249.7,712.2
155.6,-302.6,731.2
168.3,-355.6,706.9
150.3,-421.2,707.9
99.5,-442.3,734.4
149.2,-467.7,761.9
225.4,-452.9,759.8
257.1,-442.3,725.9
320.6,-436.0,732.3
370.4,-436.0,760.8
462.4,-433.9,765.1
523.8,-407.4,764.0
547.1,-357.7,750.3
543.9,-265.6,730.2
507.9,-155.6,678.3
491.0,-67.7,625.4
428.6,-4.2,530.2
392.6,18.0,440.2
374.6, 3.2,359.8
372.5,18.0,318.5
352.4,51.9,289.9
356.6,100.5,307.9
357.7,171.4,387.3
341.8,240.2,455.0
359.8,321.7,525.9
355.6,356.6,542.9
307.9,410.6,538.6
254.0,459.3,528.0
218.0,494.2,542.9
187.3,506.9,540.7
184.1,522.8,561.9
184.1,530.2,573.5
135.4,572.5,591.5
120.6,591.5,615.9
99.5,613.8,644.4
66.7,627.5,659.3
47.6,626.5,679.4
 0.0,610.6,681.5
-36.0,609.5,675.1
-79.4,608.5,644.4
-119.6,595.8,624.3
-147.1,588.4,594.7
-132.3,546.0,597.9
-130.2,496.3,590.5
-150.3,476.2,592.6
-216.9,476.2,609.5
-251.9,491.0,630.7
-300.5,497.4,641.3
-354.5,460.3,681.5
-403.2,476.2,642.3
-409.5,445.5,660.3
-403.2,420.1,624.3
-373.5,389.4,593.7
-323.8,376.7,612.7
-304.8,338.6,641.3
-281.5,285.7,625.4
-281.5,220.1,628.6
-272.0,151.3,640.2
-287.8,82.5,624.3
-298.4,52.9,676.2
-281.5,51.9,678.3
-298.4,31.7,692.1
-283.6, 3.2,438.1
-268.8,-103.7,692.1
-239.2,-375.7,681.5
-205.3,-203.2,676.2
-185.2,-267.7,712.2
-156.6,-307.9,715.3
-135.4,-356.6,693.1
-119.6,-403.2,675.1
-114.3,-503.7,692.1
-138.6,-288.9,713.2
-137.6,-289.9,728.0
-98.4,-304.8,714.3
-52.9,-337.6,693.1
-14.8,-369.3,664.6
19.0,-410.6,642.3
49.7,-457.1,625.4
51.9,-442.3,590.5
56.1,-425.4,560.8
73.0,-418.0,574.6
64.6,-373.5,591.5
65.6,-322.8,610.6
82.5,-303.7,615.9
123.8,-284.7,607.4
170.4,-303.7,607.4
221.2,-316.4,606.3
276.2,-322.8,590.5
301.6,-319.6,591.5
307.9,-315.3,613.8
307.9,-268.8,643.4
292.1,-215.9,658.2
241.3,-152.4,648.7
187.3,-83.6,645.5
152.4,-12.7,646.6
120.6,70.9,658.2
72.0,122.8,647.6
83.6,166.1,648.7
101.6,156.6,665.6
136.5,137.6,677.2
170.4,117.5,692.1
188.4,104.8,676.2
189.4,117.5,648.7
174.6,123.8,642.3
-,-,-
-51.9,-115.3,666.7
-15.9,-148.1,712.2
51.9,-201.1,725.9
103.7,-239.2,715.3
114.3,-255.0,694.2
135.4,-254.0,682.5
140.7,-254.0,678.3
186.2,-252.9,697.4
205.3,-249.7,712.2
218.0,-237.0,724.9
273.0,-249.7,697.4
339.7,-266.7,663.5
420.1,-305.8,643.4
461.4,-302.6,645.5
488.9,-281.5,658.2
512.2,-237.0,674.1
542.9,-186.2,681.5
559.8,-135.4,693.1
579.9,-88.9,709.0
556.6,-51.9,658.2
557.7,-12.7,663.5
528.0,37.0,643.4
524.9,100.5,612.7
524.9,134.4,573.5
538.6,171.4,539.7
563.0,205.3,497.4
489.9,191.5,458.2
504.8,234.9,462.4
427.5,291.0,476.2
373.5,324.9,527.0
337.6,341.8,511.1
304.8,358.7,507.9
243.4,389.4,505.8
207.4,406.3,505.8
169.3,442.3,538.6
84.7,496.3,539.7
64.6,514.3,561.9
32.8,529.1,596.8
-72.0,548.1,626.5
-67.7,528.0,642.3
-66.7,522.8,631.7
-114.3,521.7,646.6
-137.6,527.0,663.5
-206.3,530.2,660.3
-216.9,510.1,657.1
-237.0,503.7,643.4
-273.0,461.4,641.3
-321.7,476.2,1001.1
-352.4,478.3,693.1
-419.0,507.9,679.4
-456.1,542.9,660.3
-477.2,522.8,629.6
-460.3,491.0,578.8
-367.2,455.0,559.8
-441.3,390.5,576.7
-387.3,285.7,595.8
-334.4,404.2,629.6
-321.7,184.1,666.7
-272.0,188.4,725.9
-250.8,343.9,759.8
-269.8,-64.6,749.2
-265.6,67.7,724.9
-281.5,-20.1,693.1
-265.6,16.9,676.2
-248.7,-100.5,693.1
-250.8,-121.7,742.9
-102.6,-148.1,766.1
-188.4,-154.5,766.1
-173.5,-182.0,745.0
-52.9,-185.2,742.9
-115.3,-220.1,731.2
-51.9,-274.1,759.8
-33.9,-334.4,732.3
-37.0,-350.3,692.1
-81.5,-324.9,659.3
-184.1,-258.2,657.1
-134.4,-201.1,675.1
-201.1,-149.2,674.1
-97.4,-198.9,681.5
-12.7,-256.1,697.4
73.0,-335.4,698.4
137.6,-404.2,680.4
155.6,-422.2,663.5
107.9,-386.2,626.5
 4.2,-305.8,579.9
-64.6,-216.9,540.7
-97.4,-132.3,571.4
-37.0,-98.4,676.2
100.5,-152.4,779.9
268.8,-265.6,826.5
420.1,-375.7,775.7
479.4,-422.2,679.4
411.6,-386.2,593.7
321.7,-283.6,559.8
183.1,-152.4,521.7
56.1,-33.9,478.3
39.2,56.1,541.8
85.7,72.0,627.5
173.5,65.6,729.1
237.0,33.9,758.7
293.1,18.0,728.0
318.5,14.8,658.2
293.1,32.8,610.6
223.3,48.7,581.0
154.5,103.7,525.9
-,-,-
14.8,-167.2,725.9
70.9,-164.0,732.3
56.1,-172.5,730.2
68.8,-183.1,727.0
82.5,-204.2,725.9
119.6,-220.1,729.1
148.1,-255.0,725.9
173.5,-266.7,742.9
186.2,-286.8,743.9
206.3,-283.6,764.0
238.1,-285.7,782.0
285.7,-285.7,781.0
304.8,-282.5,749.2
322.8,-256.1,742.9
325.9,-218.0,714.3
323.8,-196.8,699.5
343.9,-167.2,696.3
338.6,-131.2,712.2
336.5,-82.5,711.1
353.4,-50.8,709.0
376.7,-16.9,709.0
389.4,-3.2,660.3
389.4, 5.3,631.7
390.5,55.0,547.1
387.3,98.4,556.6
373.5,122.8,529.1
356.6,169.3,505.8
355.6,218.0,579.9
357.7,256.1,548.1
337.6,304.8,571.4
319.6,317.5,558.7
303.7,325.9,514.3
256.1,353.4,560.8
222.2,387.3,493.1
203.2,410.6,479.4
187.3,424.3,505.8
152.4,487.8,692.1
101.6,504.8,592.6
56.1,522.8,507.9
15.9,593.7,558.7
 3.2,470.9,557.7
 0.0,472.0,560.8
-19.0,487.8,576.7
-54.0,390.5,579.9
-96.3,425.4,574.6
-121.7,426.5,581.0
-169.3,438.1,590.5
-164.0,439.2,608.5
-222.2,442.3,611.6
-237.0,538.6,614.8
-250.8,408.5,630.7
-270.9,370.4,649.7
-300.5,354.5,663.5
-303.7,339.7,677.2
-320.6,337.6,693.1
-333.3,355.6,692.1
-357.7,354.5,680.4
-389.4,353.4,648.7
-387.3,325.9,643.4
-389.4,287.8,630.7
-336.5,223.3,624.3
-323.8,185.2,623.3
-285.7,139.7,631.7
-249.7,133.3,664.6
-249.7,116.4,676.2
-257.1,82.5,692.1
-247.6,32.8,697.4
-270.9, 0.0,710.1
-349.2,-32.8,709.0
-299.5,-70.9,682.5
-256.1,-134.4,645.5
-231.7,-152.4,664.6
-203.2,-156.6,714.3
-171.4,-165.1,758.7
-137.6,-165.1,765.1
-119.6,-181.0,761.9
-69.8,-218.0,774.6
-50.8,-281.5,732.3
-20.1,-336.5,695.2
 3.2,-356.6,662.4
-14.8,-357.7,610.6
-45.5,-334.4,574.6
-84.7,-272.0,564.0
-98.4,-216.9,626.5
-45.5,-186.2,697.4
66.7,-251.9,798.9
174.6,-337.6,849.7
284.7,-403.2,843.4
354.5,-486.8,765.1
389.4,-522.8,699.5
322.8,-491.0,624.3
219.0,-389.4,573.5
85.7,-252.9,529.1
-13.8,-135.4,522.8
-66.7,-36.0,559.8
-65.6, 4.2,624.3
33.9, 2.1,743.9
133.3,-78.3,796.8
257.1,-170.4,765.1
353.4,-218.0,697.4
353.4,-222.2,627.5
302.6,-169.3,589.4
220.1,-68.8,557.7
149.2, 1.1,511.1
83.6,49.7,472.0
48.7,116.4,505.8
34.9,151.3,557.7
84.7,167.2,676.2
156.6,136.5,761.9
252.9,86.8,781.0
305.8,31.7,750.3
323.8,14.8,706.9
302.6,36.0,647.6
241.3,102.6,592.6
169.3,156.6,559.8
-,-,-
-46.6,-98.4,657.1
 6.3,-114.3,659.3
38.1,-134.4,632.8
66.7,-171.4,644.4
104.8,-188.4,674.1
157.7,-233.9,715.3
203.2,-256.1,676.2
242.3,-283.6,742.9
275.1,-287.8,795.8
309.0,-281.5,795.8
319.6,-269.8,778.8
354.5,-254.0,797.9
388.4,-231.7,867.7
404.2,-221.2,547.1
411.6,-203.2,716.4
426.5,-187.3,709.0
408.5,-133.3,631.7
393.7,-86.8,681.5
409.5,-31.7,691.0
405.3,19.0,660.3
392.6,-12.7,608.5
359.8,153.4,563.0
354.5,151.3,546.0
340.7,171.4,556.6
342.9,255.0,555.6
327.0,241.3,545.0
335.4,153.4,542.9
293.1,411.6,523.8
252.9,356.6,505.8
220.1,373.5,496.3
167.2,393.7,477.2
137.6,424.3,475.1
116.4,428.6,478.3
99.5,443.4,488.9
49.7,487.8,492.1
 1.1,513.2,507.9
-46.6,647.6,528.0
-85.7,521.7,545.0
189.4,523.8,558.7
-131.2,506.9,560.8
-185.2,489.9,577.8
-167.2,460.3,577.8
-202.1,438.1,581.0
-248.7,423.3,579.9
-236.0,437.0,593.7
-241.3,439.2,614.8
-268.8,440.2,629.6
-289.9,442.3,646.6
-316.4,454.0,664.6
-272.0,452.9,694.2
-352.4,424.3,681.5
-352.4,390.5,663.5
-339.7,369.3,660.3
-323.8,337.6,645.5
-335.4,305.8,624.3
-338.6,289.9,606.3
-335.4,276.2,596.8
-357.7,254.0,595.8
-349.2,219.0,623.3
-324.9,171.4,659.3
-336.5,169.3,692.1
-333.3,132.3,678.3
-305.8,103.7,658.2
-307.9,56.1,657.1
-283.6,37.0,644.4
-284.7,-2.1,631.7
-288.9,-33.9,657.1
-285.7,-66.7,696.3
-248.7,-72.0,724.9
-185.2,-101.6,733.3
-165.1,-155.6,714.3
-118.5,-188.4,694.2
-131.2,-204.2,644.4
-148.1,-202.1,615.9
-167.2,-197.9,628.6
-135.4,-165.1,678.3
-121.7,-172.5,742.9
-84.7,-232.8,747.1
 2.1,-285.7,785.2
55.0,-319.6,794.7
116.4,-350.3,767.2
153.4,-390.5,714.3
170.4,-390.5,675.1
120.6,-354.5,628.6
68.8,-289.9,609.5
50.8,-250.8,644.4
73.0,-256.1,696.3
120.6,-265.6,732.3
153.4,-250.8,729.1
192.6,-252.9,698.4
207.4,-281.5,676.2
222.2,-269.8,643.4
209.5,-257.1,594.7
182.0,-215.9,560.8
123.8,-148.1,524.9
89.9,-101.6,523.8
122.8,-52.9,595.8
184.1,-64.6,680.4
274.1,-62.4,740.7
324.9,-49.7,725.9
353.4,-52.9,694.2
337.6,-47.6,648.7
321.7,-31.7,642.3
268.8, 5.3,611.6
220.1,54.0,578.8
158.7,99.5,546.0
134.4,133.3,576.7
122.8,157.7,640.2
150.3,167.2,691.0
203.2,154.5,712.2
-,-,-
20.1,-201.1,657.1
69.8,-205.3,676.2
124.9,-249.7,680.4
167.2,-289.9,682.5
205.3,-335.4,665.6
256.1,-416.9,674.1
309.0,-420.1,643.4
393.7,-426.5,623.3
423.3,-423.3,613.8
458.2,-403.2,641.3
497.4,-336.5,713.2
494.2,-286.8,760.8
459.3,-353.4,767.2
428.6,-101.6,759.8
641.3,-132.3,731.2
391.5,-86.8,678.3
370.4,-54.0,630.7
387.3,-18.0,596.8
336.5,31.7,577.8
390.5,72.0,590.5
370.4,116.4,608.5
341.8,156.6,609.5
388.4,172.5,595.8
577.8,207.4,596.8
301.6,254.0,574.6
272.0,276.2,545.0
252.9,294.2,523.8
225.4,323.8,521.7
238.1,337.6,520.6
224.3,357.7,524.9
218.0,386.2,530.2
173.5,420.1,557.7
121.7,470.9,543.9
73.0,491.0,539.7
50.8,478.3,543.9
37.0,472.0,541.8
22.2,478.3,559.8
-16.9,488.9,573.5
-16.9,478.3,593.7
-34.9,479.4,591.5
-79.4,463.5,589.4
-114.3,473.0,593.7
-152.4,477.2,592.6
-202.1,478.3,594.7
-239.2,488.9,577.8
-256.1,487.8,592.6
-267.7,462.4,594.7
-252.9,444.4,608.5
-254.0,438.1,613.8
-239.2,421.2,643.4
-231.7,393.7,694.2
-251.9,387.3,730.2
-249.7,369.3,741.8
-281.5,357.7,692.1
-303.7,340.7,660.3
-298.4,309.0,626.5
-283.6,291.0,626.5
-284.7,272.0,608.5
-282.5,221.2,611.6
-251.9,191.5,660.3
-205.3,151.3,711.1
-202.1,106.9,750.3
-165.1,51.9,732.3
-130.2,-13.8,700.5
-120.6,-61.4,648.7
-120.6,-86.8,630.7
-137.6,-86.8,675.1
-120.6,-79.4,781.0
-84.7,-68.8,869.8
-67.7,-85.7,885.7
-70.9,-135.4,828.6
-67.7,-189.4,764.0
-36.0,-232.8,715.3
-13.8,-267.7,692.1
39.2,-282.5,724.9
118.5,-301.6,785.2
202.1,-339.7,861.4
276.2,-423.3,880.4
310.1,-459.3,868.8
273.0,-455.0,802.1
205.3,-406.3,732.3
136.5,-354.5,674.1
56.1,-303.7,625.4
31.7,-252.9,625.4
19.0,-222.2,627.5
65.6,-218.0,691.0
150.3,-222.2,749.2
255.0,-265.6,785.2
310.1,-303.7,797.9
321.7,-350.3,732.3
303.7,-306.9,706.9
224.3,-269.8,629.6
154.5,-215.9,572.5
82.5,-153.4,525.9
37.0,-66.7,509.0
18.0,-3.2,543.9
55.0,48.7,611.6
106.9,32.8,679.4
207.4, 3.2,716.4
267.7,-47.6,709.0
292.1,-67.7,695.2
304.8,-79.4,632.8
276.2,-54.0,614.8
259.3,-18.0,608.5
223.3,19.0,560.8
186.2,73.0,563.0
136.5,121.7,590.5
116.4,170.4,644.4
120.6,203.2,695.2
118.5,184.1,715.3
171.4,135.4,727.0
216.9,81.5,697.4
-,-,-
14.8,-200.0,698.4
156.6,-202.1,732.3
-104.8,-219.0,743.9
100.5,-230.7,743.9
115.3,-240.2,729.1
154.5,-267.7,711.1
183.1,-288.9,696.3
115.3,-321.7,696.3
302.6,-352.4,725.9
318.5,-367.2,745.0
339.7,-374.6,723.8
377.8,-386.2,707.9
407.4,-389.4,663.5
427.5,-374.6,643.4
443.4,-352.4,648.7
409.5,-302.6,658.2
407.4,-236.0,661.4
376.7,-188.4,641.3
360.8,-136.5,640.2
359.8,-102.6,622.2
370.4,-81.5,614.8
370.4,-52.9,581.0
356.6,-14.8,564.0
340.7,50.8,557.7
309.0,87.8,560.8
301.6,123.8,560.8
251.9,155.6,530.2
219.0,218.0,524.9
139.7,239.2,507.9
118.5,266.7,492.1
98.4,286.8,475.1
100.5,322.8,496.3
99.5,357.7,559.8
72.0,390.5,611.6
54.0,411.6,627.5
39.2,425.4,642.3
22.2,422.2,641.3
-28.6,427.5,615.9
-63.5,441.3,610.6
-137.6,479.4,593.7
-184.1,511.1,596.8
-205.3,505.8,596.8
-232.8,491.0,615.9
-249.7,460.3,648.7
-237.0,456.1,676.2
-237.0,442.3,681.5
-256.1,423.3,648.7
-272.0,408.5,615.9
-299.5,394.7,576.7
-318.5,388.4,595.8
-339.7,369.3,614.8
-339.7,373.5,660.3
-354.5,360.8,679.4
-340.7,371.4,681.5
-338.6,359.8,696.3
-337.6,320.6,681.5
-323.8,286.8,662.4
-321.7,237.0,640.2
-299.5,206.3,648.7
-284.7,186.2,666.7
-239.2,169.3,697.4
-216.9,134.4,714.3
-188.4,101.6,748.1
-188.4,55.0,760.8
-213.8,14.8,731.2
-222.2,-47.6,696.3
-239.2,-102.6,644.4
-220.1,-135.4,610.6
-183.1,-182.0,642.3
-138.6,-219.0,696.3
-85.7,-256.1,742.9
-50.8,-289.9,764.0
-31.7,-324.9,757.7
-29.6,-367.2,710.1
-34.9,-375.7,658.2
-67.7,-383.1,597.9
-70.9,-354.5,593.7
-79.4,-322.8,648.7
-31.7,-302.6,749.2
15.9,-320.6,785.2
72.0,-355.6,802.1
103.7,-423.3,729.1
99.5,-426.5,643.4
66.7,-421.2,555.6
21.2,-373.5,540.7
-29.6,-320.6,522.8
-32.8,-254.0,557.7
-2.1,-216.9,673.0
34.9,-170.4,776.7
121.7,-188.4,796.8
200.0,-252.9,767.2
252.9,-300.5,675.1
240.2,-302.6,590.5
188.4,-251.9,530.2
137.6,-181.0,525.9
82.5,-97.4,546.0
47.6,14.8,592.6
21.2,85.7,475.1
36.0,155.6,765.1
82.5,153.4,777.8
156.6,85.7,733.3
223.3,-20.1,658.2
255.0,-65.6,495.2
239.2,-66.7,709.0
221.2,-32.8,525.9
201.1,103.7,571.4
166.1,-120.6,623.3
134.4,150.3,658.2
86.8,198.9,664.6
68.8,267.7,678.3
-,-,-
86.8,-281.5,709.0
138.6,-301.6,709.0
183.1,-306.9,692.1
204.2,-336.5,676.2
236.0,-338.6,695.2
240.2,-357.7,678.3
287.8,-384.1,697.4
319.6,-390.5,698.4
355.6,-384.1,722.8
376.7,-352.4,698.4
393.7,-334.4,696.3
408.5,-309.0,695.2
392.6,-240.2,675.1
391.5,-187.3,658.2
387.3,-137.6,644.4
386.2,-69.8,647.6
378.8,-29.6,661.4
361.9,20.1,663.5
354.5,65.6,625.4
353.4,105.8,592.6
322.8,153.4,561.9
303.7,182.0,530.2
287.8,207.4,520.6
276.2,224.3,513.2
274.1,274.1,525.9
267.7,291.0,545.0
267.7,319.6,574.6
234.9,337.6,564.0
202.1,359.8,557.7
169.3,390.5,538.6
124.9,404.2,513.2
102.6,421.2,510.1
97.4,421.2,529.1
84.7,410.6,561.9
69.8,404.2,573.5
51.9,404.2,589.4
19.0,405.3,591.5
-12.7,427.5,597.9
-68.8,439.2,611.6
-96.3,439.2,640.2
-149.2,459.3,631.7
-171.4,456.1,658.2
-213.8,457.1,648.7
-233.9,473.0,679.4
-234.9,455.0,695.2
-233.9,421.2,678.3
-234.9,407.4,665.6
-256.1,377.8,664.6
-272.0,360.8,664.6
-301.6,343.9,643.4
-337.6,342.9,626.5
-370.4,359.8,612.7
-402.1,340.7,624.3
-407.4,341.8,640.2
-420.1,325.9,630.7
-388.4,274.1,641.3
-358.7,206.3,659.3
-305.8,137.6,661.4
-266.7,82.5,646.6
-221.2,39.2,661.4
-187.3,19.0,677.2
-183.1,-29.6,682.5
-168.3,-50.8,691.0
-189.4,-86.8,729.1
-214.8,-101.6,730.2
-215.9,-136.5,717.5
-185.2,-168.3,716.4
-155.6,-204.2,695.2
-134.4,-219.0,711.1
-120.6,-215.9,730.2
-100.5,-238.1,749.2
-69.8,-265.6,764.0
-36.0,-303.7,781.0
 0.0,-341.8,746.0
22.2,-385.2,716.4
48.7,-375.7,698.4
48.7,-385.2,725.9
55.0,-367.2,678.3
49.7,-332.3,698.4
56.1,-289.9,710.1
102.6,-319.6,716.4
153.4,-369.3,698.4
184.1,-390.5,665.6
191.5,-408.5,625.4
184.1,-352.4,609.5
121.7,-306.9,426.5
121.7,-437.0,629.6
138.6,104.8,644.4
155.6,-166.1,661.4
136.5,-148.1,676.2
169.3,-152.4,676.2
190.5,-170.4,628.6
222.2,-165.1,576.7
218.0,-163.0,542.9
202.1,-148.1,521.7
209.5,-79.4,543.9
201.1,-47.6,598.9
232.8, 3.2,680.4
257.1,-2.1,746.0
222.2,16.9,743.9
285.7,-1.1,725.9
260.3,-2.1,663.5
188.4,15.9,608.5
252.9,21.2,563.0
206.3,49.7,555.6
157.7,80.4,545.0
172.5,100.5,574.6
157.7,122.8,611.6
73.0,154.5,662.4
149.2,173.5,714.3
151.3,169.3,743.9
101.6,156.6,712.2
132.3,166.1,660.3
132.3,156.6,623.3
-,-,-
98.4,-285.7,644.4
135.4,-288.9,675.1
207.4,-306.9,710.1
256.1,-340.7,732.3
305.8,-370.4,758.7
324.9,-372.5,742.9
356.6,-368.3,733.3
370.4,-354.5,710.1
356.6,-321.7,691.0
336.5,-283.6,648.7
324.9,-237.0,641.3
323.8,-198.9,631.7
325.9,-164.0,630.7
355.6,-130.2,646.6
374.6,-98.4,675.1
392.6,-69.8,675.1
374.6,-32.8,676.2
353.4,31.7,658.2
319.6,66.7,611.6
309.0,102.6,577.8
273.0,120.6,545.0
258.2,167.2,547.1
255.0,206.3,541.8
243.4,218.0,521.7
285.7,226.5,528.0
270.9,267.7,530.2
252.9,304.8,547.1
251.9,318.5,528.0
221.2,338.6,495.2
184.1,359.8,493.1
153.4,403.2,522.8
135.4,421.2,528.0
115.3,422.2,527.0
81.5,429.6,527.0
47.6,444.4,529.1
 5.3,474.1,543.9
-32.8,494.2,572.5
-86.8,524.9,606.3
-154.5,559.8,605.3
-215.9,572.5,614.8
-250.8,548.1,632.8
-255.0,530.2,691.0
-268.8,524.9,728.0
-273.0,505.8,747.1
-283.6,489.9,746.0
-285.7,476.2,811.6
-272.0,460.3,665.6
-255.0,454.0,696.3
-269.8,438.1,717.5
-257.1,393.7,782.0
-286.8,376.7,743.9
-322.8,373.5,676.2
-351.3,359.8,680.4
-319.6,339.7,698.4
-302.6,302.6,725.9
-270.9,274.1,734.4
-255.0,218.0,692.1
-241.3,152.4,895.2
-215.9,73.0,658.2
-189.4,-2.1,626.5
-183.1,-66.7,642.3
-205.3,-69.8,626.5
-204.2,-62.4,723.8
-173.5,-98.4,761.9
-165.1,-117.5,713.2
-153.4,-151.3,732.3
-148.1,-203.2,723.8
-137.6,-183.1,691.0
-104.8,-234.9,658.2
-115.3,-252.9,632.8
-148.1,-251.9,613.8
-139.7,-221.2,648.7
-101.6,21.2,695.2
-34.9,-52.9,715.3
-13.8,-306.9,711.1
51.9,-353.4,710.1
89.9,-407.4,677.2
106.9,-408.5,643.4
55.0,-422.2,606.3
-186.2,-367.2,607.4
-2.1,-305.8,577.8
-31.7,-268.8,581.0
54.0,-251.9,662.4
134.4,-270.9,733.3
190.5,-302.6,714.3
187.3,-336.5,666.7
268.8,-358.7,627.5
274.1,-372.5,561.9
274.1,-355.6,524.9
208.5,-287.8,504.8
167.2,-220.1,527.0
152.4,-166.1,608.5
186.2,-168.3,680.4
269.8,-198.9,715.3
322.8,-214.8,691.0
352.4,-204.2,665.6
352.4,-184.1,643.4
319.6,-135.4,628.6
256.1,-67.7,595.8
218.0,-3.2,593.7
202.1,31.7,614.8
219.0,56.1,661.4
242.3,51.9,679.4
260.3,47.6,675.1
285.7,47.6,675.1
259.3,64.6,658.2
236.0,100.5,646.6
186.2,150.3,657.1
106.9,173.5,624.3
72.0,201.1,612.7
51.9,224.3,628.6
21.2,255.0,656.1
-,-,-
116.4,-304.8,713.2
152.4,-320.6,694.2
156.6,-353.4,674.1
172.5,-369.3,674.1
204.2,-372.5,664.6
256.1,-375.7,678.3
275.1,-392.6,660.3
320.6,-372.5,675.1
311.1,-340.7,697.4
302.6,-282.5,725.9
292.1,-232.8,729.1
301.6,-186.2,724.9
303.7,-153.4,714.3
292.1,-116.4,662.4
302.6,-97.4,656.1
310.1,-69.8,623.3
322.8,-51.9,608.5
321.7,-16.9,607.4
317.5,20.1,607.4
293.1,65.6,614.8
286.8,115.3,607.4
274.1,157.7,596.8
268.8,218.0,593.7
259.3,257.1,606.3
257.1,269.8,594.7
273.0,285.7,576.7
259.3,291.0,556.6
258.2,324.9,577.8
218.0,356.6,577.8
188.4,359.8,578.8
169.3,358.7,555.6
140.7,358.7,559.8
120.6,375.7,497.4
84.7,387.3,488.9
48.7,425.4,525.9
 4.2,439.2,614.8
-15.9,455.0,564.0
-45.5,439.2,454.0
-47.6,410.6,561.9
-66.7,403.2,576.7
-84.7,387.3,576.7
-113.2,378.8,572.5
-148.1,394.7,565.1
-186.2,424.3,540.7
-216.9,421.2,594.7
-215.9,427.5,611.6
-249.7,427.5,623.3
-281.5,406.3,627.5
-304.8,403.2,646.6
-319.6,456.1,660.3
-301.6,410.6,676.2
-304.8,377.8,663.5
-317.5,372.5,675.1
-300.5,387.3,665.6
-324.9,353.4,692.1
-370.4,310.1,681.5
-402.1,319.6,662.4
-440.2,511.1,640.2
-438.1,186.2,662.4
-375.7,188.4,694.2
-321.7,138.6,729.1
-221.2,72.0,732.3
-120.6,-2.1,727.0
-198.9,-69.8,729.1
-201.1,-121.7,731.2
-265.6,-147.1,725.9
-254.0,-155.6,713.2
-268.8,-169.3,710.1
-236.0,-188.4,712.2
-221.2,-213.8,711.1
-183.1,-236.0,710.1
-104.8,-283.6,741.8
-63.5,-350.3,710.1
-19.0,-418.0,646.6
-1.1,-459.3,592.6
-13.8,-485.7,524.9
-48.7,-438.1,455.0
-102.6,-371.4,455.0
-135.4,-255.0,547.1
-114.3,-214.8,697.4
-48.7,-220.1,814.8
39.2,-288.9,843.4
138.6,-389.4,802.1
167.2,-437.0,709.0
154.5,-443.4,572.5
103.7,-401.1,474.1
36.0,-320.6,404.2
-13.8,-238.1,426.5
-19.0,-152.4,531.2
33.9,-117.5,682.5
104.8,-164.0,767.2
243.4,-215.9,783.1
322.8,-282.5,709.0
340.7,-303.7,628.6
301.6,-265.6,564.0
220.1,-203.2,525.9
136.5,-98.4,491.0
50.8,-3.2,494.2
30.7,65.6,538.6
64.6,89.9,625.4
132.3,85.7,724.9
186.2,55.0,781.0
251.9,31.7,784.1
274.1,21.2,732.3
276.2,30.7,676.2
268.8,54.0,643.4
208.5,91.0,643.4
168.3,137.6,628.6
123.8,149.2,639.2
120.6,152.4,646.6
117.5,150.3,647.6
134.4,139.7,695.2
153.4,150.3,742.9
-,-,-
-113.2,-52.9,660.3
-79.4,-70.9,699.5
-34.9,-103.7,748.1
14.8,-171.4,742.9
69.8,-223.3,727.0
100.5,-265.6,698.4
136.5,-281.5,709.0
150.3,-266.7,644.4
140.7,-283.6,796.8
183.1,-281.5,732.3
236.0,-321.7,812.7
307.9,-357.7,725.9
356.6,-370.4,727.0
389.4,-358.7,749.2
389.4,-335.4,785.2
374.6,-301.6,723.8
375.7,-254.0,682.5
357.7,-218.0,662.4
353.4,-150.3,680.4
323.8,-102.6,506.9
323.8,-33.9,647.6
325.9, 4.2,630.7
340.7,33.9,611.6
340.7,48.7,563.0
343.9,105.8,546.0
293.1,18.0,505.8
254.0,325.9,478.3
218.0,171.4,476.2
204.2,190.5,477.2
183.1,255.0,506.9
153.4,268.8,522.8
188.4,304.8,560.8
207.4,276.2,575.7
223.3,288.9,578.8
186.2,319.6,564.0
139.7,504.8,563.0
86.8,351.3,574.6
 5.3,614.8,556.6
48.7,460.3,546.0
-37.0,208.5,555.6
-51.9,495.2,577.8
-87.8,496.3,594.7
-136.5,507.9,625.4
-147.1,497.4,643.4
-166.1,489.9,647.6
-167.2,459.3,657.1
-189.4,444.4,647.6
-219.0,457.1,647.6
-266.7,472.0,627.5
-291.0,476.2,608.5
-356.6,479.4,627.5
-371.4,487.8,625.4
-372.5,457.1,625.4
-351.3,409.5,641.3
-325.9,359.8,646.6
-318.5,321.7,659.3
-304.8,310.1,662.4
-301.6,304.8,641.3
-281.5,288.9,626.5
-317.5,284.7,630.7
-355.6,272.0,642.3
-387.3,233.9,641.3
-387.3,191.5,644.4
-384.1,122.8,626.5
-352.4,48.7,607.4
-307.9, 3.2,577.8
-282.5,-46.6,578.8
-265.6,-81.5,607.4
-267.7,-85.7,642.3
-251.9,-80.4,724.9
-283.6,-70.9,800.0
-266.7,-66.7,844.4
-220.1,-103.7,797.9
-116.4,-172.5,732.3
-34.9,-234.9,692.1
-13.8,-288.9,664.6
15.9,-307.9,658.2
32.8,-301.6,697.4
30.7,-265.6,732.3
36.0,-272.0,763.0
65.6,-298.4,728.0
48.7,-282.5,724.9
38.1,-257.1,710.1
19.0,-269.8,675.1
34.9,-265.6,626.5
65.6,-264.6,571.4
82.5,-252.9,529.1
85.7,-222.2,539.7
85.7,-184.1,591.5
135.4,-169.3,673.0
205.3,-184.1,734.4
267.7,-222.2,758.7
306.9,-266.7,729.1
327.0,-285.7,681.5
307.9,-254.0,625.4
258.2,-218.0,578.8
186.2,-134.4,545.0
121.7,-64.6,513.2
67.7,15.9,528.0
50.8,72.0,559.8
98.4,83.6,657.1
201.1,19.0,716.4
321.7,-50.8,745.0
392.6,-101.6,717.5
427.5,-136.5,682.5
412.7,-131.2,662.4
375.7,-69.8,661.4
304.8,14.8,646.6
204.2,98.4,613.8
155.6,151.3,629.6
123.8,170.4,664.6
122.8,170.4,694.2
121.7,165.1,699.5
132.3,155.6,697.4
-,-,-
 5.3,-205.3,707.9
86.8,-232.8,729.1
135.4,-251.9,742.9
168.3,-270.9,732.3
190.5,-220.1,760.8
237.0,-320.6,710.1
268.8,-334.4,783.1
307.9,-452.9,731.2
374.6,-322.8,728.0
391.5,-316.4,709.0
422.2,-493.1,563.0
427.5,-324.9,627.5
462.4,-320.6,626.5
493.1,-317.5,648.7
473.0,-288.9,664.6
487.8,-167.2,624.3
461.4,-203.2,682.5
456.1,-131.2,727.0
472.0,-67.7,660.3
408.5,-2.1,629.6
386.2,70.9,593.7
353.4,115.3,556.6
310.1,151.3,538.6
324.9,200.0,546.0
291.0,239.2,576.7
237.0,303.7,594.7
189.4,338.6,590.5
155.6,376.7,578.8
105.8,446.6,564.0
38.1,476.2,561.9
38.1,491.0,589.4
31.7,495.2,582.0
47.6,491.0,595.8
14.8,477.2,595.8
12.7,488.9,609.5
-14.8,496.3,624.3
-46.6,489.9,611.6
-68.8,493.1,611.6
-121.7,493.1,606.3
-149.2,487.8,609.5
-196.8,476.2,596.8
-200.0,461.4,607.4
-215.9,425.4,579.9
-203.2,391.5,576.7
-198.9,369.3,560.8
-198.9,357.7,560.8
-223.3,355.6,557.7
-265.6,353.4,556.6
-269.8,341.8,563.0
-289.9,325.9,542.9
-306.9,324.9,556.6
-323.8,319.6,573.5
-320.6,310.1,593.7
-321.7,288.9,593.7
-306.9,267.7,596.8
-306.9,219.0,581.0
-333.3,170.4,572.5
-321.7,135.4,579.9
-324.9,104.8,626.5
-301.6,100.5,709.0
-287.8,72.0,759.8
-250.8,37.0,782.0
-216.9,-12.7,782.0
-187.3,-80.4,776.7
-169.3,-154.5,749.2
-137.6,-221.2,747.1
-134.4,-257.1,746.0
-151.3,-287.8,724.9
-151.3,-292.1,728.0
-137.6,-285.7,745.0
-133.3,-249.7,779.9
-115.3,-251.9,798.9
-85.7,-273.0,782.0
-66.7,-316.4,727.0
-51.9,-337.6,648.7
-47.6,-357.7,574.6
-48.7,-368.3,537.6
-36.0,-352.4,525.9
-29.6,-333.3,547.1
13.8,-341.8,581.0
64.6,-389.4,597.9
118.5,-403.2,627.5
150.3,-426.5,579.9
184.1,-457.1,529.1
186.2,-455.0,476.2
149.2,-420.1,477.2
119.6,-350.3,524.9
98.4,-273.0,590.5
101.6,-221.2,662.4
140.7,-216.9,696.3
182.0,-205.3,777.8
223.3,-220.1,766.1
254.0,-222.2,760.8
234.9,-221.2,728.0
203.2,-205.3,693.1
173.5,-186.2,657.1
154.5,-153.4,631.7
106.9,-102.6,607.4
102.6,-66.7,578.8
101.6,-4.2,595.8
86.8,39.2,629.6
105.8,68.8,694.2
140.7,64.6,749.2
203.2,34.9,775.7
251.9,-27.5,743.9
287.8,-65.6,696.3
274.1,-52.9,642.3
233.9,-13.8,595.8
205.3,51.9,589.4
150.3,101.6,595.8
107.9,137.6,645.5
68.8,186.2,663.5
48.7,224.3,699.5
33.9,221.2,711.1
66.7,191.5,695.2
99.5,134.4,711.1
132.3,100.5,679.4
136.5,68.8,631.7
-,-,-
 3.2,-215.9,709.0
69.8,-251.9,697.4
117.5,-287.8,678.3
206.3,-336.5,648.7
188.4,-367.2,644.4
204.2,-389.4,626.5
270.9,-404.2,625.4
339.7,-418.0,630.7
395.8,-442.3,631.7
475.1,-470.9,658.2
543.9,-472.0,678.3
576.7,-443.4,696.3
606.3,-386.2,731.2
564.0,-286.8,743.9
488.9,-171.4,743.9
455.0,-68.8,709.0
443.4,-1.1,682.5
437.0,51.9,647.6
445.5,107.9,627.5
424.3,140.7,607.4
408.5,183.1,575.7
371.4,207.4,556.6
325.9,257.1,547.1
270.9,304.8,523.8
224.3,343.9,507.9
223.3,343.9,514.3
224.3,354.5,546.0
190.5,388.4,573.5
157.7,420.1,605.3
154.5,442.3,613.8
115.3,440.2,590.5
72.0,489.9,597.9
21.2,495.2,597.9
-18.0,513.2,611.6
-52.9,528.0,624.3
-101.6,539.7,610.6
-133.3,521.7,626.5
-147.1,505.8,660.3
-151.3,478.3,681.5
-171.4,461.4,693.1
-187.3,455.0,694.2
-222.2,441.3,676.2
-238.1,444.4,665.6
-266.7,439.2,657.1
-286.8,436.0,646.6
-307.9,408.5,626.5
-333.3,375.7,626.5
-333.3,327.0,627.5
-334.4,286.8,611.6
-324.9,254.0,613.8
-318.5,220.1,629.6
-300.5,206.3,646.6
-300.5,183.1,658.2
-287.8,165.1,658.2
-339.7,121.7,644.4
-383.1,87.8,643.4
-367.2,48.7,647.6
-338.6,15.9,680.4
-322.8,-12.7,692.1
-309.0,-20.1,712.2
-299.5,-47.6,760.8
-305.8,-65.6,828.6
-288.9,-100.5,880.4
-255.0,-172.5,878.3
-215.9,-248.7,827.5
-205.3,-309.0,727.0
-197.9,-320.6,626.5
-187.3,-288.9,572.5
-216.9,-240.2,560.8
-238.1,-202.1,577.8
-221.2,-181.0,631.7
-167.2,-197.9,714.3
-98.4,-301.6,742.9
13.8,-388.4,700.5
67.7,-460.3,595.8
82.5,-520.6,455.0
72.0,-507.9,360.8
23.3,-418.0,360.8
-84.7,-307.9,407.4
-112.2,-201.1,510.1
-49.7,-136.5,643.4
47.6,-221.2,732.3
156.6,-307.9,768.3
251.9,-390.5,709.0
310.1,-423.3,628.6
284.7,-388.4,558.7
202.1,-288.9,477.2
117.5,-171.4,428.6
 3.2,-87.8,387.3
-47.6,22.2,406.3
-52.9,99.5,492.1
15.9,88.9,645.5
99.5,34.9,776.7
239.2,-63.5,834.9
355.6,-130.2,816.9
376.7,-154.5,729.1
324.9,-153.4,642.3
269.8,-82.5,594.7
188.4,33.9,589.4
82.5,122.8,558.7
 4.2,191.5,561.9
 3.2,221.2,609.5
54.0,218.0,695.2
101.6,171.4,742.9
167.2,133.3,867.7
222.2,101.6,759.8
251.9,73.0,745.0
255.0,91.0,730.2
174.6,121.7,713.2
120.6,188.4,676.2
55.0,216.9,657.1
16.9,241.3,665.6
 3.2,220.1,677.2
 5.3,206.3,683.6
31.7,185.2,692.1
-,-,-
83.6,-267.7,712.2
150.3,-284.7,749.2
186.2,-304.8,750.3
223.3,-322.8,746.0
268.8,-336.5,727.0
305.8,-367.2,696.3
357.7,-391.5,680.4
405.3,-373.5,695.2
407.4,-336.5,729.1
376.7,-273.0,749.2
392.6,-214.8,764.0
421.2,-151.3,778.8
389.4,-100.5,750.3
408.5,-54.0,728.0
408.5,-52.9,677.2
388.4,-18.0,627.5
357.7,34.9,594.7
337.6,87.8,590.5
319.6,152.4,581.0
285.7,204.2,573.5
268.8,236.0,574.6
241.3,259.3,558.7
234.9,288.9,546.0
218.0,288.9,543.9
203.2,291.0,538.6
169.3,320.6,523.8
133.3,340.7,493.1
116.4,370.4,479.4
69.8,387.3,489.9
19.0,409.5,507.9
-31.7,407.4,527.0
-36.0,406.3,559.8
-67.7,377.8,558.7
-103.7,372.5,546.0
-149.2,360.8,546.0
-170.4,386.2,559.8
-198.9,390.5,560.8
-221.2,392.6,561.9
-236.0,408.5,582.0
-281.5,409.5,607.4
-309.0,441.3,629.6
-334.4,438.1,642.3
-340.7,425.4,675.1
-355.6,427.5,664.6
-369.3,422.2,661.4
-368.3,405.3,643.4
-340.7,388.4,627.5
-336.5,368.3,593.7
-352.4,327.0,573.5
-338.6,306.9,592.6
-350.3,268.8,622.2
-351.3,251.9,678.3
-360.8,237.0,694.2
-369.3,216.9,677.2
-354.5,172.5,625.4
-322.8,122.8,559.8
-282.5,82.5,538.6
-255.0,51.9,529.1
-222.2,15.9,530.2
-215.9,-28.6,576.7
-205.3,-37.0,662.4
-218.0,-54.0,743.9
-236.0,-63.5,763.0
-240.2,-80.4,714.3
-237.0,-49.7,663.5
-216.9,-47.6,664.6
-137.6,-69.8,732.3
-68.8,-118.5,779.9
-30.7,-147.1,831.7
-11.6,-154.5,852.9
-37.0,-169.3,829.6
-54.0,-168.3,793.7
-82.5,-170.4,706.9
-101.6,-167.2,644.4
-122.8,-171.4,589.4
-133.3,-147.1,572.5
-115.3,-137.6,646.6
-45.5,-164.0,682.5
14.8,-188.4,747.1
83.6,-238.1,761.9
136.5,-285.7,743.9
150.3,-321.7,630.7
166.1,-337.6,611.6
135.4,-320.6,589.4
105.8,-269.8,608.5
72.0,-222.2,624.3
86.8,-201.1,645.5
120.6,-187.3,699.5
171.4,-216.9,709.0
224.3,-248.7,696.3
284.7,-266.7,696.3
289.9,-238.1,359.8
251.9,-219.0,664.6
190.5,-164.0,629.6
137.6,-130.2,574.6
104.8,-83.6,528.0
133.3,-146.0,525.9
68.8,-102.6,574.6
223.3,-188.4,615.9
234.9,-97.4,658.2
321.7,-36.0,662.4
389.4,-136.5,657.1
259.3,-84.7,658.2
372.5,-47.6,659.3
236.0,137.6,657.1
154.5,-116.4,630.7
204.2,220.1,664.6
152.4,155.6,729.1
153.4,188.4,781.0
170.4,182.0,797.9
-,-,-
137.6,-353.4,728.0
221.2,-404.2,711.1
275.1,-451.9,662.4
302.6,-494.2,627.5
324.9,-520.6,594.7
342.9,-485.7,606.3
357.7,-421.2,659.3
354.5,-371.4,715.3
355.6,-306.9,760.8
342.9,-273.0,746.0
374.6,-232.8,732.3
387.3,-216.9,680.4
360.8,-189.4,595.8
354.5,-183.1,505.8
341.8,-165.1,457.1
321.7,-121.7,441.3
335.4,-84.7,461.4
337.6,13.8,509.0
307.9,98.4,561.9
319.6,168.3,609.5
318.5,208.5,611.6
319.6,233.9,572.5
302.6,221.2,523.8
293.1,240.2,510.1
268.8,242.3,505.8
236.0,309.0,527.0
219.0,372.5,559.8
166.1,427.5,574.6
124.9,495.2,596.8
87.8,529.1,611.6
69.8,573.5,640.2
36.0,577.8,658.2
 3.2,592.6,680.4
-45.5,578.8,692.1
-82.5,575.7,665.6
-119.6,539.7,644.4
-133.3,496.3,624.3
-133.3,476.2,624.3
-154.5,459.3,623.3
-197.9,473.0,624.3
-220.1,475.1,624.3
-237.0,478.3,644.4
-254.0,477.2,659.3
-265.6,457.1,665.6
-287.8,461.4,658.2
-298.4,440.2,661.4
-285.7,407.4,643.4
-285.7,371.4,631.7
-266.7,372.5,642.3
-284.7,374.6,629.6
-315.3,352.4,609.5
-303.7,322.8,624.3
-272.0,291.0,609.5
-251.9,240.2,563.0
-256.1,185.2,541.8
-268.8,140.7,578.8
-270.9,115.3,539.7
-284.7,100.5,572.5
-285.7,85.7,504.8
-266.7,32.8,698.4
-287.8, 1.1,802.1
-286.8,-45.5,781.0
-281.5,-65.6,777.8
-204.2,-131.2,913.2
-151.3,-204.2,712.2
-103.7,-266.7,710.1
-67.7,-302.6,742.9
-32.8,-337.6,763.0
-11.6,-306.9,782.0
-14.8,-370.4,779.9
-31.7,-350.3,758.7
-49.7,-315.3,711.1
-66.7,-333.3,661.4
-84.7,-298.4,657.1
-101.6,-289.9,662.4
-103.7,-281.5,674.1
-79.4,-268.8,675.1
-20.1,-307.9,694.2
49.7,-340.7,706.9
104.8,-384.1,695.2
165.1,-434.9,660.3
173.5,-438.1,643.4
136.5,-401.1,612.7
55.0,-149.2,597.9
 0.0,-269.8,575.7
-47.6,-203.2,578.8
18.0,-166.1,629.6
65.6,-171.4,660.3
122.8,-232.8,657.1
236.0,-300.5,612.7
289.9,-332.3,582.0
324.9,-337.6,556.6
303.7,-298.4,558.7
218.0,-190.5,541.8
133.3,-82.5,538.6
189.4,-20.1,559.8
121.7,-2.1,592.6
151.3, 0.0,611.6
167.2,-33.9,593.7
225.4,-63.5,598.9
289.9,-84.7,613.8
303.7,-64.6,646.6
286.8,-31.7,663.5
220.1,38.1,675.1
139.7,98.4,646.6
89.9,137.6,613.8
70.9,152.4,606.3
-,-,-
88.9,-306.9,699.5
137.6,-335.4,728.0
155.6,-354.5,697.4
186.2,-340.7,716.4
218.0,-351.3,750.3
242.3,-351.3,768.3
275.1,-339.7,761.9
309.0,-354.5,759.8
357.7,-369.3,727.0
387.3,-358.7,723.8
392.6,-323.8,692.1
394.7,-287.8,657.1
388.4,-250.8,614.8
342.9,-197.9,578.8
338.6,-150.3,561.9
340.7,-116.4,541.8
358.7,-79.4,513.2
375.7,-48.7,510.1
371.4, 3.2,512.2
358.7,87.8,522.8
335.4,152.4,528.0
321.7,207.4,543.9
291.0,256.1,542.9
240.2,293.1,547.1
222.2,336.5,541.8
181.0,375.7,556.6
140.7,407.4,541.8
152.4,405.3,527.0
155.6,403.2,541.8
150.3,421.2,556.6
133.3,439.2,573.5
118.5,445.5,609.5
103.7,455.0,615.9
52.9,458.2,626.5
 1.1,478.3,613.8
-54.0,512.2,607.4
-85.7,506.9,642.3
-100.5,493.1,627.5
-121.7,480.4,643.4
-164.0,494.2,657.1
-166.1,460.3,625.4
-185.2,456.1,732.3
-201.1,440.2,658.2
-214.8,424.3,658.2
-239.2,440.2,624.3
-282.5,410.6,625.4
-323.8,409.5,613.8
-358.7,391.5,675.1
-384.1,339.7,898.4
-402.1,327.0,707.9
-383.1,426.5,749.2
-387.3,473.0,775.7
-358.7,408.5,795.8
-354.5,321.7,765.1
-336.5,258.2,716.4
-320.6,190.5,658.2
-304.8,119.6,611.6
-287.8,83.6,612.7
-282.5,52.9,647.6
-256.1,56.1,710.1
-251.9, 4.2,743.9
-216.9,-19.0,750.3
-204.2,-81.5,727.0
-185.2,-138.6,678.3
-183.1,-250.8,623.3
-166.1,-238.1,608.5
-148.1,-252.9,612.7
-139.7,-231.7,661.4
-167.2,-219.0,677.2
-151.3,-220.1,691.0
-85.7,-249.7,714.3
-44.4,-317.5,693.1
156.6,-356.6,630.7
37.0,-387.3,574.6
 5.3,-357.7,542.9
99.5,-286.8,522.8
-137.6,-219.0,495.2
-117.5,-150.3,555.6
-67.7,-135.4,641.3
21.2,-218.0,712.2
120.6,-307.9,732.3
201.1,-372.5,699.5
219.0,-389.4,645.5
185.2,-335.4,614.8
85.7,-269.8,592.6
-13.8,-200.0,590.5
-18.0,-130.2,608.5
31.7,-104.8,692.1
82.5,-149.2,711.1
155.6,-234.9,674.1
218.0,-251.9,614.8
205.3,-252.9,545.0
201.1,-215.9,522.8
136.5,-135.4,492.1
54.0,-51.9,509.0
13.8,19.0,543.9
33.9,47.6,608.5
117.5,21.2,713.2
191.5,-2.1,774.6
251.9,-16.9,778.8
275.1,-32.8,749.2
268.8,-20.1,707.9
236.0, 5.3,659.3
169.3,49.7,640.2
86.8,88.9,581.0
21.2,136.5,540.7
-,-,-
81.5,-317.5,707.9
137.6,-322.8,724.9
170.4,-357.7,725.9
190.5,-369.3,712.2
218.0,-357.7,716.4
203.2,-351.3,715.3
234.9,-333.3,716.4
270.9,-323.8,698.4
319.6,-323.8,681.5
357.7,-322.8,675.1
374.6,-319.6,699.5
392.6,-281.5,647.6
369.3,-221.2,695.2
341.8,-166.1,692.1
338.6,-135.4,643.4
321.7,-64.6,632.8
291.0,-31.7,844.4
274.1,38.1,556.6
243.4,86.8,558.7
234.9,122.8,611.6
224.3,134.4,582.0
219.0,141.8,528.0
215.9,167.2,495.2
223.3,168.3,167.2
233.9,202.1,478.3
207.4,219.0,463.5
205.3,324.9,493.1
167.2,321.7,513.2
157.7,357.7,545.0
166.1,373.5,574.6
165.1,356.6,576.7
104.8,410.6,559.8
68.8,438.1,539.7
31.7,441.3,541.8
20.1,460.3,554.5
15.9,474.1,577.8
-16.9,438.1,595.8
-50.8,489.9,625.4
-102.6,509.0,641.3
-152.4,510.1,646.6
-186.2,512.2,647.6
-201.1,510.1,643.4
-337.6,509.0,641.3
-240.2,506.9,626.5
-335.4,505.8,629.6
-304.8,477.2,624.3
-249.7,456.1,614.8
-317.5,437.0,627.5
-337.6,443.4,673.0
-353.4,441.3,699.5
-335.4,424.3,724.9
-352.4,387.3,709.0
-288.9,322.8,645.5
-251.9,251.9,595.8
-336.5,174.6,564.0
-470.9,134.4,591.5
-339.7,116.4,645.5
-102.6,121.7,725.9
-281.5,133.3,781.0
-268.8,100.5,781.0
-268.8,51.9,748.1
-267.7, 3.2,714.3
-267.7,-34.9,681.5
-269.8,-63.5,660.3
-250.8,-83.6,662.4
-220.1,-86.8,681.5
-187.3,-99.5,697.4
-133.3,-149.2,714.3
-99.5,-204.2,716.4
-86.8,-248.7,683.6
-79.4,-282.5,639.2
-103.7,-287.8,590.5
-115.3,-286.8,546.0
-113.2,-286.8,528.0
-114.3,-268.8,546.0
-54.0,-252.9,641.3
 0.0,-283.6,727.0
73.0,-304.8,781.0
82.5,-334.4,729.1
70.9,-339.7,625.4
36.0,-337.6,506.9
14.8,-319.6,444.4
-30.7,-286.8,411.6
-13.8,-251.9,488.9
69.8,-270.9,597.9
158.7,-337.6,665.6
257.1,-357.7,682.5
284.7,-386.2,645.5
291.0,-355.6,641.3
223.3,-298.4,628.6
152.4,-221.2,640.2
100.5,-133.3,640.2
65.6,-82.5,642.3
68.8,-32.8,698.4
91.0, 3.2,760.8
131.2,30.7,802.1
154.5, 4.2,814.8
207.4,-36.0,793.7
221.2,-68.8,709.0
222.2,-64.6,658.2
200.0,-37.0,630.7
173.5, 0.0,613.8
153.4,48.7,623.3
139.7,105.8,645.5
72.0,174.6,679.4
33.9,234.9,699.5
34.9,243.4,742.9
18.0,241.3,730.2
21.2,216.9,696.3
-,-,-
67.7,-493.1,646.6
84.7,-269.8,643.4
89.9,-252.9,677.2
105.8,-250.8,681.5
139.7,-255.0,712.2
170.4,-251.9,748.1
202.1,-268.8,625.4
239.2,-284.7,699.5
266.7,-304.8,679.4
289.9,-306.9,641.3
319.6,-306.9,763.0
353.4,-305.8,641.3
376.7,-289.9,641.3
393.7,-240.2,693.1
394.7,-188.4,696.3
404.2,-139.7,680.4
391.5,-96.3,644.4
376.7,-116.4,578.8
394.7,-64.6,539.7
371.4,-65.6,510.1
341.8,374.6,523.8
341.8,168.3,571.4
370.4,203.2,611.6
423.3,237.0,641.3
390.5,285.7,658.2
319.6,336.5,643.4
236.0,393.7,612.7
170.4,695.2,559.8
184.1,457.1,530.2
115.3,473.0,522.8
86.8,489.9,522.8
82.5,514.3,542.9
36.0,542.9,559.8
19.0,563.0,592.6
-16.9,573.5,596.8
-188.4,547.1,593.7
-64.6,524.9,577.8
-66.7,497.4,554.5
-65.6,458.2,522.8
-104.8,455.0,522.8
-137.6,472.0,528.0
-182.0,476.2,546.0
-215.9,492.1,575.7
-239.2,460.3,579.9
-237.0,460.3,607.4
-232.8,442.3,608.5
-222.2,421.2,594.7
-239.2,402.1,582.0
-239.2,376.7,558.7
-256.1,355.6,540.7
-270.9,343.9,542.9
-254.0,321.7,590.5
-239.2,288.9,608.5
-200.0,254.0,646.6
-150.3,223.3,661.4
-147.1,218.0,644.4
-188.4,220.1,630.7
-206.3,190.5,597.9
-220.1,157.7,607.4
-252.9,135.4,640.2
-283.6,120.6,645.5
-316.4,135.4,662.4
-318.5,117.5,709.0
-284.7,121.7,782.0
-231.7,73.0,812.7
-184.1,-1.1,846.6
-165.1,-50.8,863.5
-119.6,-132.3,833.9
-86.8,-170.4,797.9
-87.8,-205.3,781.0
-154.5,-135.4,829.6
-170.4,-137.6,833.9
-153.4,-139.7,828.6
-168.3,-152.4,851.9
-147.1,-188.4,847.6
-101.6,-252.9,812.7
-52.9,-306.9,742.9
-48.7,-351.3,646.6
-63.5,-352.4,597.9
-63.5,-338.6,590.5
-69.8,-299.5,623.3
-134.4,-215.9,697.4
-148.1,-186.2,763.0
-99.5,-204.2,776.7
-51.9,-232.8,709.0
 0.0,-317.5,646.6
65.6,-354.5,593.7
72.0,-358.7,559.8
48.7,-324.9,530.2
37.0,-281.5,547.1
20.1,-239.2,578.8
18.0,-184.1,644.4
 4.2,-134.4,680.4
51.9,-137.6,715.3
101.6,-203.2,682.5
156.6,-238.1,607.4
169.3,-252.9,525.9
187.3,-231.7,496.3
185.2,-170.4,524.9
169.3,-132.3,573.5
133.3,-51.9,596.8
148.1,-3.2,664.6
140.7,15.9,745.0
173.5,-1.1,773.5
254.0,-36.0,743.9
286.8,-101.6,660.3
324.9,-137.6,581.0
340.7,-137.6,542.9
304.8,-81.5,556.6
242.3, 5.3,574.6
-,-,-
202.1,-336.5,675.1
302.6,-366.1,611.6
233.9,-352.4,575.7
286.8,-335.4,561.9
292.1,-304.8,588.4
275.1,-267.7,610.6
387.3,-257.1,641.3
442.3,-241.3,662.4
357.7,-236.0,662.4
376.7,-188.4,663.5
356.6,-152.4,642.3
293.1,-102.6,645.5
325.9,-68.8,610.6
338.6,-13.8,581.0
274.1,38.1,558.7
270.9,102.6,564.0
239.2,140.7,559.8
219.0,157.7,539.7
201.1,187.3,522.8
216.9,182.0,511.1
222.2,183.1,521.7
207.4,184.1,489.9
186.2,237.0,503.7
139.7,291.0,511.1
105.8,342.9,530.2
64.6,392.6,556.6
15.9,428.6,556.6
 0.0,476.2,561.9
-2.1,476.2,594.7
-15.9,473.0,606.3
-30.7,473.0,598.9
-45.5,493.1,614.8
-82.5,489.9,624.3
-68.8,492.1,625.4
-117.5,478.3,624.3
-136.5,489.9,647.6
-170.4,496.3,660.3
-222.2,491.0,663.5
-221.2,457.1,646.6
-216.9,422.2,642.3
-205.3,405.3,642.3
-223.3,412.7,644.4
-223.3,408.5,678.3
-233.9,409.5,699.5
-222.2,420.1,715.3
-247.6,410.6,711.1
-256.1,391.5,694.2
-285.7,355.6,660.3
-319.6,310.1,624.3
-323.8,270.9,596.8
-322.8,255.0,596.8
-281.5,238.1,643.4
-239.2,233.9,676.2
-215.9,236.0,713.2
-237.0,205.3,707.9
-239.2,166.1,691.0
-238.1,100.5,646.6
-254.0,39.2,627.5
-255.0,13.8,609.5
-254.0,-16.9,627.5
-247.6,-37.0,641.3
-222.2,-50.8,679.4
-204.2,-47.6,742.9
-238.1,-80.4,727.0
-239.2,-134.4,714.3
-202.1,-203.2,681.5
-165.1,-250.8,630.7
-134.4,-285.7,589.4
-117.5,-281.5,576.7
-132.3,-272.0,624.3
-136.5,-240.2,682.5
-152.4,-221.2,729.1
-148.1,-252.9,694.2
-103.7,-283.6,646.6
-104.8,-300.5,625.4
-82.5,-306.9,624.3
-45.5,-339.7,626.5
34.9,-387.3,642.3
87.8,-408.5,642.3
86.8,-408.5,610.6
89.9,-389.4,593.7
51.9,-356.6,563.0
16.9,-307.9,589.4
-29.6,-287.8,574.6
 4.2,-265.6,607.4
49.7,-267.7,647.6
101.6,-270.9,712.2
140.7,-287.8,725.9
184.1,-301.6,694.2
218.0,-299.5,659.3
190.5,-267.7,595.8
154.5,-218.0,573.5
67.7,-122.8,510.1
15.9,-29.6,542.9
-3.2,39.2,597.9
40.2,85.7,675.1
118.5,19.0,733.3
184.1,-33.9,775.7
258.2,-119.6,647.6
289.9,-150.3,547.1
292.1,-121.7,513.2
272.0,-48.7,559.8
206.3,54.0,575.7
133.3,140.7,639.2
117.5,190.5,698.4
105.8,219.0,747.1
140.7,184.1,729.1
189.4,138.6,711.1
241.3,64.6,659.3
-,-,-
52.9,-136.5,675.1
66.7,-163.0,691.0
68.8,-202.1,676.2
115.3,-238.1,678.3
120.6,-254.0,663.5
153.4,-256.1,675.1
172.5,-252.9,681.5
207.4,-236.0,709.0
223.3,-240.2,728.0
257.1,-247.6,748.1
286.8,-252.9,728.0
293.1,-248.7,692.1
311.1,-249.7,660.3
318.5,-236.0,631.7
318.5,-215.9,625.4
307.9,-171.4,642.3
305.8,-117.5,641.3
288.9,-66.7,659.3
307.9,-33.9,676.2
325.9,-15.9,661.4
353.4,19.0,648.7
341.8,56.1,627.5
342.9,101.6,613.8
353.4,123.8,595.8
336.5,157.7,606.3
293.1,225.4,611.6
258.2,258.2,607.4
260.3,275.1,592.6
268.8,285.7,579.9
269.8,303.7,575.7
250.8,321.7,574.6
205.3,374.6,596.8
154.5,419.0,610.6
122.8,444.4,624.3
87.8,461.4,612.7
55.0,460.3,589.4
19.0,478.3,595.8
-28.6,488.9,575.7
-48.7,489.9,575.7
-79.4,472.0,561.9
-69.8,444.4,561.9
-96.3,408.5,572.5
-97.4,387.3,565.1
-131.2,388.4,576.7
-172.5,387.3,591.5
-231.7,402.1,582.0
-268.8,422.2,592.6
-303.7,427.5,579.9
-332.3,421.2,578.8
-306.9,404.2,610.6
-316.4,374.6,630.7
-305.8,335.4,660.3
-286.8,319.6,676.2
-267.7,288.9,681.5
-238.1,255.0,691.0
-237.0,221.2,674.1
-272.0,187.3,657.1
-340.7,150.3,659.3
-384.1,135.4,691.0
-402.1,88.9,742.9
-368.3,69.8,794.7
-322.8,22.2,827.5
-285.7,-29.6,818.0
-256.1,-79.4,793.7
-237.0,-121.7,727.0
-216.9,-154.5,691.0
-204.2,-198.9,699.5
-201.1,-206.3,749.2
-203.2,-237.0,796.8
-170.4,-236.0,827.5
-154.5,-255.0,811.6
-148.1,-267.7,793.7
-147.1,-268.8,776.7
-121.7,-284.7,742.9
-103.7,-306.9,710.1
-122.8,-317.5,658.2
-121.7,-300.5,642.3
-117.5,-289.9,625.4
-68.8,-303.7,646.6
-20.1,-319.6,648.7
-14.8,-316.4,649.7
-18.0,-283.6,648.7
-31.7,-238.1,648.7
-47.6,-203.2,643.4
-45.5,-202.1,613.8
-11.6,-198.9,608.5
 5.3,-205.3,557.7
54.0,-203.2,557.7
84.7,-202.1,573.5
119.6,-189.4,491.0
122.8,-204.2,504.8
138.6,-185.2,825.4
135.4,-183.1,563.0
116.4,-135.4,606.3
116.4,-117.5,660.3
116.4,-100.5,539.7
153.4,-52.9,766.1
173.5,-101.6,794.7
204.2,-85.7,691.0
205.3,-166.1,732.3
172.5,-69.8,680.4
122.8,14.8,610.6
66.7, 1.1,561.9
36.0,40.2,539.7
30.7,82.5,545.0
82.5,88.9,596.8
116.4,48.7,662.4
200.0,49.7,693.1
243.4,-63.5,674.1
302.6,-97.4,644.4
270.9,-86.8,626.5
255.0,-34.9,643.4
169.3,18.0,645.5
105.8,98.4,629.6
-,-,-
50.8,-299.5,675.1
84.7,-301.6,674.1
82.5,-302.6,661.4
84.7,-283.6,682.5
73.0,-273.0,682.5
118.5,-282.5,692.1
186.2,-304.8,675.1
259.3,-340.7,659.3
328.0,-372.5,660.3
387.3,-372.5,663.5
407.4,-351.3,677.2
404.2,-307.9,675.1
390.5,-268.8,678.3
359.8,-205.3,679.4
320.6,-133.3,677.2
291.0,-86.8,665.6
305.8,-29.6,660.3
323.8,-11.6,631.7
359.8,14.8,642.3
394.7,31.7,647.6
408.5,48.7,658.2
389.4,85.7,657.1
375.7,133.3,646.6
389.4,191.5,646.6
339.7,241.3,628.6
307.9,293.1,626.5
272.0,336.5,610.6
255.0,341.8,607.4
272.0,337.6,593.7
273.0,323.8,572.5
241.3,341.8,545.0
202.1,376.7,525.9
156.6,408.5,522.8
120.6,437.0,538.6
87.8,470.9,573.5
54.0,473.0,588.4
46.6,459.3,597.9
34.9,456.1,611.6
15.9,438.1,595.8
-1.1,424.3,591.5
-18.0,403.2,576.7
-30.7,407.4,579.9
-62.4,412.7,573.5
-86.8,427.5,574.6
-154.5,458.2,575.7
-201.1,473.0,577.8
-204.2,457.1,576.7
-237.0,460.3,607.4
-281.5,458.2,646.6
-258.2,454.0,664.6
-240.2,442.3,663.5
-239.2,423.3,608.5
-236.0,407.4,542.9
-238.1,385.2,511.1
-249.7,375.7,557.7
-281.5,373.5,610.6
-307.9,375.7,680.4
-369.3,390.5,727.0
-388.4,359.8,438.1
-391.5,306.9,781.0
-387.3,243.4,610.6
-366.1,188.4,408.5
-356.6,134.4,540.7
-338.6,103.7,573.5
-340.7,64.6,629.6
-358.7,40.2,725.9
-355.6,32.8,801.1
-303.7,-16.9,969.3
-239.2,-96.3,827.5
-201.1,-154.5,742.9
-186.2,-220.1,698.4
-166.1,-256.1,681.5
-149.2,-270.9,628.6
-138.6,-284.7,612.7
-134.4,-266.7,643.4
-149.2,-234.9,697.4
-137.6,-220.1,766.1
-148.1,-252.9,759.8
-120.6,-240.2,710.1
-133.3,-283.6,612.7
-135.4,-304.8,529.1
-134.4,-459.3,488.9
-153.4,-266.7,510.1
-102.6,-219.0,594.7
-117.5,-200.0,698.4
-62.4,-187.3,784.1
 4.2,-231.7,818.0
55.0,-255.0,782.0
73.0,-319.6,707.9
155.6,-354.5,612.7
32.8,-351.3,547.1
84.7,-319.6,486.8
55.0,-248.7,458.2
-3.2,-197.9,454.0
 3.2,-136.5,493.1
-149.2,-114.3,578.8
56.1,-97.4,664.6
88.9,-104.8,723.8
171.4,-131.2,747.1
269.8,-172.5,725.9
322.8,-219.0,645.5
360.8,-239.2,581.0
327.0,-204.2,545.0
294.2,-130.2,528.0
223.3,-49.7,546.0
154.5,19.0,607.4
131.2,65.6,680.4
123.8,101.6,745.0
139.7,91.0,783.1
187.3,56.1,761.9
236.0, 3.2,696.3
303.7,-34.9,640.2
324.9,-28.6,642.3
274.1,13.8,658.2
204.2,84.7,709.0
-,-,-
 5.3,-236.0,723.8
51.9,-236.0,725.9
67.7,-252.9,724.9
99.5,-267.7,724.9
114.3,-287.8,743.9
152.4,-300.5,759.8
207.4,-321.7,750.3
260.3,-340.7,730.2
289.9,-354.5,691.0
303.7,-339.7,648.7
323.8,-320.6,643.4
343.9,-302.6,644.4
360.8,-288.9,663.5
389.4,-239.2,697.4
388.4,-184.1,713.2
387.3,-132.3,697.4
389.4,-84.7,663.5
358.7,-20.1,632.8
342.9,48.7,640.2
325.9,70.9,579.9
336.5,115.3,559.8
342.9,134.4,512.2
357.7,150.3,523.8
357.7,187.3,524.9
335.4,238.1,548.1
321.7,304.8,595.8
257.1,373.5,582.0
202.1,405.3,556.6
169.3,407.4,522.8
122.8,442.3,509.0
100.5,457.1,503.7
101.6,479.4,512.2
72.0,510.1,479.4
65.6,505.8,607.4
48.7,525.9,597.9
20.1,537.6,648.7
13.8,541.8,641.3
-37.0,557.7,660.3
-97.4,572.5,663.5
-151.3,572.5,607.4
-154.5,527.0,627.5
-163.0,475.1,864.6
-171.4,441.3,559.8
-198.9,403.2,491.0
-206.3,421.2,557.7
-220.1,444.4,608.5
-281.5,475.1,598.9
-301.6,489.9,692.1
-335.4,459.3,711.1
-338.6,478.3,715.3
-367.2,404.2,699.5
-339.7,410.6,694.2
-332.3,306.9,675.1
-299.5,507.9,645.5
-264.6,57.1,629.6
-234.9,190.5,612.7
-213.8,137.6,614.8
-222.2,186.2,640.2
-237.0,152.4,662.4
-233.9,68.8,676.2
-269.8,32.8,679.4
-321.7,16.9,680.4
-457.1, 4.2,695.2
-340.7,-11.6,693.1
-323.8,-19.0,715.3
-288.9,-46.6,743.9
-267.7,-69.8,750.3
-249.7,-132.3,761.9
-61.4,-188.4,764.0
-168.3,-255.0,742.9
-167.2,-323.8,678.3
-119.6,-368.3,624.3
-120.6,-354.5,592.6
-136.5,-286.8,614.8
-215.9,-216.9,664.6
-188.4,-203.2,694.2
-151.3,-222.2,731.2
-114.3,-267.7,714.3
-50.8,-304.8,661.4
-10.6,-387.3,572.5
16.9,-404.2,521.7
-1.1,-407.4,505.8
-19.0,-321.7,522.8
-68.8,-264.6,589.4
-63.5,-220.1,646.6
 4.2,-239.2,740.7
85.7,-287.8,749.2
154.5,-350.3,713.2
157.7,-385.2,608.5
186.2,-385.2,547.1
155.6,-371.4,462.4
121.7,-306.9,436.0
98.4,-232.8,442.3
65.6,-137.6,491.0
55.0,-101.6,546.0
54.0,-104.8,646.6
87.8,-87.8,712.2
123.8,-102.6,748.1
202.1,-149.2,725.9
270.9,-188.4,630.7
306.9,-168.3,606.3
301.6,-135.4,582.0
268.8,-62.4,625.4
187.3,32.8,645.5
106.9,101.6,659.3
70.9,133.3,676.2
56.1,137.6,681.5
82.5,106.9,675.1
98.4,115.3,660.3
135.4,103.7,658.2
153.4,101.6,629.6
169.3,115.3,630.7
169.3,122.8,642.3
139.7,151.3,674.1
155.6,181.0,698.4
150.3,184.1,709.0
-,-,-
39.2,-283.6,675.1
70.9,-301.6,663.5
101.6,-321.7,675.1
121.7,-320.6,657.1
136.5,-322.8,662.4
174.6,-354.5,674.1
236.0,-371.4,676.2
275.1,-389.4,612.7
319.6,-408.5,728.0
391.5,-405.3,714.3
456.1,-404.2,743.9
506.9,-408.5,745.0
556.6,-375.7,947.1
545.0,-319.6,749.2
505.8,-240.2,731.2
458.2,-116.4,833.9
423.3,-34.9,572.5
411.6,47.6,779.9
392.6,106.9,716.4
370.4,150.3,641.3
372.5,169.3,441.3
337.6,202.1,529.1
319.6,221.2,475.1
304.8,336.5,475.1
257.1,322.8,477.2
223.3,391.5,496.3
201.1,428.6,504.8
185.2,457.1,523.8
153.4,470.9,522.8
133.3,472.0,521.7
74.1,511.1,504.8
52.9,542.9,510.1
-2.1,488.9,538.6
-47.6,444.4,557.7
-67.7,564.0,561.9
-80.4,440.2,561.9
-80.4,527.0,573.5
-98.4,170.4,581.0
-99.5,458.2,576.7
-66.7,422.2,564.0
-198.9,393.7,556.6
-167.2,387.3,528.0
-198.9,387.3,523.8
-250.8,391.5,523.8
-255.0,392.6,556.6
-232.8,388.4,626.5
-272.0,387.3,693.1
-300.5,375.7,761.9
-322.8,375.7,781.0
-340.7,372.5,784.1
-334.4,337.6,747.1
-287.8,307.9,712.2
-220.1,272.0,682.5
-205.3,216.9,663.5
-207.4,168.3,663.5
-205.3,120.6,706.9
-220.1,82.5,760.8
-266.7,49.7,797.9
-286.8,34.9,815.9
-287.8,-28.6,815.9
-258.2,-80.4,814.8
-249.7,-131.2,794.7
-202.1,-154.5,749.2
-169.3,-182.0,766.1
-138.6,-204.2,798.9
-99.5,-234.9,847.6
-65.6,-273.0,864.6
-67.7,-320.6,850.8
-52.9,-372.5,778.8
-30.7,-409.5,713.2
-46.6,-440.2,641.3
-51.9,-423.3,613.8
-136.5,-368.3,577.8
-136.5,-299.5,589.4
-103.7,-251.9,640.2
-64.6,-270.9,716.4
-12.7,-335.4,748.1
49.7,-404.2,732.3
83.6,-454.0,673.0
114.3,-489.9,590.5
135.4,-458.2,539.7
74.1,-402.1,512.2
-19.0,-302.6,512.2
-31.7,-237.0,561.9
-16.9,-181.0,641.3
 1.1,-170.4,698.4
48.7,-214.8,723.8
103.7,-237.0,675.1
167.2,-269.8,628.6
190.5,-283.6,590.5
182.0,-254.0,574.6
136.5,-201.1,595.8
67.7,-133.3,607.4
31.7,-84.7,624.3
14.8,-48.7,641.3
31.7,-11.6,664.6
47.6,31.7,696.3
52.9,37.0,680.4
84.7,21.2,679.4
98.4,-12.7,647.6
133.3,-20.1,641.3
152.4,-36.0,579.9
174.6,-36.0,556.6
185.2,-30.7,541.8
191.5, 1.1,573.5
172.5,32.8,579.9
139.7,69.8,590.5
141.8,103.7,626.5
-,-,-
15.9,-252.9,730.2
36.0,-266.7,728.0
39.2,-283.6,818.0
69.8,-323.8,496.3
136.5,-354.5,697.4
208.5,-405.3,656.1
287.8,-424.3,709.0
337.6,-436.0,709.0
373.5,-373.5,699.5
387.3,-391.5,699.5
412.7,-384.1,696.3
425.4,-267.7,678.3
425.4,-299.5,678.3
407.4,-206.3,693.1
391.5,-114.3,694.2
353.4,-52.9,696.3
327.0,31.7,647.6
336.5,49.7,589.4
343.9,208.5,522.8
360.8,104.8,493.1
345.0,139.7,489.9
319.6,201.1,505.8
286.8,284.7,525.9
219.0,409.5,524.9
219.0,370.4,547.1
190.5,389.4,548.1
203.2,406.3,546.0
202.1,424.3,546.0
168.3,462.4,555.6
137.6,489.9,561.9
115.3,522.8,607.4
105.8,539.7,629.6
65.6,546.0,659.3
16.9,542.9,658.2
-2.1,513.2,658.2
-19.0,512.2,655.0
-51.9,510.1,629.6
-66.7,504.8,624.3
-99.5,495.2,624.3
-130.2,504.8,627.5
-148.1,488.9,613.8
-169.3,473.0,612.7
-232.8,454.0,589.4
-265.6,441.3,573.5
-256.1,443.4,612.7
-267.7,441.3,641.3
-282.5,459.3,660.3
-300.5,441.3,641.3
-316.4,421.2,606.3
-340.7,372.5,560.8
-368.3,309.0,520.6
-374.6,239.2,505.8
-375.7,170.4,510.1
-356.6,121.7,546.0
-352.4,117.5,591.5
-321.7,105.8,647.6
-320.6,83.6,696.3
-336.5,54.0,749.2
-307.9,19.0,776.7
-286.8,-29.6,758.7
-250.8,-86.8,714.3
-231.7,-134.4,694.2
-188.4,-150.3,707.9
-150.3,-165.1,764.0
-118.5,-168.3,830.7
-99.5,-205.3,847.6
-62.4,-238.1,850.8
-64.6,-284.7,801.1
-68.8,-318.5,714.3
-82.5,-338.6,643.4
-113.2,-338.6,576.7
-120.6,-318.5,547.1
-134.4,-283.6,556.6
-118.5,-237.0,595.8
-119.6,-203.2,647.6
-67.7,-206.3,728.0
-18.0,-251.9,748.1
 4.2,-284.7,697.4
16.9,-350.3,628.6
47.6,-370.4,572.5
66.7,-373.5,524.9
47.6,-335.4,496.3
-18.0,-254.0,540.7
-64.6,-166.1,614.8
-67.7,-97.4,711.1
-65.6,-67.7,748.1
 5.3,-97.4,747.1
67.7,-170.4,695.2
122.8,-216.9,613.8
134.4,-252.9,564.0
133.3,-254.0,511.1
105.8,-222.2,479.4
88.9,-150.3,493.1
50.8,-64.6,541.8
 6.3,13.8,606.3
 2.1,72.0,679.4
21.2,101.6,767.2
83.6,83.6,797.9
136.5,31.7,750.3
203.2,-28.6,691.0
224.3,-47.6,627.5
221.2,-36.0,595.8
203.2,19.0,595.8
168.3,84.7,628.6
123.8,155.6,677.2
91.0,188.4,714.3
87.8,203.2,747.1
-,-,-
184.1,-390.5,642.3
224.3,-248.7,658.2
273.0,-386.2,675.1
461.4,-354.5,692.1
372.5,-356.6,692.1
438.1,-367.2,715.3
285.7,-353.4,717.5
445.5,-305.8,724.9
438.1,-255.0,715.3
410.6,-201.1,717.5
407.4,-164.0,696.3
252.9,-132.3,659.3
422.2,-96.3,611.6
699.5,-64.6,573.5
426.5,-30.7,560.8
394.7,19.0,578.8
369.3,87.8,609.5
319.6,167.2,595.8
284.7,209.5,579.9
243.4,268.8,572.5
209.5,305.8,543.9
190.5,325.9,528.0
170.4,353.4,527.0
151.3,374.6,543.9
104.8,407.4,556.6
80.4,440.2,573.5
54.0,458.2,575.7
33.9,494.2,607.4
13.8,503.7,612.7
-19.0,505.8,642.3
-49.7,524.9,640.2
-87.8,511.1,613.8
-98.4,495.2,591.5
-135.4,489.9,561.9
-152.4,488.9,559.8
-167.2,470.9,558.7
-165.1,458.2,593.7
-187.3,446.6,647.6
-215.9,444.4,682.5
-239.2,456.1,680.4
-269.8,455.0,664.6
-268.8,444.4,677.2
-287.8,423.3,680.4
-304.8,410.6,676.2
-319.6,392.6,675.1
-325.9,387.3,675.1
-317.5,356.6,648.7
-281.5,311.1,641.3
-284.7,269.8,642.3
-303.7,206.3,656.1
-318.5,168.3,665.6
-319.6,133.3,695.2
-269.8,64.6,707.9
-220.1,14.8,715.3
-163.0,-32.8,711.1
-147.1,-87.8,682.5
-116.4,-130.2,676.2
-120.6,-151.3,674.1
-121.7,-153.4,694.2
-134.4,-153.4,714.3
-133.3,-153.4,749.2
-120.6,-152.4,778.8
-102.6,-182.0,797.9
-69.8,-204.2,802.1
-46.6,-268.8,776.7
 4.2,-303.7,764.0
-10.6,-316.4,747.1
-30.7,-317.5,713.2
-37.0,-318.5,693.1
-49.7,-305.8,680.4
 0.0,-324.9,716.4
39.2,-353.4,802.1
65.6,-351.3,832.8
54.0,-340.7,794.7
49.7,-350.3,696.3
31.7,-356.6,608.5
18.0,-335.4,573.5
14.8,-302.6,577.8
30.7,-301.6,631.7
66.7,-305.8,710.1
124.9,-306.9,750.3
184.1,-323.8,743.9
186.2,-305.8,717.5
172.5,-281.5,663.5
122.8,-250.8,624.3
86.8,-186.2,574.6
33.9,-131.2,507.9
 4.2,-69.8,528.0
 3.2,-48.7,574.6
66.7,-20.1,658.2
121.7,-31.7,679.4
169.3,-48.7,699.5
218.0,-63.5,695.2
223.3,-68.8,576.7
219.0,-63.5,625.4
183.1,-51.9,590.5
171.4,-18.0,558.7
151.3,18.0,541.8
122.8,33.9,596.8
106.9,101.6,609.5
105.8,133.3,692.1
122.8,167.2,763.0
-,-,-
172.5,-389.4,579.9
236.0,-402.1,581.0
267.7,-387.3,592.6
292.1,-367.2,607.4
323.8,-352.4,664.6
336.5,-354.5,734.4
320.6,-340.7,747.1
340.7,-322.8,727.0
422.2,-307.9,697.4
443.4,-303.7,696.3
391.5,-247.6,659.3
371.4,-155.6,660.3
337.6,-63.5,657.1
337.6, 5.3,681.5
309.0,69.8,696.3
275.1,116.4,691.0
257.1,138.6,657.1
242.3,172.5,608.5
225.4,191.5,560.8
233.9,219.0,545.0
208.5,258.2,561.9
154.5,319.6,574.6
132.3,375.7,589.4
105.8,390.5,581.0
116.4,391.5,596.8
89.9,404.2,591.5
55.0,409.5,576.7
18.0,424.3,576.7
-15.9,442.3,590.5
-32.8,457.1,607.4
-52.9,460.3,624.3
-68.8,454.0,638.1
-87.8,438.1,641.3
-134.4,440.2,628.6
-183.1,438.1,605.3
-215.9,438.1,590.5
-234.9,408.5,589.4
-240.2,376.7,595.8
-252.9,369.3,627.5
-256.1,370.4,647.6
-267.7,371.4,662.4
-256.1,357.7,663.5
-252.9,354.5,680.4
-268.8,341.8,691.0
-286.8,337.6,682.5
-305.8,323.8,679.4
-317.5,307.9,674.1
-285.7,287.8,664.6
-272.0,270.9,660.3
-254.0,237.0,657.1
-218.0,187.3,678.3
-170.4,153.4,700.5
-171.4,115.3,679.4
-153.4,56.1,644.4
-166.1,-19.0,612.7
-201.1,-54.0,610.6
-249.7,-70.9,610.6
-248.7,-86.8,665.6
-237.0,-86.8,710.1
-236.0,-86.8,743.9
-248.7,-72.0,759.8
-248.7,-86.8,760.8
-200.0,-154.5,749.2
-184.1,-202.1,714.3
-179.9,-254.0,715.3
-152.4,-317.5,695.2
-115.3,-356.6,695.2
-86.8,-370.4,678.3
-63.5,-371.4,689.9
-51.9,-370.4,699.5
-69.8,-354.5,681.5
-66.7,-324.9,696.3
-65.6,-338.6,697.4
-29.6,-352.4,697.4
-31.7,-385.2,679.4
-15.9,-401.1,624.3
20.1,-425.4,565.1
31.7,-423.3,547.1
18.0,-393.7,543.9
-2.1,-338.6,589.4
-2.1,-306.9,664.6
48.7,-291.0,731.2
116.4,-305.8,765.1
132.3,-288.9,729.1
131.2,-305.8,677.2
132.3,-287.8,597.9
121.7,-281.5,525.9
122.8,-256.1,409.5
84.7,-203.2,475.1
99.5,-155.6,512.2
83.6,-113.2,579.9
171.4,-66.7,666.7
254.0,-134.4,727.0
269.8,-350.3,745.0
287.8,-120.6,693.1
268.8,-104.8,630.7
236.0,-67.7,581.0
190.5,192.6,560.8
154.5,34.9,557.7
89.9,84.7,559.8
99.5,134.4,593.7
121.7,183.1,661.4
120.6,224.3,731.2
154.5,201.1,764.0
190.5,138.6,759.8
206.3,139.7,727.0
205.3,123.8,680.4
173.5,119.6,608.5
154.5,392.6,581.0
274.1,137.6,589.4
-,-,-
40.2,-239.2,695.2
86.8,-239.2,732.3
106.9,-257.1,758.7
173.5,-281.5,778.8
206.3,-299.5,749.2
267.7,-318.5,724.9
304.8,-322.8,715.3
370.4,-355.6,732.3
438.1,-402.1,740.7
479.4,-423.3,749.2
510.1,-388.4,774.6
512.2,-339.7,782.0
507.9,-267.7,784.1
480.4,-214.8,776.7
445.5,-137.6,732.3
393.7,-80.4,676.2
353.4, 3.2,640.2
324.9,65.6,593.7
306.9,99.5,546.0
310.1,117.5,524.9
292.1,137.6,511.1
257.1,191.5,522.8
171.4,275.1,504.8
85.7,369.3,479.4
19.0,439.2,456.1
-20.1,473.0,454.0
-31.7,458.2,459.3
-20.1,455.0,474.1
-28.6,446.6,462.4
-28.6,446.6,492.1
-36.0,455.0,511.1
-48.7,441.3,529.1
-52.9,443.4,557.7
-68.8,428.6,575.7
-67.7,422.2,594.7
-83.6,409.5,592.6
-103.7,405.3,582.0
-134.4,393.7,589.4
-137.6,405.3,596.8
-163.0,405.3,624.3
-184.1,393.7,644.4
-187.3,403.2,659.3
-215.9,391.5,659.3
-231.7,360.8,674.1
-247.6,339.7,659.3
-255.0,309.0,643.4
-249.7,286.8,661.4
-231.7,273.0,683.6
-218.0,275.1,750.3
-203.2,289.9,796.8
-204.2,285.7,850.8
-222.2,259.3,832.8
-216.9,205.3,815.9
-221.2,183.1,761.9
-221.2,122.8,725.9
-255.0,70.9,693.1
-269.8,67.7,694.2
-273.0,66.7,713.2
-269.8,65.6,748.1
-238.1,37.0,831.7
-219.0,-11.6,882.5
-166.1,-84.7,877.2
-118.5,-167.2,832.8
-100.5,-183.1,767.2
-118.5,-216.9,901.6
-104.8,-186.2,713.2
-84.7,-198.9,698.4
-64.6,-219.0,728.0
-51.9,-236.0,758.7
-34.9,-221.2,712.2
-19.0,-254.0,781.0
-18.0,-305.8,641.3
-12.7,-336.5,608.5
14.8,-338.6,624.3
49.7,-357.7,353.4
70.9,-369.3,644.4
116.4,-406.3,659.3
135.4,-507.9,696.3
89.9,-386.2,750.3
48.7,-350.3,742.9
33.9,-318.5,709.0
14.8,-300.5,659.3
-4.2,-238.1,642.3
-12.7,-238.1,612.7
-14.8,-256.1,564.0
15.9,-248.7,546.0
54.0,-281.5,512.2
52.9,-267.7,524.9
83.6,-266.7,545.0
83.6,-256.1,557.7
121.7,-234.9,539.7
105.8,-216.9,530.2
86.8,-184.1,496.3
51.9,-152.4,473.0
104.8,-119.6,492.1
-32.8,-98.4,513.2
99.5,-68.8,574.6
150.3,-50.8,611.6
121.7,-51.9,641.3
204.2,-54.0,642.3
182.0,-66.7,609.5
170.4,-52.9,597.9
153.4,-50.8,556.6
151.3,-32.8,539.7
136.5,-1.1,545.0
155.6,33.9,591.5
156.6,51.9,660.3
184.1,70.9,715.3
201.1,84.7,759.8
173.5,87.8,767.2
157.7,88.9,747.1
135.4,85.7,695.2
118.5,84.7,661.4
-,-,-
 1.1,-304.8,564.0
18.0,-323.8,574.6
31.7,-354.5,556.6
54.0,-401.1,559.8
138.6,-421.2,608.5
205.3,-426.5,661.4
254.0,-411.6,682.5
303.7,-419.0,696.3
370.4,-407.4,691.0
426.5,-391.5,675.1
475.1,-373.5,674.1
512.2,-340.7,727.0
495.2,-270.9,785.2
456.1,-169.3,834.9
421.2,-81.5,831.7
361.9,-13.8,763.0
324.9,37.0,693.1
306.9,82.5,625.4
301.6,103.7,576.7
274.1,121.7,543.9
291.0,137.6,556.6
289.9,155.6,578.8
303.7,190.5,607.4
292.1,236.0,608.5
273.0,276.2,597.9
257.1,309.0,590.5
268.8,323.8,576.7
260.3,337.6,564.0
257.1,345.0,563.0
241.3,394.7,578.8
190.5,457.1,595.8
185.2,460.3,609.5
172.5,459.3,607.4
157.7,470.9,609.5
150.3,455.0,591.5
135.4,455.0,576.7
106.9,454.0,644.4
89.9,421.2,564.0
74.1,422.2,593.7
48.7,411.6,559.8
30.7,408.5,561.9
-15.9,410.6,578.8
-31.7,392.6,609.5
-48.7,391.5,596.8
-79.4,392.6,609.5
-102.6,387.3,612.7
-147.1,377.8,614.8
-184.1,372.5,629.6
-214.8,353.4,627.5
-221.2,324.9,647.6
-256.1,336.5,674.1
-270.9,338.6,680.4
-272.0,339.7,697.4
-269.8,573.5,696.3
-269.8,275.1,677.2
-252.9,275.1,664.6
-264.6,222.2,631.7
-289.9,172.5,578.8
-301.6,120.6,574.6
-286.8,64.6,591.5
-256.1,66.7,646.6
-272.0, 0.0,682.5
-240.2,31.7,747.1
-320.6,-20.1,761.9
-205.3,189.4,730.2
-240.2,-136.5,666.7
-239.2,-172.5,632.8
-218.0,-182.0,641.3
-284.7,-166.1,679.4
-305.8,-172.5,711.1
-237.0,-202.1,759.8
-187.3,-231.7,801.1
-155.6,-272.0,801.1
-84.7,-305.8,778.8
-132.3,-334.4,729.1
-114.3,-323.8,695.2
-132.3,-291.0,628.6
-148.1,-272.0,595.8
-148.1,-254.0,609.5
-118.5,-234.9,659.3
-103.7,-223.3,730.2
-97.4,-248.7,764.0
-30.7,-288.9,751.3
34.9,-358.7,696.3
99.5,-422.2,629.6
100.5,-425.4,593.7
72.0,-402.1,608.5
37.0,-388.4,663.5
69.8,-403.2,713.2
84.7,-407.4,746.0
84.7,-372.5,731.2
68.8,-341.8,692.1
29.6,-301.6,628.6
16.9,-213.8,606.3
-47.6,-135.4,542.9
-67.7,-67.7,524.9
-61.4,-48.7,555.6
32.8,-79.4,642.3
138.6,-148.1,698.4
255.0,-197.9,698.4
355.6,-239.2,680.4
377.8,-239.2,644.4
342.9,-181.0,628.6
238.1,-83.6,590.5
154.5, 6.3,542.9
69.8,74.1,488.9
16.9,120.6,479.4
 4.2,151.3,524.9
54.0,137.6,589.4
140.7,86.8,648.7
251.9,33.9,697.4
306.9,16.9,693.1
303.7,16.9,682.5
272.0,48.7,694.2
187.3,99.5,665.6
-,-,-
-13.8,-213.8,641.3
16.9,-222.2,641.3
38.1,-222.2,662.4
54.0,-233.9,678.3
68.8,-232.8,714.3
97.4,-239.2,742.9
133.3,-256.1,731.2
174.6,-272.0,725.9
220.1,-300.5,694.2
254.0,-286.8,660.3
268.8,-286.8,663.5
274.1,-272.0,646.6
286.8,-256.1,743.9
284.7,-236.0,642.3
284.7,-220.1,632.8
302.6,-204.2,742.9
339.7,-185.2,661.4
355.6,-149.2,680.4
359.8,-119.6,665.6
370.4,-118.5,631.7
406.3,-114.3,677.2
421.2,-63.5,629.6
428.6,-13.8,609.5
421.2,30.7,572.5
394.7,85.7,676.2
377.8,137.6,697.4
355.6,171.4,530.2
324.9,216.9,576.7
285.7,239.2,559.8
268.8,268.8,541.8
236.0,303.7,529.1
207.4,322.8,529.1
187.3,370.4,540.7
153.4,378.8,543.9
133.3,390.5,560.8
118.5,527.0,577.8
100.5,324.9,579.9
69.8,613.8,573.5
50.8,373.5,572.5
18.0,525.9,575.7
-30.7,427.5,611.6
-67.7,422.2,624.3
-87.8,438.1,629.6
-418.0,444.4,642.3
-153.4,455.0,625.4
-196.8,445.5,629.6
-223.3,439.2,628.6
-236.0,443.4,623.3
-239.2,425.4,608.5
-286.8,411.6,612.7
-220.1,406.3,623.3
-375.7,404.2,615.9
-388.4,407.4,643.4
-389.4,404.2,646.6
-391.5,425.4,641.3
-384.1,411.6,627.5
-355.6,406.3,624.3
-439.2,338.6,578.8
-418.0,300.5,564.0
-387.3,241.3,560.8
-373.5,218.0,590.5
-339.7,201.1,611.6
-299.5,191.5,659.3
-282.5,155.6,680.4
-257.1,104.8,681.5
-222.2,37.0,656.1
-224.3,-29.6,610.6
-236.0,-65.6,579.9
-251.9,-83.6,578.8
-272.0,-64.6,609.5
-268.8,-63.5,662.4
-252.9,-65.6,711.1
-233.9,-82.5,741.8
-197.9,-130.2,713.2
-154.5,-166.1,676.2
-133.3,-215.9,610.6
-135.4,-249.7,556.6
-137.6,-257.1,538.6
-149.2,-237.0,571.4
-137.6,-206.3,645.5
-119.6,-204.2,749.2
-80.4,-218.0,812.7
-50.8,-236.0,802.1
-19.0,-285.7,729.1
32.8,-354.5,643.4
34.9,-368.3,555.6
 1.1,-340.7,513.2
-30.7,-287.8,555.6
-48.7,-240.2,624.3
-3.2,-223.3,710.1
52.9,-221.2,784.1
122.8,-270.9,776.7
218.0,-319.6,727.0
255.0,-368.3,644.4
272.0,-356.6,589.4
225.4,-322.8,541.8
173.5,-236.0,524.9
104.8,-164.0,523.8
55.0,-81.5,572.5
86.8,-34.9,646.6
123.8,-36.0,716.4
182.0,-46.6,745.0
207.4,-48.7,743.9
255.0,-67.7,707.9
276.2,-85.7,660.3
273.0,-84.7,610.6
254.0,-54.0,578.8
219.0, 3.2,578.8
170.4,69.8,581.0
153.4,134.4,631.7
-,-,-
32.8,-218.0,783.1
56.1,-254.0,723.8
83.6,-268.8,725.9
123.8,-298.4,699.5
138.6,-304.8,680.4
158.7,-319.6,611.6
153.4,-323.8,649.7
182.0,-301.6,644.4
188.4,-304.8,643.4
237.0,-287.8,660.3
275.1,-272.0,659.3
292.1,-349.2,678.3
336.5,-268.8,661.4
370.4,-239.2,642.3
387.3,-215.9,641.3
405.3,-151.3,658.2
405.3,-113.2,710.1
377.8,-34.9,729.1
389.4,30.7,728.0
408.5,86.8,696.3
423.3,218.0,662.4
404.2,134.4,625.4
373.5,171.4,556.6
360.8,106.9,546.0
355.6,376.7,560.8
305.8,291.0,576.7
260.3,324.9,579.9
531.2,387.3,592.6
205.3,423.3,579.9
169.3,441.3,595.8
187.3,458.2,612.7
169.3,458.2,624.3
189.4,461.4,611.6
141.8,487.8,595.8
86.8,491.0,578.8
54.0,494.2,578.8
 1.1,511.1,590.5
-50.8,524.9,597.9
-37.0,505.8,607.4
-69.8,475.1,596.8
-67.7,438.1,626.5
-12.7,409.5,614.8
-102.6,408.5,597.9
-130.2,409.5,608.5
-170.4,422.2,609.5
-251.9,474.1,624.3
-322.8,477.2,624.3
-351.3,473.0,630.7
-372.5,425.4,615.9
-367.2,375.7,607.4
-356.6,325.9,581.0
-334.4,289.9,573.5
-317.5,268.8,581.0
-341.8,240.2,593.7
-370.4,221.2,608.5
-406.3,219.0,625.4
-440.2,222.2,648.7
-486.8,201.1,674.1
-475.1,157.7,713.2
-440.2,106.9,728.0
-371.4,54.0,697.4
-315.3,-29.6,660.3
-284.7,-98.4,640.2
-281.5,-152.4,627.5
-285.7,-171.4,663.5
-282.5,-166.1,710.1
-333.3,-170.4,716.4
-336.5,-166.1,698.4
-338.6,-150.3,679.4
-299.5,-147.1,679.4
-237.0,-170.4,682.5
-190.5,-186.2,694.2
-138.6,-237.0,674.1
-104.8,-289.9,647.6
-67.7,-334.4,623.3
-48.7,-374.6,589.4
-49.7,-375.7,543.9
-102.6,-324.9,523.8
-151.3,-254.0,540.7
-183.1,-206.3,573.5
-153.4,-164.0,644.4
-116.4,-152.4,733.3
-54.0,-183.1,741.8
16.9,-254.0,646.6
101.6,-337.6,546.0
155.6,-390.5,494.2
134.4,-368.3,479.4
72.0,-286.8,472.0
19.0,-197.9,459.3
-50.8,-84.7,507.9
-63.5,-11.6,631.7
-13.8,18.0,767.2
38.1,-47.6,812.7
107.9,-117.5,796.8
140.7,-165.1,758.7
139.7,-152.4,691.0
150.3,-137.6,613.8
135.4,-96.3,543.9
139.7,-51.9,486.8
170.4,-28.6,511.1
188.4, 2.1,648.7
219.0, 6.3,797.9
258.2,-2.1,880.4
287.8,-29.6,866.7
339.7,-66.7,818.0
377.8,-119.6,748.1
403.2,-150.3,714.3
355.6,-132.3,698.4
302.6,-100.5,663.5
251.9,-51.9,631.7
186.2, 2.1,625.4
-,-,-
234.9,-400.0,608.5
284.7,-402.1,624.3
303.7,-385.2,642.3
310.1,-358.7,663.5
56.1,-320.6,700.5
336.5,-287.8,715.3
325.9,-248.7,729.1
288.9,-188.4,732.3
321.7,-166.1,731.2
337.6,-138.6,713.2
357.7,-102.6,679.4
355.6,-81.5,659.3
359.8,-34.9,645.5
374.6, 3.2,644.4
370.4,46.6,640.2
357.7,99.5,625.4
320.6,153.4,590.5
303.7,191.5,573.5
319.6,201.1,527.0
324.9,234.9,512.2
286.8,286.8,512.2
257.1,341.8,531.2
236.0,394.7,555.6
206.3,425.4,563.0
187.3,444.4,574.6
156.6,475.1,560.8
136.5,505.8,577.8
103.7,504.8,572.5
118.5,505.8,564.0
102.6,489.9,564.0
88.9,477.2,558.7
66.7,475.1,564.0
21.2,475.1,556.6
-16.9,475.1,542.9
-47.6,470.9,539.7
-82.5,474.1,540.7
-133.3,461.4,525.9
-168.3,457.1,539.7
-204.2,445.5,545.0
-220.1,438.1,555.6
-239.2,441.3,564.0
-250.8,439.2,563.0
-254.0,437.0,560.8
-265.6,407.4,541.8
-255.0,392.6,527.0
-283.6,405.3,530.2
-283.6,411.6,576.7
-267.7,410.6,630.7
-283.6,410.6,675.1
-320.6,407.4,694.2
-334.4,376.7,729.1
-351.3,337.6,730.2
-374.6,302.6,766.1
-375.7,270.9,783.1
-354.5,225.4,785.2
-304.8,189.4,764.0
-256.1,124.9,724.9
-204.2,47.6,694.2
-154.5,-36.0,707.9
-100.5,-118.5,732.3
-117.5,-206.3,746.0
-148.1,-249.7,761.9
-182.0,-264.6,748.1
-197.9,-252.9,747.1
-202.1,-237.0,730.2
-236.0,-219.0,712.2
-237.0,-206.3,723.8
-218.0,-234.9,712.2
-165.1,-303.7,692.1
-105.8,-367.2,649.7
-66.7,-423.3,609.5
-63.5,-434.9,573.5
-85.7,-424.3,546.0
-113.2,-374.6,573.5
-170.4,-319.6,612.7
-152.4,-285.7,695.2
-137.6,-249.7,732.3
-85.7,-222.2,759.8
-44.4,-265.6,725.9
32.8,-337.6,643.4
102.6,-402.1,559.8
123.8,-402.1,524.9
100.5,-356.6,521.7
48.7,-283.6,543.9
 3.2,-183.1,607.4
-20.1,-121.7,660.3
52.9,-68.8,758.7
119.6,-52.9,832.8
190.5,-86.8,863.5
251.9,-149.2,802.1
291.0,-222.2,697.4
320.6,-273.0,596.8
318.5,-284.7,521.7
302.6,-239.2,478.3
268.8,-152.4,506.9
186.2,-52.9,560.8
134.4,32.8,625.4
121.7,102.6,682.5
123.8,120.6,741.8
153.4,104.8,767.2
188.4,51.9,764.0
234.9,18.0,724.9
274.1,-4.2,646.6
287.8,-36.0,578.8
272.0,30.7,595.8