-,-,-
11.0,21.5,956.7
28.2,43.0,962.9
16.8,75.9,944.2
26.6,104.0,941.3
39.3,125.3,955.1
54.3,126.6,949.8
58.6,116.6,948.6
82.3,91.8,967.0
144.8,32.9,966.2
161.8,-7.0,966.8
160.1,-19.0,970.4
170.1,-29.4,961.7
172.0,-50.2,979.2
173.9,-73.3,1002.0
162.9,-75.6,993.2
151.0,-84.1,984.5
142.0,-64.9,995.4
122.6,-55.6,977.0
111.6,-81.9,953.3
74.6,-88.6,956.3
 9.8,-95.8,958.3
 4.5,-125.6,955.3
-19.8,-127.4,962.6
-60.9,-148.7,925.9
-71.8,-133.9,944.5
-107.8,-42.9,1038.8
-117.7,-24.5,1014.2
-118.9,-25.4,958.7
-153.3, 3.2,1003.8
-161.1,18.5,994.6
-148.5,12.4,950.1
-141.1, 8.2,926.6
-134.2,23.5,904.4
-121.4,57.8,900.5
-126.7,105.4,914.2
-92.0,105.2,926.5
-39.0,96.2,951.5
17.7,81.7,971.5
46.9,87.0,948.3
 9.9,140.8,975.8
44.4,132.1,962.8
20.7,168.0,929.7
24.5,197.5,964.2
57.9,184.6,956.8
14.1,222.4,970.0
73.0,206.1,977.2
98.2,184.1,951.0
80.9,178.3,955.0
88.9,141.9,931.8
69.4,131.4,941.6
87.9,94.0,953.6
98.8,68.1,952.9
99.7,52.4,974.7
101.8,36.0,956.8
77.2,50.5,950.8
96.6,41.8,968.9
122.4,16.5,960.4
107.7, 4.7,962.6
122.4,-19.6,973.6
114.9,-21.8,988.5
69.2,-12.5,976.8
66.9,-46.7,960.7
98.0,-92.6,971.6
-,-,-
-3.6,32.0,975.6
-12.6,46.5,953.7
-8.6,63.6,946.8
-7.5,83.1,936.7
-11.7,109.8,936.9
15.6,114.0,951.6
56.4,95.6,946.0
76.7,90.9,937.4
84.9,85.2,944.1
115.2,69.0,967.3
139.8,58.8,974.0
158.1,37.8,963.1
173.2,19.0,983.5
190.6, 0.7,995.7
233.2,-40.8,1015.0
244.1,-70.7,1037.0
228.8,-118.7,955.0
199.5,-153.5,895.8
142.6,-162.8,948.3
112.0,-206.7,1006.9
62.0,-210.6,1041.7
-36.7,-184.3,1060.8
-90.0,-178.0,997.6
-138.0,-126.6,961.7
-186.3,-66.9,973.1
-212.1,-22.2,949.8
-220.5, 4.4,953.3
-176.8,-6.9,950.2
-188.0,22.7,960.9
-159.3,18.9,978.4
-90.5,-12.2,949.0
-128.8,24.6,902.3
-117.1,56.9,877.8
-78.5,95.4,917.0
-60.4,138.0,955.7
-31.7,173.6,976.0
-32.7,199.9,976.6
-7.6,181.0,948.1
45.1,159.6,961.1
83.9,141.1,957.7
75.6,156.7,956.3
77.0,168.4,971.2
83.9,174.6,976.9
111.3,168.7,998.3
149.6,132.0,982.5
131.1,131.3,975.5
143.8,104.2,975.0
130.6,74.4,956.7
86.8,76.6,949.5
86.3,59.3,954.1
68.8,61.4,961.7
57.6,50.2,957.0
72.7,17.9,944.2
84.5, 2.0,948.1
89.3,-12.8,943.1
78.7,-20.9,946.4
84.4,-30.5,963.6
77.8,-37.3,971.1
62.5,-31.5,977.0
83.0,-49.6,975.6
75.1,-57.5,968.1
59.7,-66.7,955.2
77.5,-98.1,960.9
83.9,-124.6,961.9
-,-,-
24.1,40.3,971.7
28.8,53.6,976.2
36.8,65.5,963.9
47.5,81.4,949.1
73.3,93.1,939.5
101.7,94.3,935.3
114.5,99.0,936.4
131.1,100.9,943.2
172.9,80.1,969.7
202.9,37.7,972.5
241.6, 9.5,1003.7
278.5,-38.1,1004.9
271.4,-75.5,972.5
230.6,-74.3,983.2
189.4,-118.9,970.8
174.0,-155.9,1005.3
131.9,-176.0,1055.7
83.1,-219.5,1021.3
66.7,-251.2,1004.7
-2.4,-230.7,976.6
-87.6,-196.7,934.5
-167.6,-154.8,934.6
-222.1,-99.7,945.2
-206.4,-76.0,975.9
-169.0,-78.2,964.6
-148.1,-57.0,971.5
-124.1,-26.8,981.9
-96.5,-3.4,976.7
-102.2,32.2,1002.7
-96.5,55.0,980.6
-109.5,67.3,949.7
-87.6,74.8,961.7
-20.0,84.0,987.6
-52.8,149.7,962.4
-56.4,184.3,937.5
-10.2,174.5,938.4
-46.7,215.7,935.9
-9.1,214.7,941.1
57.0,181.2,946.6
58.7,162.0,940.6
79.0,148.8,971.3
130.9,122.2,984.4
182.5,68.6,977.2
161.0,48.8,971.8
142.8,36.4,962.4
115.7,29.4,962.0
97.1,24.6,963.1
115.7, 5.9,982.5
122.7,-12.6,986.0
135.9,-27.5,980.3
122.2,-23.9,964.3
85.3,-7.9,966.6
104.9,-27.5,965.1
102.1,-34.1,948.8
58.5,-23.7,951.9
79.2,-65.9,947.1
109.1,-133.0,946.6
-,-,-
44.4,49.8,959.3
28.9,96.8,937.8
45.3,122.2,940.1
74.7,128.5,946.9
81.2,141.1,934.5
101.6,142.1,941.3
138.3,112.6,918.9
167.2,83.6,897.6
181.5,81.7,942.6
180.3,81.0,965.5
209.6,56.3,982.3
240.5,-1.7,1006.1
231.3,-35.5,1010.8
295.5,-113.6,1021.8
316.2,-202.9,1006.5
207.3,-182.6,967.3
148.7,-197.4,961.6
108.5,-218.0,986.8
30.2,-237.2,975.3
10.0,-295.5,915.0
-7.3,-232.3,973.3
-81.5,-149.1,998.3
-120.3,-95.9,908.2
-167.6,19.1,958.7
-178.5,73.9,976.4
-132.9,61.9,941.0
-147.5,72.6,982.8
-117.7,58.3,976.3
-111.5,70.8,957.3
-117.6,76.3,966.6
-70.1,55.2,970.6
-92.3,93.3,958.9
-95.7,131.6,968.1
-76.0,133.4,978.7
-107.4,158.3,982.2
-83.9,142.2,940.9
-62.3,133.9,957.2
-5.8,100.2,959.3
26.2,79.3,926.6
-14.7,142.2,960.8
-37.3,187.6,937.8
-13.3,203.5,929.0
79.6,159.0,916.9
81.4,129.4,869.0
31.7,135.1,901.5
75.2,106.0,955.9
91.6,95.2,997.1
94.0,86.5,1014.2
114.0,67.6,1003.4
114.6,58.5,992.4
130.5,29.6,985.9
137.5,-2.2,972.2
129.3,-23.6,964.7
126.7,-43.5,963.1
110.9,-57.4,943.7
80.4,-69.3,929.9
81.7,-109.1,937.7
-,-,-
18.4,82.8,968.8
26.3,82.7,962.0
15.9,98.0,952.7
19.6,103.6,944.9
37.0,97.1,916.2
43.1,95.7,888.9
30.6,120.5,901.5
47.3,134.9,932.5
105.7,104.2,964.0
160.8,62.1,985.9
183.1,29.3,983.8
208.6,-8.1,972.4
205.8,-64.5,931.8
179.1,-88.0,923.3
235.5,-132.5,953.1
294.4,-174.9,976.6
236.9,-135.4,1035.6
203.9,-146.1,1034.9
218.0,-173.0,1040.9
141.5,-127.8,1069.3
47.6,-113.7,1004.7
25.4,-117.2,1005.6
 0.3,-116.0,1037.6
-38.9,-94.3,1001.2
-58.9,-46.7,1014.1
-68.0,-25.0,1034.7
-70.9,-18.6,991.4
-101.5, 5.5,989.7
-96.7,-9.0,956.4
-77.8,-5.2,913.3
-120.1,22.7,921.4
-81.8, 0.2,950.1
-45.6, 2.0,968.4
-76.0,48.0,942.1
-59.3,75.8,955.2
-50.8,117.8,982.7
-51.7,153.4,949.9
-47.7,169.0,922.8
-53.7,191.9,950.9
-22.4,182.9,950.4
-26.5,188.8,977.9
 4.8,174.9,969.2
25.0,157.7,933.6
34.8,179.0,976.3
132.7,120.2,983.4
126.4,81.0,954.1
101.4,84.5,964.8
139.9,52.5,988.7
121.8,49.8,963.3
91.2,61.7,967.0
94.3,50.2,971.4
94.9,34.5,956.6
96.4, 8.2,973.4
93.1,-11.1,955.8
61.4,-5.2,948.2
26.2, 5.1,954.2
15.3,-4.0,948.1
35.8,-56.0,948.8
67.6,-121.4,956.6
72.8,-151.3,978.0
-,-,-
-25.6,67.8,973.9
-15.6,73.3,958.3
-13.6,86.4,942.8
-27.8,101.3,938.2
-21.2,104.9,941.5
17.6,93.4,958.1
46.2,89.0,962.5
69.0,88.4,955.4
77.2,87.9,947.2
92.4,81.8,941.6
144.9,63.3,945.2
190.4,37.1,934.9
177.2,16.4,932.8
165.6, 2.4,987.6
212.0,-41.1,1010.3
217.3,-81.8,963.6
173.1,-87.4,949.2
138.2,-95.4,948.6
129.2,-129.0,941.3
147.2,-190.3,944.6
168.9,-241.0,983.0
133.6,-230.1,1056.0
49.9,-217.5,1033.4
20.9,-218.2,987.5
-4.0,-173.2,1039.8
-53.5,-130.7,1053.6
-95.0,-85.3,1062.0
-111.6,-59.0,1043.7
-61.4,-113.2,967.8
-67.7,-123.3,950.2
-109.3,-103.3,912.0
-87.5,-111.7,876.1
-77.5,-118.8,899.4
-53.1,-128.2,906.3
-49.6,-81.3,945.5
-52.3,-44.2,960.2
-23.1,-15.0,945.6
-48.2,55.6,960.7
-40.4,85.3,957.1
-49.5,126.1,965.2
-33.2,132.3,946.0
-6.5,121.9,926.0
-11.3,142.6,972.3
18.5,132.9,974.8
-1.1,152.8,980.4
22.1,152.1,982.5
83.0,110.1,934.2
57.0,131.2,941.0
93.9,123.6,965.4
150.8,74.6,953.0
128.5,67.2,950.2
155.9,38.3,948.4
146.0,21.7,943.6
117.5,35.3,955.4
131.7,19.4,970.9
114.3, 4.3,962.9
99.7, 4.3,966.5
108.6,-14.7,966.6
103.3,-38.2,956.6
102.3,-50.3,960.1
103.6,-73.0,955.5
96.5,-94.0,953.4
-,-,-
18.1,49.4,968.6
15.2,55.4,962.2
10.1,62.8,952.1
 8.3,81.1,945.9
 7.0,97.5,946.9
16.4,108.8,951.3
39.0,110.8,958.1
67.9,99.5,965.1
98.8,84.1,958.5
135.1,63.4,958.8
144.8,49.2,958.6
153.8,36.2,952.6
198.8, 1.0,946.5
229.5,-25.2,946.1
228.8,-16.5,956.5
224.5,-1.1,948.5
242.4,-18.7,948.8
262.0,-54.7,983.4
193.1,-90.7,973.6
152.2,-156.3,940.1
172.6,-224.7,994.0
122.7,-236.1,1025.8
59.8,-223.2,1021.6
-1.8,-223.7,1021.5
-27.4,-224.2,997.9
-31.0,-187.8,1014.1
-88.1,-124.9,981.1
-102.2,-85.5,949.8
-102.2,-49.6,977.6
-116.5,-12.4,963.7
-121.2,-4.1,957.9
-119.2,14.3,979.7
-118.3,51.0,962.9
-118.4,56.5,949.6
-124.8,61.6,949.0
-122.9,62.4,919.0
-111.4,64.9,918.6
-119.0,96.9,933.8
-79.9,103.7,925.3
-50.8,118.4,944.8
-32.0,136.3,973.1
 5.0,130.3,946.5
-3.0,149.9,961.1
25.8,142.8,962.7
31.2,157.7,948.6
51.6,178.5,968.6
98.0,176.7,964.5
65.0,195.1,957.7
78.3,144.3,950.2
81.1,95.6,942.9
77.1,66.5,964.8
101.8,20.8,981.5
79.9,19.7,978.4
56.0,29.3,969.8
71.1,13.7,965.3
63.8,13.3,959.1
52.9, 3.5,944.7
62.4,-27.3,929.1
53.9,-32.3,921.1
50.6,-37.7,925.1
-,-,-
-19.0,96.0,981.4
-19.8,103.3,963.4
-15.6,113.2,953.9
 2.4,116.0,954.7
23.5,113.0,956.0
36.0,108.7,961.1
44.1,104.9,966.2
54.8,99.3,966.1
69.7,92.4,951.8
92.5,76.9,949.7
133.9,40.6,950.2
178.9, 6.8,957.3
185.1, 0.6,966.4
195.2,14.3,974.6
238.2, 3.3,985.7
205.1,-31.7,931.7
152.1,-61.1,902.8
165.1,-97.6,992.0
168.0,-176.2,1024.6
164.7,-255.0,1008.8
123.7,-247.1,1080.6
42.8,-264.5,1085.8
39.2,-315.3,988.5
11.7,-259.4,1006.0
-93.0,-153.9,1016.2
-136.5,-90.2,949.7
-146.7,-61.3,923.4
-152.4,-51.7,898.0
-158.4,-15.4,930.8
-188.5,16.0,973.2
-144.0,-5.8,965.4
-112.7,-17.0,997.4
-131.5,-5.5,959.3
-77.3,-17.4,935.1
-44.6, 4.6,978.7
-64.4,58.9,936.5
-29.7,78.1,961.8
-2.9,82.0,1005.9
-46.1,136.0,987.4
-36.2,143.0,999.7
18.7,103.6,964.3
 1.7,128.1,985.2
38.3,119.9,992.3
58.9,110.3,964.0
34.2,138.1,962.7
23.1,152.4,930.3
-3.0,184.6,914.3
45.8,175.6,944.8
109.8,136.8,944.9
109.7,120.7,958.2
122.2,95.5,978.2
113.7,84.2,980.8
88.2,76.6,998.8
99.1,48.1,993.1
90.4,30.1,981.7
78.0,16.8,984.3
86.3,-5.8,974.2
78.4,-13.5,964.7
61.1,-10.7,960.9
26.4,12.5,969.1
10.6,16.5,974.9
48.9,-16.4,965.4
72.9,-37.9,965.3
69.0,-51.3,953.9
-,-,-
 8.9,95.4,976.1
 0.7,109.1,958.1
17.0,106.9,949.3
41.5,107.2,959.8
49.3,119.7,958.0
62.1,122.1,950.3
73.8,111.2,944.2
96.3,100.3,950.5
104.3,90.0,950.6
122.0,76.3,952.2
161.9,53.2,944.5
179.6,40.4,926.0
196.0,31.0,950.8
208.0,12.5,986.6
233.6,-28.6,1014.8
273.1,-68.3,1028.5
252.3,-71.2,1015.3
232.7,-89.0,1009.4
246.9,-160.8,1006.7
197.9,-200.1,986.2
103.9,-205.6,957.7
31.6,-203.4,941.8
-50.8,-180.8,954.0
-112.1,-180.6,933.3
-139.5,-145.8,969.0
-161.4,-71.5,1064.6
-132.7,-57.4,1045.3
-97.0,-30.3,1029.3
-117.1,24.9,1029.5
-118.9,33.2,974.9
-88.2, 9.9,963.0
-102.6,28.5,953.1
-123.7,57.6,956.1
-68.8,19.1,954.3
-75.1,42.7,964.0
-89.0,85.8,980.2
 3.3,39.1,984.9
 0.2,38.1,965.1
10.7,55.5,942.8
20.4,86.1,943.8
-32.8,166.5,945.9
25.5,161.2,969.5
65.7,138.3,944.9
-15.5,200.9,964.2
40.1,177.7,996.1
98.9,125.0,977.7
120.5,87.3,982.1
143.7,47.3,986.6
132.9,31.6,979.2
149.5, 0.9,977.3
116.9, 7.1,976.1
91.4,12.6,974.5
95.5, 5.9,988.0
83.6, 0.2,990.9
94.8,-22.0,985.6
76.1,-24.1,985.3
57.5,-28.5,966.6
61.6,-36.1,963.8
46.1,-45.1,957.0
47.5,-65.0,954.5
61.7,-86.4,968.3
-,-,-
-0.7,51.9,971.1
 5.4,61.0,978.5
13.9,70.0,979.1
11.2,70.5,961.3
37.1,64.5,960.1
46.0,75.5,973.0
33.4,90.6,974.5
55.9,82.5,972.9
82.5,68.7,958.1
88.3,69.1,947.0
101.3,71.1,946.7
110.0,59.0,950.7
131.2,39.6,957.1
173.1,13.4,966.3
171.6,11.5,982.8
149.5,11.6,989.7
181.5,-13.5,1005.3
161.9,-13.3,1058.2
144.8,-49.2,1069.8
210.9,-140.7,1015.0
196.9,-167.0,977.3
98.4,-119.7,969.9
62.8,-128.8,921.8
57.0,-142.6,906.8
-11.0,-136.5,926.2
-58.3,-176.2,910.7
-18.6,-199.9,950.7
-39.2,-178.0,987.2
-89.7,-141.8,982.0
-130.6,-86.3,1028.5
-178.1,-72.2,1008.8
-202.0,-109.7,909.1
-228.8,-119.5,892.2
-207.9,-156.8,887.3
-169.6,-167.5,889.2
-202.5,-106.5,949.0
-192.7,-99.0,958.9
-145.7,-109.9,970.8
-136.5,-96.2,989.3
-96.1,-92.9,963.1
-73.7,-66.4,977.0
-60.9,-55.5,958.3
-60.4,-10.8,942.7
-56.2,44.5,961.7
-11.0,59.5,970.4
-24.7,107.3,1002.5
-30.8,133.4,1006.3
-23.2,151.3,1012.9
-6.7,158.7,1023.0
16.8,138.1,975.7
-19.2,162.6,963.2
15.4,141.6,963.3
43.6,124.8,938.5
73.1,114.0,978.2
134.1,74.6,978.2
78.7,80.4,964.9
70.2,56.3,973.0
64.8,30.3,951.9
18.8,41.0,945.4
43.9,20.9,961.8
57.6,10.7,967.8
65.9, 8.3,989.6
72.7, 2.6,990.6
34.6,12.6,981.4
34.4, 4.0,984.5
44.3,-5.3,970.9
35.5,-7.3,958.8
53.1,-28.5,950.7
44.6,-37.0,954.0
-,-,-
20.4,84.0,964.3
-1.5,108.6,968.6
-20.5,125.7,951.0
-11.0,131.9,947.2
15.9,123.0,950.2
42.3,109.1,947.1
57.9,106.2,959.7
74.6,93.1,971.4
97.4,79.6,972.5
124.2,57.8,959.2
146.3,24.2,946.0
139.2,21.8,958.6
132.3,25.7,951.6
147.4,17.4,953.1
162.3,10.1,975.5
180.4, 0.9,953.7
210.8,-32.8,956.0
198.0,-61.0,1021.7
163.1,-64.3,1075.0
152.9,-102.7,1030.5
142.1,-146.2,960.8
139.9,-169.5,960.2
96.5,-161.1,930.2
16.7,-132.7,919.4
-50.3,-141.2,927.8
-100.8,-152.5,897.7
-80.3,-171.9,917.7
-80.7,-164.5,975.0
-122.7,-103.4,1051.5
-143.7,-85.4,1090.0
-112.7,-135.5,998.3
-114.9,-117.7,953.2
-155.2,-52.5,956.7
-127.5,-44.5,932.9
-95.3,-24.2,985.8
-140.6,22.0,983.8
-160.3,53.9,946.4
-151.8,91.9,930.5
-147.4,136.0,908.4
-91.5,141.2,929.9
-20.8,139.2,965.1
 1.5,154.1,984.5
53.8,126.9,977.8
41.5,133.6,974.9
15.7,151.5,961.0
38.8,136.5,953.7
51.2,138.9,960.8
92.3,110.3,960.8
115.4,86.0,958.9
78.9,101.3,949.3
72.5,97.0,959.1
64.8,76.7,963.6
21.7,79.1,962.5
44.2,55.0,975.9
68.9,25.6,980.7
59.1,24.9,974.7
47.4,21.7,966.7
34.5, 4.5,961.2
47.7,-19.9,959.2
65.2,-38.7,957.1
61.3,-41.0,953.6
57.2,-44.6,959.6
82.6,-69.8,970.5
-,-,-
55.8,57.6,965.9
47.0,73.5,973.8
39.4,94.4,955.4
46.3,112.5,929.8
32.6,128.7,929.9
51.0,125.5,945.4
80.7,103.7,947.1
115.6,74.4,955.8
155.6,49.3,963.4
171.5,38.8,964.0
174.6,38.0,968.3
205.6,14.6,980.7
247.9,-29.5,977.1
259.9,-42.0,981.9
261.0,-67.5,975.5
241.8,-77.3,939.4
208.9,-88.4,969.5
193.6,-113.7,999.9
164.0,-114.1,985.1
101.2,-125.2,968.4
56.9,-150.4,948.5
17.9,-182.5,923.6
-30.0,-187.0,903.8
-62.0,-157.5,966.1
-81.9,-160.2,992.0
-79.5,-177.4,953.6
-62.9,-175.6,966.5
-66.6,-132.1,1000.6
-86.5,-83.2,1007.2
-70.3,-65.8,975.1
-70.2,-28.0,952.3
-77.1, 1.1,963.8
-43.2, 8.1,975.2
-50.4,45.2,996.1
-68.5,95.7,974.0
-62.1,130.1,959.0
-47.0,141.2,980.8
-8.9,128.9,947.7
-3.7,144.9,958.8
30.3,135.5,957.7
51.2,121.0,923.7
56.2,131.0,937.7
66.0,117.7,917.3
34.8,132.9,904.7
69.3,124.8,936.6
114.1,90.8,920.2
107.2,91.4,929.5
130.3,66.4,966.2
134.2,43.3,974.2
130.7,24.8,985.0
138.6, 4.3,992.5
111.3,11.8,988.3
78.9,22.9,982.0
86.2,14.8,967.5
82.8, 3.8,959.9
76.5,-5.3,955.3
79.2,-31.3,948.1
-,-,-
19.4,88.6,944.1
44.7,84.8,948.3
68.6,92.2,957.1
89.0,94.4,950.6
103.6,103.3,939.5
107.4,121.7,942.0
114.6,126.9,947.7
156.1,98.2,940.9
216.1,62.5,928.6
211.9,47.8,946.5
205.9,15.1,957.4
242.4,-43.3,950.0
240.2,-83.1,931.0
234.5,-101.1,949.9
227.8,-117.7,993.3
175.1,-158.7,984.6
139.5,-192.9,940.8
112.5,-192.6,942.3
61.2,-194.6,945.6
24.8,-196.9,941.1
-5.4,-166.8,1004.0
-12.2,-150.9,1024.9
-12.7,-121.2,1001.3
-35.3,-57.1,1059.8
-39.9,-36.6,1069.4
-27.7,-41.4,1034.9
-52.4,-14.1,1034.8
-68.6,-10.3,985.0
-59.2,-28.8,958.9
-93.6,-6.4,953.8
-116.7,28.5,901.6
-77.7,39.0,919.6
-54.9,51.4,941.8
-102.0,115.8,924.2
-64.7,125.5,903.0
-15.5,126.5,927.6
-24.7,159.1,986.0
33.7,134.2,979.2
31.7,154.2,976.8
70.8,150.9,977.8
137.7,95.4,938.4
124.6,90.0,937.0
148.7,81.9,968.1
162.5,72.8,958.7
160.7,65.9,945.6
153.4,62.6,944.3
107.5,82.7,943.6
89.0,84.8,950.1
106.9,59.0,960.4
109.8,54.6,965.5
98.6,56.2,966.6
102.1,38.1,954.2
114.2,20.5,955.8
123.2, 2.8,965.2
125.0,-8.7,962.0
110.4,-25.6,957.6
-,-,-
-0.9,120.2,950.9
 4.7,130.0,962.6
16.1,138.3,970.6
31.3,128.5,960.6
33.5,127.2,949.9
62.5,116.9,953.4
100.9,93.9,958.3
110.7,85.4,963.2
107.6,84.1,957.3
128.5,70.7,967.3
144.4,55.9,971.9
152.4,41.0,952.4
162.0,38.5,959.6
172.0,21.9,963.2
184.7,-7.6,965.4
185.1,-17.6,1002.4
175.4,-56.2,984.3
192.6,-125.1,961.1
201.2,-180.8,985.6
124.2,-187.4,969.9
68.3,-175.6,962.5
51.3,-193.3,970.1
-15.8,-168.8,939.2
-82.8,-114.5,958.9
-125.2,-109.5,979.0
-134.7,-133.6,975.5
-150.7,-131.0,1018.7
-143.9,-138.5,1011.5
-126.5,-126.0,983.7
-191.0,-32.1,1013.3
-208.9,23.5,972.9
-183.9,42.9,961.7
-197.3,62.9,970.5
-169.5,61.7,937.8
-106.3,48.0,962.1
-90.0,62.8,955.5
-86.6,103.2,944.6
-42.5,110.8,949.8
-19.4,134.7,949.0
 1.7,152.7,961.2
44.6,136.0,958.0
26.6,166.2,955.5
64.8,147.0,966.4
118.4,104.2,983.1
78.1,133.7,991.0
111.5,110.9,986.9
139.3,77.8,976.1
104.5,82.7,980.4
105.6,74.0,982.9
87.8,80.0,978.8
114.2,57.9,969.1
119.1,33.7,953.1
44.7,59.4,950.2
29.1,55.9,976.7
53.5,22.3,980.4
70.1,-22.7,971.1
-,-,-
-5.5,95.8,991.6
 7.4,98.0,990.8
 1.7,103.6,986.3
 7.3,107.1,979.2
19.1,107.2,975.6
46.0,97.5,967.6
73.2,85.5,963.7
76.0,81.2,964.2
95.3,67.8,972.1
123.1,41.5,961.2
129.8,30.9,966.5
151.8,11.9,982.5
167.4,-11.7,982.0
167.3,-18.0,984.0
201.4,-51.9,986.1
227.3,-91.3,980.6
206.1,-108.1,984.3
168.6,-111.2,981.7
130.2,-81.1,978.1
101.9,-58.7,1006.8
52.2,-66.7,1017.7
21.8,-103.2,966.5
15.5,-139.7,968.1
-34.8,-147.0,1011.2
-39.0,-189.8,987.3
-48.8,-192.9,976.7
-135.4,-117.6,1036.3
-150.4,-115.6,990.4
-120.2,-95.8,965.0
-160.1,-5.9,1044.8
-167.4, 8.1,1003.8
-132.8,-11.7,938.6
-122.9,-6.4,960.3
-151.6,42.0,978.6
-140.1,62.5,978.9
-65.1,33.2,973.5
-74.3,87.5,972.3
-59.3,125.9,962.2
-27.4,142.1,934.4
-62.2,197.9,948.1
-5.0,188.0,968.5
34.3,180.5,957.5
35.6,201.9,962.2
87.4,173.9,970.3
90.7,165.3,954.3
130.8,140.5,977.1
177.8,94.3,963.3
148.9,93.3,961.0
146.8,80.7,984.3
93.7,94.5,968.9
60.2,91.3,960.1
73.8,74.6,971.7
59.9,78.7,979.0
76.3,59.2,975.0
55.7,61.1,967.1
35.6,47.2,952.7
58.1,14.5,948.4
56.1,-4.2,946.6
70.5,-44.3,951.9
-,-,-
30.1,76.3,984.6
39.6,83.7,979.9
24.8,98.0,973.0
29.4,96.8,971.4
64.0,73.6,970.6
89.6,53.8,978.3
108.0,36.2,982.9
127.1,18.5,984.8
125.0, 4.1,980.5
127.0,-3.5,982.7
150.9,-20.6,989.2
172.8,-55.5,974.5
181.1,-83.5,965.3
182.1,-106.3,963.0
188.8,-121.8,988.9
187.0,-142.5,999.6
159.5,-138.6,992.7
144.3,-146.0,974.5
134.6,-183.1,939.0
105.3,-199.0,967.2
43.7,-216.7,1008.2
 7.0,-243.7,960.3
-6.7,-239.9,962.0
-68.0,-205.7,956.7
-131.1,-183.9,882.6
-152.8,-145.1,892.3
-186.6,-92.3,955.6
-164.4,-87.6,965.3
-156.2,-41.6,1006.5
-194.7,18.8,1014.6
-183.5,37.6,991.6
-169.2,51.5,1012.1
-158.2,35.8,998.5
-144.3,39.2,970.7
-140.9,49.9,973.6
-119.1,48.5,963.0
-122.2,98.0,977.5
-96.1,111.0,988.2
-68.4,106.6,976.1
-45.0,99.5,952.3
-32.4,105.3,935.9
-10.0,121.2,970.3
79.7,80.2,972.0
51.7,113.7,960.1
34.2,136.4,970.8
114.1,89.5,968.7
125.2,85.2,964.7
143.5,68.5,987.2
125.8,66.2,973.8
89.0,86.6,978.0
114.7,61.6,983.4
86.1,59.6,951.5
72.8,50.5,955.7
93.9,36.4,962.2
63.7,56.7,978.9
73.5,46.8,988.4
73.8,28.3,978.9
63.2,16.2,982.9
89.8,-15.6,971.8
88.6,-41.6,965.4
97.6,-65.1,970.7
89.0,-89.1,960.2
-,-,-
 8.6,72.4,973.8
-3.4,85.0,956.0
-3.0,94.4,955.2
15.3,101.6,965.5
11.7,128.3,969.8
11.9,153.8,956.1
27.3,160.0,937.8
48.5,153.4,948.1
73.9,130.1,959.2
90.3,103.1,969.9
135.0,49.5,965.6
185.8,-15.5,945.1
197.6,-47.4,949.5
203.0,-62.0,962.5
233.4,-95.3,967.6
246.6,-109.8,990.4
237.2,-105.6,985.1
196.3,-75.2,977.8
201.5,-81.8,993.6
243.2,-130.8,969.5
181.1,-105.7,967.9
117.3,-88.9,1014.1
91.5,-125.2,1020.2
58.2,-143.9,1016.7
61.1,-169.0,1056.5
60.3,-203.8,995.0
-2.4,-167.3,921.2
-75.8,-102.7,952.6
-91.8,-76.4,950.9
-106.8,-34.7,972.8
-106.3,-19.1,997.6
-68.4,-30.0,981.1
-78.7,-23.6,975.7
-73.9,-28.8,945.2
-45.0,-27.7,970.3
-28.7,-30.2,983.0
-26.6,-20.6,955.5
-40.0, 1.4,973.8
-31.6, 5.3,1001.0
-32.0,11.5,1008.6
-31.3,-0.2,994.1
-31.6,-3.7,975.3
-25.0, 9.5,960.2
-20.9,19.7,969.1
-68.4,77.0,980.9
-35.0,81.3,995.2
21.9,48.2,988.9
-53.6,100.5,956.6
-48.1,119.3,945.7
20.3,83.8,953.5
32.0,79.7,971.4
60.3,68.5,977.6
99.8,20.6,976.5
70.5,21.2,970.8
77.4,33.7,979.8
138.7, 3.6,1002.6
147.4,-5.7,990.0
114.6, 8.6,981.8
90.2,19.3,968.4
75.4,30.9,979.3
85.8,33.8,991.3
70.5,44.0,977.7
79.9,36.0,978.2
102.1,17.7,968.0
63.6,31.7,957.7
40.2,36.4,949.2
51.3,24.6,939.8
71.6,14.1,930.7
67.2, 8.7,926.9
68.1, 6.8,942.7
85.5,-18.6,953.6
81.2,-27.4,975.6
92.8,-36.9,988.9
99.2,-56.5,981.6
85.4,-61.2,978.1
-,-,-
11.8,86.1,980.0
23.9,92.3,980.2
23.6,102.3,968.5
20.8,110.5,958.0
30.3,112.3,963.4
43.1,99.4,962.1
58.6,86.3,958.3
69.6,74.7,946.7
84.2,58.5,945.6
101.8,48.6,952.8
112.0,45.9,953.3
113.9,46.0,952.8
127.4,49.1,967.5
151.6,42.2,970.6
150.0,53.5,970.4
152.1,67.8,986.0
165.1,57.9,968.9
158.6,43.3,950.6
168.7,18.4,972.3
175.8,-8.5,992.9
153.9,-26.1,989.9
153.5,-37.1,1019.3
165.6,-77.8,1049.7
129.9,-125.7,937.3
73.0,-143.1,900.9
71.9,-151.8,995.9
76.7,-156.7,1032.2
27.0,-147.5,1010.5
-11.7,-136.5,974.0
-22.9,-138.5,954.4
-28.3,-153.6,936.2
-33.5,-139.8,923.5
-38.1,-114.8,934.5
-44.9,-89.2,949.2
-59.7,-47.2,961.3
-58.9,-25.6,955.7
-43.8,-14.5,963.3
-50.7,-6.1,981.3
-50.3,-15.0,950.7
-44.1,-6.1,954.1
-66.1,14.2,1001.8
-32.2,-6.5,991.6
-2.7,-16.8,977.4
-29.3, 6.3,986.4
-26.9,10.8,963.3
-33.7,14.8,960.8
-38.7, 9.2,951.1
-0.3,-6.5,961.0
24.1,-7.3,995.8
18.0,11.6,978.2
57.2, 8.2,1017.3
90.6,-10.5,1031.5
 3.9,49.1,984.0
-64.5,106.6,970.6
-28.2,90.6,964.8
-18.3,88.0,947.6
-2.2,74.3,952.9
28.2,56.1,967.2
18.5,79.3,969.6
38.9,84.7,970.6
46.6,91.1,972.6
45.8,99.4,973.8
75.3,86.2,963.2
93.3,76.8,966.6
126.9,56.5,962.4
95.6,88.1,950.5
75.1,115.0,976.2
117.4,88.8,970.2
114.9,86.8,981.1
138.5,69.3,994.7
145.0,51.4,986.3
123.0,55.5,989.3
118.9,45.1,978.0
98.0,52.5,960.8
74.2,61.3,954.0
62.9,67.2,952.8
74.0,56.8,958.2
80.8,39.7,957.8
73.2,30.9,946.4
80.5,13.0,937.6
68.2,13.8,936.7
66.0,11.1,942.8
77.7, 1.9,963.5
74.1, 8.9,974.6
-,-,-
14.0,96.4,986.9
13.1,107.3,990.8
-6.7,131.3,992.9
-11.3,146.4,990.2
 0.5,147.0,975.2
-2.8,154.9,961.8
 5.7,163.0,956.2
28.7,139.6,936.6
52.3,112.3,938.5
74.7,88.8,937.5
92.2,70.0,943.7
107.1,62.5,963.4
118.7,53.5,965.7
113.9,57.7,975.1
123.6,51.7,973.1
142.3,27.3,969.6
142.1,30.4,989.5
149.9,42.0,992.3
171.3,35.3,974.3
170.7,33.4,959.2
166.1,35.2,980.1
177.3,24.9,1023.3
167.0,18.4,1025.6
139.0,27.8,1039.2
127.3, 5.4,1031.7
110.2,-22.6,989.6
69.3,-25.0,1010.7
56.0,-48.6,1018.0
69.0,-95.6,972.3
63.4,-118.3,941.9
57.1,-113.2,956.5
40.2,-105.4,984.4
10.7,-91.1,974.0
 6.3,-73.2,956.1
-6.4,-45.6,968.1
-34.1,-9.8,983.1
-27.4,-2.5,981.5
-1.6, 1.2,988.7
-6.6,34.1,1011.6
-8.2,51.9,1022.6
17.9,39.5,1004.7
 4.9,37.8,1013.9
-4.8,16.9,1023.0
16.2,-21.2,1011.8
 7.7,-26.8,996.7
-9.4,-26.1,980.2
 0.7,-38.0,980.1
-12.0,-23.2,983.7
-35.1, 2.2,982.8
-37.3, 1.0,975.5
-58.8,15.7,962.8
-63.2,26.8,958.8
-43.6,24.4,952.1
-50.2,46.8,960.7
-18.1,47.4,979.2
21.6,35.9,971.9
 9.5,57.7,984.3
35.2,58.4,992.6
59.5,50.3,995.3
51.2,55.0,998.0
57.0,56.5,984.6
58.7,63.7,968.4
56.5,78.5,978.4
63.4,95.7,997.4
66.5,93.9,992.7
76.1,86.6,970.2
69.3,106.2,962.1
78.7,116.5,984.5
104.6,108.2,990.9
100.8,103.0,979.8
82.8,103.0,967.8
72.3,98.2,935.5
100.5,84.1,943.1
128.3,62.4,970.0
114.4,61.5,986.6
126.8,47.4,992.5
135.9,24.0,984.3
115.4,24.2,980.9
103.3,23.0,983.8
97.3,13.9,968.4
104.0,-2.8,964.6
89.7,-4.2,948.2
64.7, 3.9,944.9
67.0, 5.6,974.0
65.0,10.0,981.9
-,-,-
40.6,85.7,974.4
57.0,81.1,982.3
61.2,68.6,972.3
67.8,56.2,959.5
63.6,62.0,962.0
60.9,76.2,968.7
65.7,80.1,967.9
58.2,86.3,957.7
81.6,76.2,943.7
106.3,50.7,951.1
115.3,29.0,950.3
152.7,-1.8,942.8
160.2,-13.0,945.1
146.3,-6.1,933.1
165.2,-10.8,924.2
179.9,-12.8,931.3
173.4, 9.6,941.6
182.5,19.6,956.2
205.3, 8.2,965.4
204.5, 9.3,968.7
197.6,14.5,983.0
208.6,-0.4,1003.8
210.0,-29.1,976.3
186.4,-56.5,947.4
173.8,-83.1,975.3
146.0,-76.0,1031.4
117.9,-67.8,1063.7
114.1,-89.6,1038.9
100.0,-101.3,984.0
90.4,-102.2,976.8
83.2,-101.9,976.1
52.6,-86.7,974.2
39.6,-74.4,975.9
37.0,-75.8,956.3
37.6,-76.4,946.8
42.4,-67.3,966.0
40.2,-44.4,982.1
52.8,-39.7,984.1
50.1,-39.2,976.0
23.7,-22.7,966.0
44.2,-26.0,975.2
28.5,-10.6,983.8
-8.5,-0.1,977.8
 9.4,-14.9,964.1
 7.0,-14.1,949.7
15.8,-33.2,960.0
38.5,-58.4,976.3
37.6,-50.0,967.5
16.8,-36.4,957.3
 4.6,-37.6,968.6
24.3,-35.2,983.6
35.7,-40.1,985.9
22.2,-36.0,976.2
 4.6,-9.4,979.5
36.4,-18.0,972.3
48.9,-19.8,961.4
18.0,11.2,963.2
53.6, 5.0,961.3
63.2,13.7,979.6
34.4,38.8,977.0
39.6,41.4,975.4
50.1,40.2,990.5
75.3,32.1,983.2
87.6,24.7,983.7
85.1,21.2,974.6
95.6,10.5,967.0
121.9,-8.1,955.9
127.4,-9.8,960.0
116.2, 9.5,978.3
103.0,36.1,970.5
76.4,62.1,987.1
93.9,57.6,985.0
88.3,57.6,958.9
70.5,58.9,946.1
110.4,37.6,934.8
135.7,54.5,952.0
151.8,67.6,977.0
159.5,64.7,973.3
135.5,79.7,962.5
127.0,74.8,955.9
126.3,65.3,948.4
118.8,55.3,946.5
126.5,34.2,952.5
125.7,18.6,954.3
106.8,16.4,957.0
106.9, 5.7,956.2
99.4,-2.7,952.7
84.1,-8.5,964.1
95.7,-30.0,982.2
-,-,-
61.4,61.2,980.1
74.7,60.9,981.3
67.0,71.7,967.5
64.8,79.9,965.2
73.7,83.5,952.7
86.3,79.5,950.6
96.6,71.0,952.4
104.7,60.9,958.4
113.5,50.0,962.0
120.8,43.9,957.9
137.9,33.0,956.4
158.5,24.6,965.9
165.1,20.4,964.0
182.0,26.3,960.9
185.9,23.9,976.3
153.3,26.9,988.2
140.5,19.7,993.3
142.6,-11.6,982.4
126.5,-28.2,974.3
116.0,-53.6,975.9
131.0,-100.0,973.1
154.4,-118.5,1013.8
164.2,-125.6,1009.5
176.0,-143.6,947.0
166.3,-139.2,955.7
135.7,-125.1,968.6
126.6,-108.5,965.3
108.3,-97.7,995.2
84.5,-111.9,986.6
87.9,-129.8,975.5
56.6,-129.4,991.1
35.0,-135.2,978.4
28.4,-145.5,961.8
13.1,-137.9,954.8
-18.6,-99.1,981.4
-25.2,-71.1,988.6
 3.0,-71.2,956.6
 0.0,-58.3,953.1
-8.2,-39.8,979.1
-0.2,-40.3,994.8
-1.9,-42.4,1004.5
 9.7,-47.0,989.3
32.5,-55.2,963.7
17.8,-33.9,958.7
-7.4,-10.6,963.9
 8.4,-27.0,962.1
-7.1,-18.1,966.6
-19.5,-10.5,964.0
15.4,-22.2,965.3
23.4,-13.9,986.6
17.4,-4.0,984.3
27.1, 0.5,980.1
38.7,-19.1,980.7
19.1,-15.7,953.4
16.4,-0.9,958.7
72.3,-34.0,970.7
57.1,-25.3,944.1
47.0, 9.7,955.2
88.6,17.8,995.2
75.2,43.8,1000.4
89.9,48.2,1002.1
125.1,32.1,996.8
104.2,42.4,979.7
90.8,64.7,977.9
137.2,47.9,980.9
142.7,52.6,970.9
126.6,72.0,973.8
152.9,55.5,968.6
160.6,46.5,966.0
176.8,33.2,965.3
176.6,28.3,955.5
167.8,19.6,964.8
174.0,-4.7,966.9
116.0,20.3,956.5
110.0,22.6,966.3
124.5,10.3,963.1
103.5,24.2,956.5
102.4,30.3,947.8
87.9,50.1,937.8
113.3,43.2,953.4
138.2,26.3,969.5
112.3,26.5,964.1
123.7,-0.0,964.9
133.5,-11.7,972.7
128.6,-11.7,968.1
153.0,-32.3,962.3
154.7,-41.7,970.6
-,-,-
48.2,104.0,975.0
59.0,105.0,974.4
42.9,115.9,945.4
40.6,121.0,939.2
55.6,120.0,951.2
80.1,111.4,952.4
90.7,98.8,954.2
100.1,76.5,944.5
123.4,49.8,949.3
136.6,35.6,961.2
140.5,22.3,950.2
150.3,16.6,956.7
165.0,21.6,1001.6
178.5,21.6,1017.8
179.8,19.9,976.5
164.7,22.5,961.0
151.3,22.2,967.0
165.5,20.5,968.1
175.3, 2.7,962.8
152.6,-16.1,916.7
162.3,-43.7,944.4
144.3,-57.5,995.3
74.3,-36.3,975.8
73.2,-42.7,985.6
83.9,-70.6,983.6
60.8,-54.6,979.4
58.9,-42.1,1015.3
52.3,-55.7,993.1
26.1,-56.5,966.6
19.9,-51.0,976.0
29.6,-63.7,952.5
 5.9,-68.8,941.3
 7.3,-67.7,956.8
21.4,-60.8,974.9
10.5,-37.4,980.4
 1.1,-18.8,978.6
-8.7,-9.3,983.5
 8.7,-11.8,970.6
14.1,-11.5,961.3
 4.3,-15.0,962.8
33.4,-35.5,971.7
55.8,-44.7,971.6
50.0,-31.0,957.0
18.2, 1.4,956.2
19.6, 4.2,953.7
46.7,-6.2,965.5
32.2,19.8,967.0
33.5,20.0,959.9
61.4, 6.8,986.7
44.7,32.7,990.3
37.0,42.8,976.7
40.0,49.2,969.8
25.6,64.9,955.5
61.3,47.1,949.4
75.4,42.6,956.5
55.6,56.6,955.7
66.8,55.8,957.0
72.7,55.4,957.2
75.6,57.8,954.6
96.2,44.9,942.0
101.9,37.1,919.5
89.9,63.1,942.9
124.9,56.1,948.1
143.5,37.5,921.5
147.0,37.7,936.5
158.7,40.0,962.7
150.4,49.4,957.8
144.4,45.3,959.4
150.3,46.4,967.4
143.8,50.4,960.6
133.0,50.7,968.9
121.3,53.8,972.1
112.3,51.8,966.0
114.1,48.6,968.3
109.9,47.5,958.3
102.4,46.8,948.2
113.5,36.5,941.4
107.1,26.8,935.0
93.0,23.6,934.9
107.3, 7.4,936.0
97.2,10.9,940.1
72.0,24.3,932.4
64.3,25.8,928.0
59.7,31.4,927.1
78.2,18.1,919.0
101.7,10.5,933.5
84.5,18.7,954.7
93.5,-7.5,964.4
129.9,-47.0,975.3
-,-,-
36.0,137.3,965.3
40.5,124.0,959.5
47.0,100.5,952.4
60.2,85.6,944.3
63.2,82.6,939.9
65.2,75.0,926.4
65.0,71.9,893.8
69.0,80.0,887.1
83.6,98.5,920.1
107.9,102.4,944.4
151.8,88.3,940.8
172.1,89.8,937.2
166.6,101.1,927.8
167.5,105.3,932.3
164.3,96.7,944.7
170.7,93.1,972.5
188.2,74.6,973.5
161.6,31.4,900.4
155.1, 1.9,897.4
213.6,-21.5,985.8
238.2,-39.6,1002.2
207.4,-35.5,975.8
180.0,-40.9,969.2
164.4,-40.0,979.8
138.0,-27.9,1017.9
107.7,-47.7,992.1
88.6,-77.8,935.2
93.7,-90.5,937.6
88.6,-74.2,978.3
63.7,-43.7,1009.2
29.2,-25.5,991.7
21.2,-29.2,949.8
14.9,-31.6,946.0
 3.3,-23.2,929.6
16.1,-21.0,926.3
10.7,-8.2,985.7
18.8,-15.2,982.9
13.6,-9.4,953.2
-14.7,12.0,954.9
-3.8, 5.6,934.2
14.8,-3.4,940.9
19.9,-8.6,957.3
32.5,-13.7,941.7
18.2, 9.6,937.1
 0.5,38.3,951.1
47.2,29.3,970.7
99.6,14.6,980.3
65.2,70.3,974.8
34.7,117.8,974.2
75.4,91.8,961.1
57.8,85.2,958.7
44.3,81.1,963.1
70.6,55.7,948.6
77.8,41.3,941.7
75.9,37.1,936.6
66.9,54.7,934.4
69.7,61.8,952.2
101.1,48.0,948.5
107.7,52.6,950.9
132.4,47.0,950.3
131.3,46.3,927.9
104.5,65.6,925.3
108.6,76.4,934.9
111.0,90.8,947.0
125.9,86.1,952.1
102.4,95.5,955.8
93.7,92.4,958.2
160.1,46.0,957.4
183.2,27.8,971.2
187.6, 6.8,961.7
203.7,-14.9,950.1
182.1,-19.3,961.4
184.5,-31.9,942.0
183.4,-34.1,928.4
172.8,-34.2,928.5
163.6,-17.5,939.3
143.9,-1.6,952.3
144.2, 2.2,950.9
134.5,21.0,958.9
103.5,28.8,925.8
102.9,12.0,903.0
105.8,16.6,933.0
89.3,28.7,944.6
99.5,21.4,941.7
-,-,-
58.7,109.9,956.5
51.1,107.2,960.8
44.9,95.9,956.8
59.2,84.4,959.4
48.8,101.9,968.1
41.0,117.6,961.7
61.1,114.6,955.1
63.7,114.3,948.9
80.2,94.6,930.4
116.6,68.4,925.4
132.5,64.6,949.7
139.4,70.4,978.3
152.2,75.5,974.0
166.0,74.0,950.9
171.4,63.6,942.3
166.6,55.6,954.2
181.3,41.5,986.9
195.4,35.4,1004.9
172.0,34.5,985.7
153.5,26.0,977.2
159.5,14.2,980.8
146.6, 0.5,963.6
117.6, 3.2,964.3
117.8,-7.0,978.9
138.0,-38.7,965.0
149.2,-61.3,966.2
124.1,-60.1,975.1
108.8,-69.1,972.9
93.1,-69.5,980.1
73.1,-70.8,981.5
54.4,-84.9,969.7
42.6,-98.0,954.4
48.3,-106.3,955.3
30.5,-90.7,981.5
-0.8,-60.5,980.1
-29.5,-46.7,969.5
-39.8,-50.0,958.2
-35.9,-46.9,951.4
-35.5,-32.9,973.6
-40.6,-25.2,976.5
-46.8,-18.5,981.2
-45.1,-14.6,978.2
-50.4,-14.8,965.5
-50.8,-17.1,955.7
-54.3,-11.8,943.5
-65.5,11.8,948.4
-67.7,31.8,957.1
-35.9,33.2,953.5
-41.5,54.7,952.4
-72.5,88.4,936.3
-51.5,93.2,927.4
-32.5,96.9,938.6
-8.4,92.5,929.6
28.8,68.4,928.5
50.2,66.3,954.4
24.1,111.6,961.3
-25.3,165.3,988.5
 9.1,159.7,1007.9
28.7,150.9,1010.1
15.4,164.5,990.7
40.7,150.8,944.0
81.8,133.2,950.8
132.9,95.5,949.6
142.1,69.0,929.5
108.6,79.3,953.9
82.5,92.5,963.6
62.7,101.5,968.2
98.9,76.1,981.0
119.4,63.2,992.1
132.1,60.8,999.1
146.3,49.3,1004.4
117.7,64.5,987.6
88.3,84.9,975.8
101.6,72.0,967.7
108.0,55.8,962.1
100.9,46.9,957.7
99.1,39.5,950.9
88.6,42.2,951.1
92.6,27.9,947.5
112.4, 5.2,941.9
113.2, 2.4,952.4
99.0, 1.7,953.8
92.7, 1.8,948.9
94.3, 2.8,958.2
74.1, 7.5,959.3
59.0,-2.8,977.4
85.0,-49.2,994.0
-,-,-
46.4,139.6,952.7
64.5,125.0,943.2
56.2,128.4,939.7
42.6,136.9,941.9
61.7,121.3,947.1
88.5,96.5,947.2
98.4,75.1,945.3
117.1,42.7,943.5
140.1,18.9,935.8
141.7,10.8,917.6
137.7,-1.2,902.1
136.6,-3.8,926.6
171.7,-12.9,957.7
196.9,-36.6,936.5
170.5,-15.2,936.5
172.9, 7.8,978.0
196.2,-1.4,979.1
191.0,-6.0,960.0
175.7,-0.5,982.6
163.8,-9.5,980.6
165.9,-42.3,951.0
162.7,-63.0,957.8
148.2,-79.8,953.9
137.3,-106.5,940.4
132.7,-134.2,951.4
113.5,-148.4,940.2
69.6,-134.0,936.2
47.6,-121.2,957.6
24.1,-112.3,961.1
 4.2,-115.7,947.2
 1.7,-118.9,945.8
-19.7,-88.7,952.4
-46.6,-60.4,952.0
-38.4,-69.5,952.3
-33.6,-69.4,957.7
-42.4,-55.0,976.5
-30.3,-56.8,991.2
-39.5,-46.0,982.5
-41.4,-41.6,962.3
-31.5,-41.4,933.4
-40.7,-19.5,907.9
-22.7,-16.3,919.6
-0.5,-12.8,922.9
-23.7,17.5,924.7
-19.5,25.4,933.5
 6.2,31.3,939.8
23.3,39.1,956.6
12.9,41.2,948.0
17.8,57.1,951.1
71.4,33.8,957.5
64.8,36.2,951.9
15.2,90.2,968.7
36.8,93.7,978.0
68.3,78.2,969.6
55.1,91.7,969.2
70.4,76.3,945.7
59.2,78.9,935.9
47.5,92.9,967.3
72.6,85.2,960.1
66.6,93.0,949.9
106.1,76.6,964.4
119.4,65.7,950.3
89.5,79.8,950.4
115.4,66.6,965.5
143.1,54.1,948.1
152.7,40.4,934.7
143.7,34.1,939.4
135.2,29.2,947.9
131.3,30.4,958.2
132.2,34.9,968.0
141.2,30.0,958.1
136.0,27.4,940.7
136.0,20.0,950.1
127.7,23.8,946.7
117.3,27.8,940.0
128.8, 5.3,932.7
115.9,-11.0,923.7
97.8,-23.7,934.2
108.0,-53.3,948.6
103.3,-62.1,953.6
-,-,-
58.9,103.1,956.0
64.5,94.2,959.2
63.8,92.8,957.5
64.1,91.1,955.4
60.0,83.5,952.6
69.1,69.0,952.2
79.3,65.2,953.8
105.0,46.3,945.5
136.5,16.7,930.6
136.2,10.6,932.3
137.9, 7.4,930.0
152.2, 0.2,922.4
169.4,-6.4,929.0
183.8,-11.8,931.3
173.3, 2.2,943.6
176.8,10.3,973.6
176.3,-5.1,969.7
155.9,-20.9,966.1
168.8,-46.1,988.5
176.7,-71.9,991.5
145.0,-67.7,981.1
126.4,-59.5,998.7
95.4,-59.3,996.0
51.7,-66.9,957.5
39.4,-87.9,938.1
39.7,-101.3,940.6
10.4,-92.9,961.9
-39.3,-89.0,948.1
-68.0,-101.8,902.0
-74.4,-118.4,885.2
-92.3,-98.3,903.5
-91.2,-77.6,934.1
-68.0,-79.4,975.7
-46.3,-76.4,990.9
-32.1,-65.2,988.2
-53.7,-34.8,1007.4
-48.4,-35.1,963.0
-31.2,-45.9,904.8
-29.3,-46.9,945.1
 0.9,-67.3,964.2
-23.3,-47.4,948.2
-14.6,-56.7,956.9
20.2,-71.7,927.7
-27.2,-9.5,898.5
18.9,-12.8,904.9
65.8,-11.6,931.4
24.8,53.9,971.8
40.9,71.6,1020.4
36.7,93.4,1065.0
16.0,100.8,1020.4
28.1,80.8,972.7
51.8,67.9,965.1
50.9,63.9,925.7
47.1,67.6,921.8
74.5,52.4,927.6
68.2,65.4,922.9
85.1,82.4,937.5
120.4,75.1,932.8
128.9,83.3,942.7
162.1,65.6,941.6
161.1,57.6,930.4
150.3,56.7,945.3
179.7,33.9,956.0
173.8,32.3,955.2
174.5,15.8,951.0
185.6,-8.4,943.2
167.0,-4.7,948.4
164.7,-6.8,951.8
132.6,-0.5,936.8
107.3, 1.1,947.6
113.0,-13.7,952.8
106.5,-20.5,939.0
108.7,-40.0,942.3
123.3,-66.4,952.1
140.3,-105.7,950.9
-,-,-
43.9,27.1,956.5
19.8,42.2,973.0
11.7,53.8,970.7
 9.4,59.0,952.9
13.7,72.3,937.0
-8.6,99.2,937.5
-13.8,108.6,933.1
20.1,96.1,948.6
48.7,84.7,967.7
53.8,94.3,955.9
70.5,90.7,956.2
112.1,61.5,947.8
122.0,44.9,940.3
158.0,11.2,945.7
194.1,-17.7,945.3
168.9,-10.3,938.9
149.6, 9.9,943.6
121.4,25.8,948.7
106.8,35.0,949.3
124.3,29.1,950.7
125.8,16.3,937.4
129.6, 7.9,950.7
143.1,-18.9,972.2
141.0,-49.6,978.7
124.8,-68.7,1010.1
94.3,-99.9,994.8
49.6,-107.8,971.6
 0.7,-110.9,982.3
-13.6,-144.6,932.3
-31.1,-133.4,926.5
-77.6,-96.7,961.3
-83.1,-116.9,941.1
-83.2,-119.1,940.4
-112.2,-77.7,955.2
-105.0,-55.1,968.1
-86.2,-44.7,973.4
-97.5,-34.1,965.4
-91.0,-17.8,965.7
-86.6, 9.5,964.4
-97.5,18.2,957.1
-90.6,15.3,963.2
-71.1,16.2,953.9
-85.5,36.8,961.1
-119.1,63.6,967.0
-108.5,53.1,933.0
-100.6,48.5,907.2
-101.5,62.5,884.7
-49.2,39.2,908.6
-26.2,26.9,970.8
-58.1,56.6,973.9
-62.7,54.5,941.5
-29.1,36.2,950.9
-13.0,36.5,957.9
-2.7,39.0,941.3
 4.8,47.8,947.1
 2.7,63.3,938.5
31.9,65.1,943.5
88.1,44.4,943.1
85.4,48.2,933.9
77.9,68.2,942.2
98.8,59.2,952.8
86.8,61.0,966.9
120.1,39.7,975.2
137.8,16.3,964.9
116.5,19.2,966.0
132.4, 6.4,961.0
112.5, 4.6,939.9
97.5,15.4,957.2
109.7, 5.3,950.2
110.4,-6.8,928.0
127.8,-21.3,941.4
127.9,-26.7,950.2
125.2,-27.4,960.2
138.2,-44.4,952.4
126.6,-42.7,962.0
107.8,-34.7,972.9
100.6,-44.7,942.6
81.6,-57.5,935.6
85.3,-104.4,957.8
-,-,-
54.0,55.7,963.7
39.1,70.0,961.5
37.6,78.5,965.8
28.4,91.0,965.7
20.7,103.2,963.6
43.8,94.7,966.1
67.1,77.8,955.9
78.7,63.8,941.8
105.2,44.0,934.7
123.9,29.9,928.4
123.9,29.7,928.7
142.6,21.4,938.8
157.4,12.6,938.8
162.1, 4.0,943.6
187.7,-22.0,938.7
220.0,-45.6,938.2
233.2,-47.4,961.3
228.2,-42.3,972.1
213.8,-44.3,977.8
194.4,-56.5,985.3
190.8,-62.9,994.3
180.7,-81.2,1007.3
163.4,-112.0,989.4
147.8,-129.6,1002.9
90.4,-122.9,1008.2
46.4,-122.6,975.6
14.2,-119.6,966.1
-43.0,-99.9,944.8
-66.3,-97.6,915.6
-62.6,-90.2,924.0
-76.6,-61.7,955.6
-86.1,-47.5,964.0
-76.0,-43.1,952.8
-77.9,-23.9,979.7
-76.4,-15.9,989.0
-68.6,-14.2,949.8
-77.7, 6.0,961.3
-65.5, 7.7,955.3
-64.4,12.7,941.0
-76.6,27.3,970.8
-71.2,36.8,963.8
-69.3,40.5,946.3
-70.6,49.3,927.8
-88.5,81.2,927.2
-56.3,65.4,945.9
-29.8,50.9,965.7
-49.2,76.4,969.8
-25.5,66.3,953.0
-19.0,70.6,969.2
12.5,65.8,965.3
46.3,48.1,967.7
29.3,46.4,986.2
66.5,11.6,954.4
72.0,-0.8,950.8
55.1, 2.1,949.0
64.0,-1.6,954.8
44.6,20.8,976.3
87.9, 5.1,967.4
90.6,-0.8,925.7
46.5,43.1,931.2
95.1,34.3,952.2
84.5,55.4,928.6
77.6,71.9,952.8
128.2,43.8,965.4
111.1,53.3,951.5
106.1,47.0,957.7
102.6,46.3,953.4
97.6,49.9,952.1
121.7,25.8,953.9
126.6,18.2,966.5
116.5,21.0,974.0
109.1, 9.8,965.3
109.8,-8.5,966.6
113.5,-22.6,963.2
117.0,-35.9,950.4
-,-,-
63.7,95.1,955.3
64.8,88.4,962.6
59.3,81.8,962.3
63.6,80.3,963.3
45.1,86.5,942.1
47.0,87.3,938.1
84.2,79.2,938.3
98.5,80.6,928.3
103.3,80.5,919.5
118.6,72.5,924.1
125.4,79.6,937.9
116.6,83.2,932.8
129.5,62.3,914.5
176.3,23.9,910.4
203.2, 0.3,935.8
217.5,-2.8,968.0
251.3,-24.4,992.7
236.5,-17.1,1007.4
222.1,-15.3,993.3
242.2,-39.3,982.8
206.3,-39.6,984.6
148.9,-34.2,965.6
129.8,-48.2,975.2
116.8,-86.2,981.8
88.5,-115.2,969.5
42.1,-126.4,965.1
 1.1,-140.8,950.7
-28.4,-150.5,927.9
-65.3,-140.3,920.7
-81.7,-122.9,932.0
-90.4,-102.8,943.8
-92.4,-82.6,978.5
-84.2,-82.0,985.1
-64.4,-81.3,972.4
-68.2,-47.3,975.6
-86.7,-9.0,973.9
-95.6,-5.5,957.5
-82.4,-29.9,930.8
-61.9,-33.5,923.1
-84.1, 6.8,913.6
-91.3,33.4,882.5
-8.3, 9.4,897.2
39.8,22.9,947.3
17.7,85.1,961.4
31.7,113.2,975.0
55.7,124.6,1003.4
57.4,135.7,977.7
50.4,144.1,963.9
57.3,129.1,945.3
82.2,96.3,937.9
108.2,70.0,959.0
73.7,87.5,944.2
102.0,88.5,965.4
175.3,60.5,967.6
141.8,99.8,962.1
165.6,98.6,964.1
188.4,67.7,945.1
146.3,76.1,953.0
146.9,63.3,955.1
152.9,55.7,940.6
143.6,60.4,943.9
137.3,57.3,941.0
138.0,46.5,948.8
161.6,16.4,952.6
161.0, 3.6,953.4
154.6,-4.9,960.9
160.3,-26.5,943.4
136.1,-16.7,937.5
112.5,-3.7,937.8
114.1,-12.4,926.1
110.7,-22.0,935.4
110.7,-26.9,948.4
107.5,-41.8,943.1
96.6,-60.4,962.0
103.3,-105.3,969.1
-,-,-
13.0,126.5,957.8
39.2,114.0,963.3
29.7,110.2,955.1
23.0,114.1,953.4
22.1,123.5,953.8
30.4,114.1,960.5
68.2,81.3,954.6
95.7,65.1,953.3
110.6,59.2,953.6
136.0,45.1,948.2
147.0,41.6,945.6
117.3,52.4,936.2
116.6,55.1,943.6
149.7,39.2,947.6
152.4,15.5,938.4
167.9, 9.8,965.6
214.3,-6.8,977.1
217.1,-16.4,966.4
221.4,-19.4,998.2
255.2,-53.2,1021.5
228.8,-70.6,1001.3
185.3,-97.5,1000.3
159.5,-151.8,999.7
119.9,-171.9,959.0
83.6,-170.5,938.6
63.0,-164.7,955.3
 8.7,-150.9,965.2
-39.6,-140.3,972.8
-44.5,-132.5,989.5
-47.0,-116.3,997.1
-82.5,-84.1,1003.0
-93.7,-74.1,988.9
-74.1,-77.2,984.7
-82.8,-58.2,973.1
-87.9,-48.6,920.2
-61.4,-45.8,927.2
-25.0,-43.9,965.8
-44.6,-12.3,944.9
-36.6, 6.9,939.9
-13.6,-0.6,947.9
-30.6,22.5,925.6
 0.0,14.4,938.6
 9.6,22.9,984.0
-9.1,71.9,1002.5
16.3,75.2,988.4
33.0,74.9,995.6
33.2,89.8,985.4
50.5,88.8,952.4
55.5,93.9,957.0
62.9,94.4,945.3
80.7,92.3,939.6
72.6,99.8,946.3
78.8,101.9,927.0
109.5,95.6,945.0
128.0,90.4,954.6
124.2,96.7,960.5
131.6,94.3,976.3
123.2,89.6,979.6
114.7,86.4,995.8
158.4,60.4,986.4
144.6,66.1,982.8
132.2,68.6,990.5
161.7,45.8,968.2
127.5,63.3,951.0
123.8,65.3,952.5
145.3,48.4,954.8
120.1,51.6,946.6
115.5,35.9,940.5
130.0,10.9,939.9
119.8,-2.5,945.5
108.5,-14.0,949.3
95.7,-11.9,952.3
94.7,-26.2,947.7
115.8,-53.9,952.4
115.9,-65.9,969.2
-,-,-
25.3,124.2,946.4
16.0,129.6,950.4
28.4,119.9,961.6
53.7,110.3,965.8
49.6,111.6,964.8
59.2,105.1,962.3
66.9,108.8,957.3
63.2,108.7,947.0
94.8,84.3,941.4
125.5,63.8,948.2
124.0,64.1,949.8
142.1,62.3,944.7
161.4,42.8,942.4
175.3,28.2,951.7
207.3, 4.1,949.9
205.7,-17.8,942.0
207.4,-19.0,969.1
226.1,-48.5,968.1
225.1,-71.0,973.4
235.1,-79.1,1023.9
227.8,-107.2,1002.3
182.6,-115.0,980.7
139.2,-105.1,1012.0
106.9,-125.8,993.5
80.9,-159.4,970.7
27.1,-167.6,967.3
-24.2,-187.0,932.3
-49.0,-188.9,944.1
-86.1,-144.8,991.4
-117.1,-108.5,974.8
-107.6,-78.9,966.7
-118.2,-46.3,984.3
-131.8,-6.1,988.5
-103.5,18.7,975.0
-83.2,41.8,963.7
-72.4,61.0,957.3
-49.6,69.0,944.7
-47.2,102.9,952.8
-27.1,92.5,947.6
 4.3,55.6,950.6
 8.4,65.1,972.6
44.6,49.2,955.6
55.8,50.6,968.0
73.5,56.6,967.6
89.1,65.8,949.1
77.6,97.0,959.8
129.8,82.4,959.2
138.2,89.0,954.3
133.1,108.6,975.8
150.9,93.5,954.2
123.7,101.5,948.4
154.5,84.7,981.1
169.4,56.0,980.2
139.2,54.2,977.2
143.0,36.7,983.4
154.7, 8.1,946.8
149.4,-3.3,938.2
145.6, 0.9,956.6
153.7,-14.6,957.2
140.9,-29.9,949.8
138.5,-40.7,955.5
163.3,-55.8,961.6
153.3,-61.7,955.6
148.4,-75.0,959.5
153.6,-96.0,966.3
143.9,-103.7,985.3
-,-,-
77.7,53.2,964.8
82.5,50.0,969.5
83.2,35.9,950.8
87.3,26.6,953.1
89.0,36.0,966.7
65.8,66.6,946.7
46.3,97.8,934.6
69.1,107.1,927.7
92.5,113.1,918.2
90.3,121.1,916.2
105.0,112.6,908.3
133.8,93.2,904.8
140.5,78.3,911.2
166.3,56.0,939.4
221.8,17.8,961.1
228.1,-8.9,954.7
214.0,-11.5,966.6
255.8,-41.0,962.1
277.1,-87.9,933.0
234.6,-88.1,946.5
214.2,-90.2,983.1
211.7,-106.9,981.5
199.6,-94.3,1028.1
164.0,-111.7,1028.9
137.7,-137.0,945.3
120.8,-123.9,960.8
65.8,-134.6,953.4
 7.3,-157.0,904.7
-32.3,-173.1,904.1
-64.8,-166.2,910.5
-100.9,-139.7,944.0
-91.9,-133.8,928.3
-92.2,-84.6,960.9
-127.1,-23.6,1026.1
-120.7,-34.5,956.4
-125.3,-33.1,906.5
-133.4,-16.8,932.5
-70.1,-35.3,944.2
-40.3,-25.5,932.5
-72.8, 7.1,901.7
-35.9,13.5,894.4
-20.9,56.7,957.9
-12.0,87.6,989.0
13.6,75.9,994.2
20.0,64.3,986.4
31.1,47.7,963.3
44.9,37.7,966.8
39.5,42.8,953.1
62.9,38.2,933.6
68.8,44.3,937.4
68.0,53.6,955.9
108.0,32.5,922.2
107.8,31.4,908.4
79.4,63.7,950.2
75.1,78.5,937.0
101.2,61.6,941.2
152.4,27.0,942.1
138.2,32.6,933.7
138.4,34.1,955.4
154.5,19.7,964.2
138.2, 9.1,955.5
148.5,-19.0,948.4
158.2,-33.6,943.3
144.3,-26.5,944.7
137.9,-26.5,951.1
123.7,-21.8,956.5
108.8,-16.6,951.4
105.8,-16.4,953.4
94.9,-13.5,947.9
84.8,-17.8,944.6
-,-,-
29.3,117.2,961.5
27.1,114.7,944.3
59.8,99.9,938.6
80.9,90.7,945.4
74.0,106.1,959.7
89.9,109.5,955.8
104.4,102.9,946.7
122.5,82.6,937.8
148.4,66.4,949.4
170.9,50.5,969.4
188.9,31.8,952.0
186.5,22.4,936.6
165.6,22.0,971.8
190.8,11.7,1026.1
249.5,-24.6,1022.7
230.6,-30.0,978.8
210.0,-17.9,965.9
226.7,-17.9,984.3
191.9, 9.5,1014.0
136.3,30.1,1021.0
117.7,-6.9,1005.3
86.2,-39.8,982.7
43.9,-63.5,940.4
 5.3,-82.3,927.4
-31.3,-81.0,930.8
-52.7,-74.8,927.2
-64.3,-65.4,946.7
-68.2,-51.9,950.7
-76.8,-36.3,957.7
-77.4,-12.5,1002.8
-59.0,14.2,1007.7
-73.6,44.8,1007.9
-78.5,51.3,983.5
-57.6,47.6,947.3
-58.0,61.4,973.2
-35.2,53.7,961.7
-27.2,54.1,953.2
-47.1,76.9,974.0
-31.5,75.0,966.1
-4.6,58.9,979.7
 6.3,46.5,990.5
-6.0,54.8,973.5
22.8,42.9,967.4
51.3,20.0,969.2
28.8,36.1,983.5
55.1,25.5,965.4
54.3,24.0,965.1
46.0,26.3,977.1
47.0,30.9,962.3
 2.7,82.0,971.7
32.0,76.8,965.0
58.9,57.6,927.1
45.3,83.9,931.3
68.4,90.3,941.5
72.8,94.5,929.8
88.3,90.5,948.6
106.5,78.2,947.5
116.5,73.0,958.7
156.7,40.3,961.4
137.0,44.5,949.7
119.1,54.6,977.6
145.4,37.9,973.6
147.0,22.3,966.9
161.9,-7.2,975.0
166.9,-26.6,960.5
140.0,-21.5,963.5
110.1,-7.7,961.4
89.6, 2.4,958.4
-,-,-
 0.2,110.5,956.8
19.4,88.7,950.1
37.4,74.4,943.3
56.7,61.8,930.8
60.6,67.9,930.3
43.7,101.2,944.4
69.6,100.2,953.2
113.5,77.6,941.3
127.1,73.9,928.2
144.7,75.5,944.0
164.3,79.3,948.9
172.0,73.0,934.8
176.1,61.3,941.2
193.3,57.0,1001.2
230.6,13.2,999.5
221.9,-19.9,935.7
172.6, 0.4,952.2
147.5,-7.9,978.7
127.1,-31.2,954.1
86.8,-56.8,945.8
84.6,-95.6,953.3
86.1,-113.4,982.4
35.4,-113.7,978.4
-3.5,-128.8,941.8
-29.9,-143.9,911.1
-67.7,-130.4,905.4
-118.5,-79.9,948.0
-140.5,-58.7,953.5
-133.3,-58.5,925.1
-123.4,-36.3,965.6
-92.9,-25.2,994.5
-48.2,-5.6,985.5
-54.6,38.7,979.9
-71.5,63.0,940.5
-48.8,70.0,932.9
-43.2,64.0,968.2
10.0,32.5,985.5
28.5,30.5,995.4
-25.7,71.0,959.7
-1.5,74.3,960.3
-5.9,88.7,981.1
-62.7,146.7,973.0
-27.5,131.1,962.4
-23.6,116.4,931.4
-34.1,120.8,912.7
27.0,82.1,913.1
 4.5,112.8,948.7
22.3,115.5,949.8
53.2,93.7,953.2
 8.7,125.1,976.3
88.5,84.6,963.2
146.9,40.8,941.8
63.1,89.1,935.0
58.7,110.0,929.7
72.3,108.7,915.2
57.8,121.9,941.4
82.9,108.8,944.9
73.4,103.3,934.6
85.5,94.8,955.0
94.8,72.7,942.2
91.1,60.6,942.7
127.5,38.0,957.2
108.1,41.0,967.1
96.7,39.1,972.0
117.4,30.0,976.9
88.0,46.1,972.7
90.2,41.0,957.9
102.1,19.5,946.2
95.3,-16.3,937.1
-,-,-
38.4,101.7,962.7
53.3,95.4,954.5
52.4,108.4,958.9
64.6,117.0,953.4
80.0,110.1,929.9
88.1,101.3,905.1
91.2,92.6,896.4
104.1,92.3,924.7
121.2,90.3,953.1
148.6,68.6,955.4
175.3,52.0,961.4
188.7,47.2,970.1
214.3,35.6,980.0
224.9,25.4,973.0
219.9,26.2,965.5
233.0, 7.4,975.1
240.0,-10.3,1002.4
227.5,-10.4,1025.8
215.9,-37.4,992.4
184.6,-72.8,933.8
143.9,-86.5,912.8
98.4,-94.1,935.6
68.9,-103.1,955.1
39.4,-101.9,975.3
-15.7,-83.0,968.6
-46.1,-85.8,936.0
-54.3,-91.0,945.0
-69.0,-65.5,992.6
-66.3,-75.4,988.7
-65.5,-76.4,974.6
-96.4,-29.3,1030.7
-65.3,-34.1,998.9
-57.2,-7.7,947.8
-90.5,47.0,992.6
-39.1,24.0,990.8
-35.5,42.5,943.3
-57.7,81.3,935.6
-4.9,80.0,944.7
-23.4,112.7,963.2
-14.3,131.0,954.4
18.8,141.4,960.7
 1.2,181.4,993.5
60.6,163.1,967.0
87.3,144.7,936.4
38.5,186.0,933.1
84.0,175.3,922.0
110.5,165.7,909.8
100.4,183.9,940.2
150.8,161.3,942.1
143.1,160.9,921.6
155.5,136.5,959.7
188.2,89.9,959.0
139.5,89.7,946.0
120.8,80.4,954.6
118.8,71.3,947.1
123.7,70.7,951.1
151.7,59.9,961.1
117.8,63.9,945.7
110.5,33.8,939.2
142.6,-12.1,943.3
128.0,-22.1,943.8
117.0,-32.7,936.2
-,-,-
16.2,109.2,940.6
 0.0,138.8,940.7
10.7,150.8,933.0
 8.7,170.7,923.5
 6.0,183.5,925.6
53.3,158.3,911.3
98.9,137.8,906.1
113.1,133.5,932.7
156.1,101.4,947.8
189.0,67.5,939.9
183.8,53.6,921.1
185.6,57.0,934.3
208.4,49.5,955.5
212.7,37.5,948.5
197.0,47.9,954.8
198.1,38.5,971.9
206.5,16.1,979.2
192.5, 3.5,987.8
196.9,-48.3,956.6
209.0,-104.3,930.5
179.3,-122.5,943.4
145.6,-134.3,965.5
109.2,-137.1,993.2
75.6,-132.8,1014.2
41.6,-137.6,1012.9
-7.7,-149.4,943.5
-41.5,-151.3,892.5
-61.0,-112.4,898.5
-87.2,-37.8,910.2
-103.8,16.3,935.3
-67.9,20.3,983.0
-33.4,34.4,984.9
-43.7,70.2,964.7
-38.0,71.2,966.3
-0.9,51.4,958.9
-3.4,78.0,950.6
-41.5,106.2,956.8
-5.5,80.2,955.4
-9.8,90.4,963.9
-20.2,106.9,951.4
-1.3,104.0,936.6
-5.1,116.5,939.3
21.7,105.4,923.1
-0.4,126.9,923.5
 1.6,143.2,940.2
74.3,108.5,949.7
83.8,100.6,952.3
98.8,96.5,954.2
129.8,99.1,945.1
131.2,115.5,948.2
159.5,99.7,936.7
157.6,84.0,926.8
128.5,86.4,937.3
136.9,77.3,930.5
127.3,68.3,909.5
100.5,72.6,920.6
107.7,64.1,927.3
111.7,51.7,941.3
88.7,53.5,967.7
87.9,47.6,969.8
107.0,35.1,956.4
97.0,37.4,940.7
75.5,33.9,929.8
89.7, 0.8,942.2
97.2,-23.0,956.8
90.3,-40.6,948.0
-,-,-
-3.0,84.3,928.0
-17.1,91.1,922.9
-17.7,91.8,934.6
 8.5,81.0,934.3
18.5,82.4,931.5
-0.4,109.7,927.8
12.2,117.9,916.7
35.0,115.0,922.3
69.8,105.1,933.9
133.7,73.1,958.9
173.8,47.6,975.9
190.5,36.5,972.0
197.6,28.4,964.8
178.8,33.3,930.0
161.1,48.8,930.3
162.5,42.5,982.5
159.6,32.4,984.6
162.5,28.0,970.3
175.8,-9.8,950.1
161.2,-32.8,937.2
163.6,-54.3,950.2
165.4,-86.4,942.5
117.4,-100.2,937.5
46.8,-99.2,953.4
17.1,-117.9,956.2
20.5,-147.4,967.1
-52.0,-128.2,963.0
-120.2,-107.8,932.9
-106.0,-114.4,934.5
-90.2,-125.2,919.7
-97.7,-107.4,924.5
-114.9,-68.5,973.2
-101.5,-50.7,979.1
-55.2,-51.0,1004.3
-33.8,-35.4,990.2
-76.1,30.6,953.3
-70.2,65.3,959.6
-17.8,56.3,965.7
-36.8,70.9,957.7
-84.1,105.9,972.2
-43.7,104.6,923.6
33.7,77.0,930.5
50.4,71.6,973.6
36.5,70.7,920.7
57.4,64.4,957.2
88.9,50.9,966.6
90.5,53.2,921.7
128.8,52.2,962.3
171.9,41.0,954.3
139.0,62.4,960.0
109.9,80.2,984.0
77.6,101.4,955.4
63.4,98.7,942.5
74.2,84.1,951.2
64.5,76.9,939.1
74.1,49.2,935.9
52.3,52.7,939.8
38.1,52.2,939.0
45.7,34.3,936.9
36.9,35.6,937.5
40.5,19.2,930.2
50.5,-6.2,912.5
36.3,-11.5,915.5
38.9,-33.0,936.2
54.7,-57.5,941.9
-,-,-
-11.3,115.4,953.9
-5.3,110.5,951.8
-19.1,118.6,938.7
-20.1,116.2,926.5
 1.3,122.5,918.1
 7.3,141.3,920.0
45.8,127.9,939.0
104.5,101.2,959.5
129.8,86.1,961.2
149.2,72.2,937.8
184.5,58.0,940.7
196.2,61.1,990.4
150.6,75.6,1023.6
140.7,45.6,1007.3
142.9,-2.2,968.9
107.5,-14.4,930.3
100.9,-35.1,911.8
91.2,-64.2,911.6
41.1,-55.2,912.9
 6.9,-57.5,924.3
25.7,-85.6,949.4
34.9,-110.8,969.5
21.4,-140.5,952.4
 4.6,-151.7,936.6
-42.5,-114.7,979.2
-85.7,-70.8,995.8
-100.3,-39.9,980.5
-130.1,-2.9,973.9
-143.9,21.8,989.6
-130.8,20.2,979.6
-124.2,26.8,950.5
-104.9,32.0,947.9
-85.8,25.1,943.7
-78.5,32.9,969.0
-50.6, 7.3,983.1
-44.0, 1.6,954.1
-43.9,15.9,960.7
-2.4,-8.4,952.8
-40.7,35.5,946.1
-54.2,57.4,947.0
-11.0,28.2,955.0
-9.8,41.4,980.4
 5.8,40.2,967.8
 8.5,53.1,969.3
19.3,65.4,956.1
29.2,74.0,946.9
40.5,95.7,969.4
91.9,80.5,958.3
94.2,87.0,951.0
94.5,91.6,939.6
136.6,63.5,936.2
148.6,43.4,940.8
129.0,46.3,938.1
111.3,43.9,950.2
112.5,28.3,950.5
106.4,18.5,950.4
90.3, 8.3,953.3
99.6,-21.7,930.7
105.5,-55.3,935.9
88.8,-62.7,967.8
-,-,-
12.5,115.5,956.0
31.4,105.3,950.9
18.4,106.8,943.3
10.3,104.6,937.7
13.2,107.5,938.4
34.3,88.2,935.8
79.3,54.2,921.8
108.6,40.0,918.6
106.5,41.8,931.4
123.9,62.6,954.7
140.3,87.1,963.9
131.6,111.1,953.7
178.3,88.5,963.7
214.6,47.9,967.9
186.5,41.9,978.6
182.9, 5.8,1005.5
174.0,-51.6,999.2
135.0,-96.2,938.1
84.4,-127.5,908.5
46.7,-144.9,898.7
19.0,-149.8,866.2
-7.0,-127.5,913.1
-60.1,-123.7,961.8
-100.6,-151.8,927.7
-104.3,-157.0,939.7
-157.4,-118.6,978.2
-170.8,-110.8,979.9
-139.2,-115.8,972.2
-176.9,-37.1,993.2
-219.1,26.6,991.9
-185.1, 1.4,931.9
-133.0,-8.3,906.4
-138.6,32.5,923.2
-68.1,31.5,919.7
-26.6,53.6,945.5
-73.7,122.0,949.7
-25.3,138.8,963.2
-19.6,158.3,1021.3
-56.2,175.9,986.5
-20.0,162.5,962.2
 3.5,145.6,984.6
40.8,121.0,922.0
38.3,113.6,897.4
61.3,96.9,917.2
48.8,112.1,910.0
18.4,159.4,938.3
99.5,111.8,924.3
87.2,91.6,865.9
50.0,105.4,899.6
165.8,43.9,961.8
156.3,50.3,975.5
95.0,93.9,986.3
149.3,58.8,981.1
142.3,43.3,965.3
120.1,32.4,947.2
125.1,22.0,947.4
85.9,27.4,936.4
75.0,14.5,926.0
71.1, 1.4,917.7
49.7,-14.6,905.2
44.2,-11.8,943.5
39.6,-14.6,982.5
-,-,-
-35.9,130.4,932.5
-29.2,134.1,924.1
-2.3,128.0,922.7
12.8,133.0,923.9
26.8,134.4,916.9
56.1,122.4,929.3
58.0,124.9,956.5
80.9,116.4,961.3
139.2,71.4,942.1
139.1,66.5,934.1
111.7,68.2,920.1
131.6,39.3,937.1
165.9,13.5,976.5
170.9,-17.7,968.2
138.9,-32.6,967.8
126.7,-68.0,958.7
137.5,-105.8,974.1
99.2,-115.6,996.2
39.9,-123.5,962.4
51.9,-181.6,966.4
14.1,-212.9,953.1
-119.2,-182.1,903.8
-185.8,-159.4,932.5
-186.8,-148.3,967.8
-200.5,-130.3,939.3
-187.4,-109.8,927.0
-168.9,-68.3,941.9
-143.8,-28.2,948.6
-89.1,-13.1,958.8
-92.0,29.7,972.5
-87.2,57.9,976.9
-50.3,67.6,976.8
-49.1,93.9,965.4
 8.6,79.5,971.2
29.0,108.3,988.3
-0.8,145.5,958.4
 9.0,145.1,923.3
29.0,148.3,942.1
61.5,129.9,918.9
32.8,146.5,913.1
62.6,132.1,918.4
53.4,139.0,920.6
31.0,165.5,956.4
125.7,105.0,950.2
105.6,112.2,938.9
108.9,117.3,945.1
141.2,95.3,936.2
114.5,101.0,926.3
122.8,87.1,930.6
131.8,73.8,956.4
140.3,51.2,946.7
114.3,55.9,948.8
100.3,51.9,959.0
110.9,33.6,947.1
74.9,50.6,950.6
80.2,37.5,955.0
105.0,-15.8,929.1
