-,-,-
50.79,153.97,1039.68
1.59,403.17,1019.05
-68.25,300.00,1090.48
-52.38,100.00,1225.40
-23.81,-130.16,1277.78
-95.24,-273.02,1193.65
0.00,-377.78,1163.49
123.81,-503.17,1073.02
196.83,-553.97,890.48
428.57,-631.75,838.10
453.97,-423.81,866.67
538.10,-280.95,763.49
453.97,-22.22,787.30
249.21,211.11,714.29
207.94,361.90,890.48
153.97,387.30,866.67
-20.64,509.52,936.51
3.17,436.51,965.08
-96.83,323.81,988.89
-101.59,301.59,1050.79
-130.16,82.54,1066.67
-77.78,-77.78,1063.49
-,-,-
73.02,98.41,1041.27
-30.16,285.71,1017.46
-50.79,309.52,1087.30
-128.57,98.41,1198.41
-155.56,-50.79,1266.67
31.75,-257.14,1241.27
123.81,-453.97,1019.05
325.40,-601.59,892.06
363.49,-655.56,814.29
509.52,-574.60,866.67
657.14,-326.98,965.08
557.14,-177.78,888.89
431.75,31.75,788.89
352.38,173.02,793.65
279.36,280.95,844.44
204.76,309.52,863.49
157.14,387.30,920.64
57.14,328.57,865.08
25.40,382.54,965.08
-93.65,414.29,1000.00
-149.21,363.49,1041.27
-201.59,209.52,1042.86
-180.95,25.40,1023.81
-80.95,-104.76,1068.25
-,-,-
-69.84,282.54,1073.02
-100.00,401.59,1071.43
-231.75,365.08,1098.41
-246.03,252.38,1095.24
-46.03,-128.57,1123.81
185.71,-253.97,1165.08
611.11,-658.73,1114.29
563.49,-626.98,1038.10
511.11,-585.71,938.10
504.76,-382.54,914.29
452.38,-250.79,815.87
434.92,-126.98,841.27
361.90,53.97,795.24
306.35,152.38,819.05
306.35,361.90,865.08
176.19,357.14,842.86
101.59,382.54,811.11
46.03,460.32,846.03
-176.19,404.76,787.30
-130.16,511.11,1012.70
-73.02,303.17,1063.49
-71.43,223.81,1174.60
-25.40,-4.76,1168.25
7.94,-226.98,1147.62
-,-,-
6.35,250.79,1068.25
-153.97,384.13,1022.22
-230.16,507.94,1195.24
-257.14,258.73,1277.78
-182.54,77.78,1203.17
80.95,-333.33,1092.06
479.36,-682.54,961.90
712.70,-888.89,896.83
685.71,-687.30,936.51
592.06,-460.32,871.43
406.35,-233.33,742.86
304.76,47.62,815.87
338.10,28.57,631.75
230.16,328.57,865.08
203.17,236.51,742.86
103.17,325.40,869.84
49.21,353.97,861.90
-30.16,430.16,946.03
-22.22,382.54,941.27
-176.19,460.32,1069.84
-128.57,453.97,1014.29
-182.54,231.75,1090.48
-107.94,125.40,1047.62
-,-,-
-126.98,325.40,1119.05
-200.00,411.11,1066.67
-282.54,249.21,1066.67
-55.56,-22.22,1239.68
104.76,-223.81,1303.17
377.78,-560.32,1139.68
531.75,-661.90,1090.48
490.48,-653.97,909.52
566.67,-506.35,896.83
612.70,-247.62,911.11
461.90,-28.57,785.71
382.54,130.16,707.94
309.52,323.81,790.48
223.81,509.52,784.13
101.59,384.13,841.27
96.83,504.76,790.48
-50.79,557.14,992.06
-53.97,460.32,890.48
-173.02,353.97,1044.44
-206.35,155.56,1038.10
-230.16,58.73,1090.48
-79.36,-150.79,1087.30
-,-,-
3.17,177.78,1017.46
-19.05,225.40,958.73
-76.19,482.54,1047.62
-273.02,233.33,1069.84
-196.83,-30.16,1220.63
-19.05,-282.54,1300.00
257.14,-580.95,1192.06
460.32,-580.95,1168.25
557.14,-628.57,941.27
606.35,-611.11,706.35
744.44,-333.33,809.52
509.52,125.40,865.08
411.11,279.36,736.51
277.78,509.52,765.08
201.59,530.16,784.13
173.02,482.54,793.65
79.36,561.90,893.65
-79.36,509.52,942.86
-98.41,433.33,1019.05
-119.05,409.52,1095.24
-25.40,153.97,1119.05
-50.79,23.81,1088.89
57.14,-95.24,1120.63
-,-,-
33.33,152.38,1023.81
-53.97,282.54,993.65
-123.81,441.27,1088.89
-73.02,301.59,1039.68
-131.75,131.75,1119.05
-3.17,-122.22,1223.81
174.60,-307.94,1222.22
284.13,-479.36,1146.03
428.57,-534.92,1063.49
477.78,-511.11,1015.87
503.17,-428.57,860.32
477.78,-228.57,795.24
538.10,-30.16,741.27
385.71,177.78,715.87
287.30,231.75,715.87
226.98,479.36,914.29
134.92,352.38,784.13
25.40,406.35,919.05
85.71,358.73,846.03
-80.95,407.94,1044.44
7.94,377.78,1011.11
-104.76,157.14,1063.49
-76.19,176.19,1038.10
-98.41,53.97,1068.25
-22.22,-46.03,1120.63
-,-,-
23.81,253.97,1071.43
-100.00,438.10,1065.08
-149.21,412.70,1087.30
-147.62,134.92,1123.81
-96.83,-30.16,1147.62
171.43,-400.00,1149.21
312.70,-606.35,1095.24
406.35,-611.11,1060.32
411.11,-507.94,996.83
457.14,-404.76,888.89
507.94,-204.76,868.25
531.75,-6.35,766.67
455.56,25.40,715.87
303.17,412.70,792.06
211.11,287.30,822.22
130.16,534.92,812.70
7.94,401.59,865.08
-50.79,566.67,942.86
-130.16,453.97,987.30
-100.00,407.94,1012.70
-155.56,207.94,995.24
-98.41,52.38,993.65
-119.05,0.00,1061.90
-,-,-
-20.64,100.00,1068.25
-128.57,234.92,987.30
-306.35,407.94,1022.22
-400.00,253.97,995.24
-152.38,228.57,1119.05
233.33,-358.73,1125.40
438.10,-553.97,1090.48
614.29,-661.90,1138.10
430.16,-431.75,1120.63
388.89,-255.56,973.02
404.76,-204.76,911.11
377.78,123.81,847.62
309.52,173.02,793.65
282.54,260.32,761.90
282.54,453.97,912.70
133.33,331.75,793.65
-20.64,409.52,887.30
-30.16,482.54,893.65
-101.59,501.59,996.83
-76.19,357.14,998.41
-106.35,252.38,1020.64
-125.40,182.54,1017.46
-98.41,53.97,1047.62
-,-,-
-19.05,149.21,1019.05
-152.38,330.16,971.43
-230.16,258.73,1039.68
-358.73,504.76,1165.08
-179.36,158.73,1150.79
131.75,-157.14,1014.29
488.89,-533.33,1050.79
639.68,-511.11,1114.29
533.33,-479.36,1022.22
431.75,-306.35,920.64
409.52,-125.40,915.87
461.90,1.59,909.52
430.16,101.59,836.51
331.75,231.75,841.27
234.92,361.90,809.52
158.73,333.33,814.29
55.56,439.68,819.05
-17.46,509.52,1015.87
25.40,460.32,946.03
-126.98,455.56,1066.67
-44.44,303.17,1023.81
-71.43,180.95,1061.90
-101.59,52.38,971.43
-206.35,1.59,1015.87
-,-,-
6.35,160.32,1068.25
-96.83,233.33,966.67
-222.22,358.73,1023.81
-258.73,204.76,1044.44
-123.81,28.57,1073.02
77.78,-146.03,1146.03
288.89,-384.13,1163.49
406.35,-373.02,1168.25
460.32,-409.52,1019.05
512.70,-282.54,915.87
534.92,-253.97,895.24
388.89,-93.65,844.44
288.89,79.36,838.10
300.00,182.54,885.71
312.70,201.59,763.49
176.19,301.59,896.83
233.33,280.95,768.25
76.19,352.38,914.29
47.62,338.10,834.92
-101.59,453.97,1015.87
-95.24,385.71,944.44
-180.95,304.76,1022.22
-130.16,136.51,1038.10
-152.38,98.41,1039.68
-,-,-
-69.84,201.59,1044.44
-120.64,426.98,1011.11
-226.98,430.16,992.06
-193.65,252.38,1098.41
30.16,-323.81,1088.89
204.76,-477.78,1111.11
311.11,-657.14,1023.81
387.30,-576.19,996.83
509.52,-482.54,992.06
563.49,-382.54,896.83
636.51,-149.21,793.65
460.32,-23.81,706.35
339.68,79.36,639.68
234.92,312.70,860.32
301.59,158.73,790.48
131.75,512.70,1092.06
200.00,458.73,996.83
488.89,558.73,1368.25
55.56,409.52,1022.22
-66.67,177.78,911.11
-95.24,225.40,987.30
-69.84,222.22,993.65
-95.24,155.56,1098.41
28.57,23.81,1020.64
-76.19,-128.57,969.84
-,-,-
33.33,123.81,1038.10
-20.64,257.14,969.84
-126.98,326.98,1017.46
-273.02,407.94,1063.49
-271.43,211.11,1071.43
-26.98,-49.21,1126.98
161.90,-274.60,1192.06
458.73,-509.52,1173.02
490.48,-504.76,1114.29
582.54,-455.56,938.10
746.03,-334.92,920.64
712.70,-198.41,844.44
503.17,120.64,785.71
453.97,174.60,768.25
331.75,458.73,860.32
252.38,309.52,846.03
204.76,541.27,865.08
46.03,385.71,914.29
-74.60,666.67,965.08
-77.78,460.32,893.65
-120.64,438.10,973.02
-128.57,358.73,958.73
-144.44,174.60,944.44
-155.56,73.02,938.10
-,-,-
-22.22,155.56,1090.48
-146.03,355.56,1038.10
-347.62,584.13,961.90
-352.38,404.76,842.86
26.98,-42.86,1061.90
388.89,-330.16,1247.62
606.35,-679.36,1220.63
428.57,-587.30,1087.30
433.33,-404.76,992.06
561.90,-353.97,946.03
561.90,-128.57,960.32
506.35,19.05,844.44
479.36,123.81,814.29
311.11,276.19,738.10
303.17,412.70,888.89
179.36,390.48,817.46
144.44,404.76,841.27
46.03,463.49,838.10
-44.44,406.35,960.32
-93.65,514.29,996.83
-149.21,377.78,965.08
-126.98,365.08,985.71
-173.02,176.19,947.62
-147.62,107.94,988.89
-69.84,-146.03,1087.30
160.32,-284.13,1195.24
-,-,-
-26.98,187.30,1039.68
-120.64,301.59,1019.05
-249.21,311.11,1020.64
-374.60,255.56,1069.84
-196.83,1.59,988.89
57.14,-120.64,1195.24
326.98,-330.16,1123.81
660.32,-376.19,1147.62
665.08,-382.54,1047.62
688.89,-225.40,915.87
690.48,-52.38,841.27
557.14,133.33,842.86
385.71,285.71,820.64
279.36,428.57,814.29
184.13,563.49,836.51
98.41,438.10,787.30
109.52,490.48,795.24
4.76,517.46,961.90
-4.76,479.36,911.11
-101.59,382.54,993.65
-104.76,380.95,871.43
-220.64,223.81,966.67
-155.56,123.81,966.67
-130.16,-55.56,1014.29
-,-,-
-17.46,146.03,1122.22
-120.64,234.92,1069.84
-273.02,225.40,998.41
-303.17,180.95,936.51
-153.97,76.19,988.89
84.13,-379.36,961.90
507.94,-552.38,1119.05
580.95,-449.21,1173.02
528.57,-274.60,1049.21
566.67,-203.17,996.83
553.97,30.16,896.83
503.17,77.78,836.51
403.17,277.78,842.86
352.38,339.68,787.30
234.92,412.70,915.87
226.98,380.95,790.48
174.60,379.36,871.43
46.03,453.97,888.89
31.75,358.73,993.65
-22.22,276.19,920.64
-150.79,273.02,1039.68
-152.38,150.79,993.65
-207.94,55.56,1047.62
-77.78,-147.62,1017.46
-,-,-
-53.97,184.13,1068.25
-173.02,301.59,1044.44
-274.60,285.71,1047.62
-74.60,123.81,1139.68
53.97,-100.00,1198.41
238.10,-322.22,1100.00
309.52,-407.94,1047.62
453.97,-374.60,988.89
561.90,-298.41,944.44
738.10,-207.94,896.83
436.51,-150.79,890.48
514.29,96.83,895.24
331.75,185.71,885.71
357.14,196.83,760.32
174.60,403.17,942.86
157.14,379.36,822.22
85.71,385.71,942.86
23.81,411.11,861.90
-17.46,336.51,939.68
-131.75,306.35,985.71
-146.03,274.60,1041.27
-149.21,153.97,1061.90
-201.59,107.94,1046.03
-93.65,-130.16,1046.03
-,-,-
-77.78,150.79,1038.10
-252.38,580.95,1114.29
-304.76,236.51,1019.05
-203.17,131.75,1112.70
53.97,-330.16,1095.24
430.16,-485.71,1169.84
634.92,-709.52,1023.81
607.94,-633.33,888.89
712.70,-509.52,919.05
611.11,-206.35,817.46
592.06,-179.36,769.84
504.76,174.60,809.52
411.11,279.36,809.52
434.92,361.90,865.08
257.14,380.95,885.71
333.33,439.68,895.24
126.98,336.51,920.64
130.16,457.14,922.22
28.57,304.76,1012.70
6.35,415.87,1023.81
-53.97,377.78,1088.89
-106.35,230.16,993.65
-130.16,153.97,995.24
-23.81,-173.02,1017.46
-,-,-
-50.79,125.40,1041.27
-173.02,306.35,992.06
-280.95,276.19,973.02
-203.17,153.97,1042.86
-155.56,-22.22,1115.87
261.90,-122.22,1169.84
633.33,-382.54,1196.83
565.08,-400.00,987.30
539.68,-350.79,861.90
639.68,-352.38,917.46
534.92,-195.24,834.92
609.52,130.16,936.51
403.17,100.00,736.51
482.54,309.52,866.67
282.54,357.14,887.30
182.54,453.97,842.86
131.75,514.29,865.08
0.00,465.08,892.06
-23.81,426.98,887.30
-96.83,411.11,988.89
-101.59,357.14,992.06
-131.75,333.33,1071.43
-155.56,204.76,1012.70
-103.17,-1.59,1017.46
-,-,-
-74.60,233.33,1065.08
-255.56,363.49,920.64
-273.02,201.59,971.43
-206.35,-179.36,1015.87
96.83,-406.35,1115.87
328.57,-447.62,1196.83
441.27,-382.54,1096.83
514.29,-353.97,1014.29
592.06,-250.79,971.43
679.36,-273.02,812.70
615.87,-71.43,811.11
452.38,96.83,782.54
361.90,177.78,793.65
260.32,314.29,914.29
274.60,311.11,858.73
157.14,380.95,966.67
203.17,384.13,895.24
84.13,338.10,911.11
-46.03,353.97,868.25
-79.36,385.71,946.03
-104.76,363.49,992.06
-47.62,312.70,988.89
-150.79,233.33,1042.86
-146.03,160.32,1023.81
-26.98,-174.60,1046.03
-,-,-
-1.59,123.81,987.30
-44.44,363.49,920.64
-201.59,538.10,912.70
-252.38,439.68,868.25
-231.75,485.71,1125.40
147.62,-153.97,1295.24
336.51,-353.97,1222.22
485.71,-680.95,1114.29
428.57,-600.00,1063.49
530.16,-552.38,960.32
685.71,-487.30,920.64
628.57,-257.14,868.25
538.10,-153.97,765.08
504.76,185.71,838.10
384.13,304.76,809.52
353.97,479.36,885.71
200.00,612.70,938.10
131.75,555.56,892.06
101.59,411.11,885.71
25.40,363.49,920.64
-98.41,458.73,963.49
-104.76,461.90,988.89
-122.22,261.90,963.49
-150.79,198.41,1015.87
-125.40,-107.94,968.25
-,-,-
-20.64,152.38,1061.90
-73.02,333.33,966.67
-55.56,388.89,869.84
-147.62,430.16,968.25
-173.02,279.36,988.89
-50.79,50.79,1087.30
-23.81,-244.44,1125.40
184.13,-309.52,1242.86
260.32,-428.57,1174.60
455.56,-633.33,990.48
511.11,-688.89,969.84
538.10,-501.59,890.48
566.67,-149.21,919.05
461.90,47.62,839.68
307.94,249.21,757.14
304.76,363.49,844.44
258.73,353.97,888.89
234.92,415.87,861.90
79.36,538.10,1017.46
31.75,538.10,947.62
-20.64,409.52,942.86
-53.97,434.92,917.46
-104.76,334.92,966.67
-126.98,184.13,965.08
-104.76,47.62,1087.30
-,-,-
1.59,152.38,993.65
-22.22,304.76,969.84
-77.78,465.08,944.44
-95.24,401.59,1012.70
3.17,260.32,1120.63
77.78,-19.05,1166.67
179.36,-149.21,1217.46
258.73,-433.33,1117.46
330.16,-482.54,1044.44
355.56,-530.16,1042.86
360.32,-512.70,946.03
365.08,-425.40,868.25
434.92,-403.17,787.30
506.35,-153.97,863.49
430.16,-50.79,811.11
512.70,173.02,869.84
282.54,357.14,896.83
330.16,287.30,793.65
258.73,588.89,936.51
84.13,539.68,861.90
25.40,611.11,963.49
-71.43,584.13,942.86
-171.43,306.35,942.86
-182.54,303.17,995.24
-122.22,103.17,1061.90
-,-,-
0.00,352.38,1041.27
-46.03,615.87,1015.87
-74.60,580.95,1011.11
-171.43,304.76,944.44
-23.81,-26.98,1096.83
176.19,-434.92,1141.27
326.98,-609.52,1096.83
414.29,-736.51,1039.68
479.36,-712.70,993.65
431.75,-536.51,869.84
568.25,-401.59,866.67
538.10,-201.59,858.73
484.13,-146.03,784.13
385.71,130.16,795.24
234.92,153.97,792.06
226.98,304.76,819.05
109.52,531.75,1025.40
82.54,411.11,963.49
106.35,428.57,1019.05
-3.17,388.89,971.43
-49.21,198.41,942.86
-95.24,204.76,990.48
-180.95,174.60,1019.05
-149.21,-77.78,1025.40
-,-,-
-23.81,301.59,1039.68
-93.65,406.35,939.68
-55.56,436.51,996.83
-25.40,153.97,1195.24
-74.60,71.43,1249.21
6.35,-247.62,1203.17
180.95,-379.36,1061.90
365.08,-738.10,917.46
609.52,-760.32,965.08
615.87,-615.87,969.84
563.49,-304.76,936.51
380.95,-76.19,839.68
328.57,198.41,820.64
257.14,306.35,858.73
285.71,234.92,790.48
180.95,533.33,966.67
101.59,363.49,860.32
149.21,477.78,985.71
46.03,352.38,909.52
33.33,334.92,936.51
-55.56,330.16,966.67
-125.40,300.00,963.49
-103.17,207.94,1012.70
-149.21,30.16,1012.70
-,-,-
47.62,85.71,1012.70
28.57,231.75,917.46
-28.57,331.75,942.86
-22.22,452.38,1093.65
-46.03,177.78,1023.81
-52.38,77.78,1101.59
-80.95,-117.46,1117.46
-98.41,-195.24,1088.89
134.92,-539.68,1022.22
380.95,-553.97,1012.70
482.54,-611.11,971.43
533.33,-523.81,895.24
480.95,-380.95,847.62
465.08,-200.00,815.87
453.97,73.02,920.64
406.35,73.02,788.89
387.30,350.79,917.46
260.32,287.30,787.30
309.52,504.76,920.64
160.32,411.11,842.86
179.36,365.08,819.05
73.02,615.87,939.68
-122.22,453.97,922.22
-180.95,487.30,1015.87
-257.14,284.13,1092.06
-182.54,57.14,1068.25
-,-,-
30.16,249.21,1044.44
-23.81,377.78,961.90
-50.79,409.52,993.65
-23.81,357.14,1068.25
-41.27,184.13,1100.00
28.57,6.35,1144.44
100.00,-300.00,1120.63
228.57,-498.41,1095.24
355.56,-730.16,973.02
409.52,-761.90,961.90
517.46,-531.75,961.90
503.17,-423.81,841.27
479.36,-98.41,842.86
382.54,0.00,790.48
487.30,98.41,807.94
334.92,306.35,911.11
300.00,261.90,844.44
234.92,528.57,1046.03
150.79,463.49,942.86
152.38,361.90,914.29
-1.59,426.98,919.05
-73.02,330.16,865.08
-93.65,257.14,922.22
-222.22,250.79,922.22
-196.83,152.38,973.02
-130.16,-77.78,995.24
-,-,-
-76.19,276.19,1022.22
-180.95,487.30,1022.22
-107.94,384.13,1011.11
-101.59,331.75,1049.21
20.64,73.02,1022.22
201.59,-120.64,1144.44
385.71,-501.59,1119.05
503.17,-601.59,1114.29
606.35,-660.32,1087.30
531.75,-626.98,944.44
511.11,-384.13,914.29
433.33,-271.43,834.92
484.13,-104.76,763.49
463.49,47.62,844.44
453.97,128.57,766.67
409.52,306.35,861.90
334.92,411.11,814.29
225.40,439.68,911.11
225.40,485.71,809.52
133.33,463.49,936.51
25.40,479.36,869.84
-30.16,434.92,969.84
-79.36,541.27,965.08
-149.21,330.16,958.73
-157.14,231.75,963.49
-,-,-
-52.38,301.59,1065.08
-201.59,411.11,969.84
-182.54,539.68,1046.03
-74.60,277.78,1047.62
126.98,130.16,1100.00
307.94,-228.57,1046.03
477.78,-504.76,1039.68
592.06,-685.71,1012.70
561.90,-636.51,1022.22
515.87,-453.97,949.21
484.13,-326.98,890.48
504.76,-201.59,734.92
587.30,104.76,882.54
511.11,174.60,819.05
541.27,387.30,917.46
461.90,426.98,896.83
365.08,511.11,871.43
287.30,606.35,890.48
160.32,580.95,909.52
103.17,590.48,868.25
-44.44,480.95,896.83
-74.60,504.76,885.71
-155.56,353.97,915.87
-122.22,126.98,915.87
-176.19,-79.36,969.84
-,-,-
28.57,153.97,1120.63
-50.79,300.00,960.32
-147.62,458.73,974.60
-104.76,353.97,995.24
-120.64,79.36,1047.62
-73.02,53.97,1250.79
307.94,-382.54,1195.24
382.54,-704.76,985.71
607.94,-733.33,971.43
660.32,-760.32,909.52
684.13,-614.29,860.32
682.54,-309.52,915.87
466.67,-47.62,793.65
503.17,25.40,790.48
512.70,353.97,922.22
407.94,326.98,812.70
414.29,480.95,868.25
226.98,580.95,819.05
122.22,534.92,833.33
50.79,606.35,895.24
-49.21,536.51,934.92
-96.83,485.71,944.44
-147.62,303.17,946.03
-128.57,149.21,995.24
-77.78,-20.64,1015.87
28.57,-279.36,947.62
