-,-,-
-3690.1,-3691.8,-3687.9
-3216.7,-3291.6,-3123.8
-2776.0,-2903.3,-2577.5
-2338.7,-2504.4,-2015.1
-1897.1,-2100.8,-1445.0
-1454.4,-1703.7,-877.4
-992.3,-1300.6,-299.5
-520.0,-905.0,272.6
-40.7,-527.6,825.3
227.1,-350.8,1097.0
285.2,-374.9,1102.3
370.9,-399.8,1092.6
461.6,-430.6,1091.7
550.2,-459.1,1071.2
632.7,-478.6,1057.1
705.8,-487.5,1021.6
777.2,-475.3,993.6
842.5,-440.3,948.0
895.2,-385.8,914.0
934.7,-312.4,857.5
958.0,-220.1,801.3
959.9,-108.5,724.1
932.3,15.1,661.9
887.3,140.6,593.6
842.9,257.9,552.6
797.6,367.3,518.8
745.4,473.3,516.6
683.3,579.2,514.0
614.3,683.1,542.1
540.0,782.3,571.4
478.0,861.8,615.4
431.2,931.4,643.0
377.2,1002.7,685.4
303.5,1076.6,719.2
210.2,1146.1,765.3
110.0,1201.1,795.6
12.4,1238.7,835.4
-70.6,1252.3,854.2
-133.1,1246.6,880.4
-178.7,1227.7,890.0
-211.7,1196.9,911.7
-233.9,1152.3,919.6
-246.0,1098.8,932.4
-244.6,1041.1,928.0
-235.3,981.9,930.1
-216.7,920.9,915.4
-201.7,864.1,916.7
-197.6,810.6,911.7
-196.3,756.9,928.0
-188.8,701.3,937.7
-170.3,635.8,960.4
-144.7,558.6,968.6
-116.2,471.6,993.9
-87.2,378.8,1012.0
-55.4,282.7,1042.6
-20.2,186.8,1060.9
14.1,93.6,1093.4
36.0, 4.9,1111.4
45.3,-78.4,1134.9
53.0,-153.6,1142.1
70.7,-229.6,1153.3
101.0,-303.5,1146.1
139.5,-374.9,1143.4
177.2,-437.4,1125.1
208.5,-486.7,1114.6
228.8,-522.2,1091.1
243.1,-539.3,1087.9
246.4,-543.8,1075.7
245.8,-539.5,1070.3
252.0,-535.5,1047.1
267.4,-532.6,1031.0
283.2,-524.8,1010.1
293.6,-508.9,1007.1
303.6,-488.8,996.9
317.3,-463.5,997.2
332.3,-438.5,986.7
347.1,-410.5,993.6
350.4,-375.1,990.4
339.1,-330.6,991.6
322.7,-284.5,974.8
318.6,-244.1,971.5
330.2,-211.1,961.9
350.7,-183.1,963.0
374.2,-158.2,948.0
398.2,-134.4,939.1
420.0,-105.6,925.2
428.5,-66.5,937.5
429.0,-21.7,952.8
422.1,31.7,976.2
402.8,86.5,973.5
-,-,-
-3690.4,-3692.2,-3687.9
-3263.3,-3346.7,-3176.0
-2796.5,-2977.9,-2619.8
-2324.8,-2607.4,-2065.3
-1856.4,-2237.9,-1507.0
-1373.9,-1860.9,-937.1
-889.5,-1491.3,-370.5
-390.3,-1115.4,195.4
117.9,-740.6,756.5
434.6,-524.6,1063.0
492.1,-510.5,1069.9
551.0,-482.0,1047.8
603.9,-441.8,1043.3
643.1,-385.8,1001.6
667.2,-310.2,980.2
677.3,-225.8,928.7
682.1,-133.5,902.5
678.3,-41.0,847.3
673.1,48.0,807.8
667.4,130.1,740.0
662.4,210.9,702.3
659.3,287.5,650.2
655.8,359.8,631.7
646.4,433.3,602.6
624.6,512.8,610.1
587.9,592.2,603.1
544.0,673.3,626.6
494.2,757.0,634.5
434.3,839.1,667.9
358.9,918.8,682.1
272.1,994.3,719.9
178.7,1063.2,736.1
90.5,1116.3,770.6
12.8,1151.7,785.1
-53.7,1175.8,824.2
-116.9,1186.8,843.7
-176.9,1186.2,882.5
-226.3,1168.8,894.0
-259.7,1137.4,920.2
-278.6,1093.0,918.6
-291.3,1041.6,932.3
-306.1,993.3,916.5
-322.4,949.5,916.7
-338.1,907.7,895.4
-344.1,864.8,901.1
-344.6,816.5,894.6
-340.0,760.8,917.8
-323.5,690.1,922.9
-296.7,608.6,946.8
-260.7,517.7,950.5
-222.7,422.8,975.9
-187.2,325.6,984.2
-157.5,230.0,1017.7
-131.5,141.4,1035.0
-96.2,51.1,1075.3
-53.3,-41.7,1094.2
-4.9,-133.8,1133.3
47.7,-225.6,1145.9
107.1,-316.6,1170.0
163.6,-398.7,1160.9
209.0,-465.8,1164.2
230.8,-510.7,1147.1
229.8,-535.0,1152.1
223.1,-549.6,1131.1
224.8,-559.2,1124.6
235.4,-563.2,1096.7
254.3,-560.8,1100.0
283.4,-557.3,1094.3
317.7,-551.0,1120.7
355.4,-540.7,1124.6
394.4,-531.4,1130.8
419.3,-515.6,1110.3
414.3,-484.0,1107.5
391.6,-441.0,1079.2
367.7,-399.5,1057.8
351.6,-363.2,1009.1
346.0,-329.6,982.5
354.4,-304.2,946.3
376.8,-282.9,944.8
410.2,-258.9,929.2
443.1,-227.1,930.1
466.5,-186.3,911.8
472.0,-133.3,925.7
452.6,-68.8,930.9
415.5,-0.5,952.1
376.2,63.5,941.4
346.2,118.1,936.0
322.3,166.3,906.8
302.1,211.4,898.3
284.6,252.3,875.8
-,-,-
-3690.7,-3692.2,-3688.2
-3250.9,-3319.1,-3153.5
-2801.7,-2941.1,-2591.6
-2355.1,-2564.0,-2048.2
-1896.8,-2178.0,-1468.9
-1431.1,-1793.4,-904.6
-959.0,-1418.7,-331.1
-463.2,-1044.8,227.8
46.7,-674.2,799.8
341.2,-488.0,1076.9
415.2,-479.6,1108.7
487.5,-462.2,1095.4
551.5,-434.8,1110.8
611.0,-395.8,1078.6
661.0,-342.9,1077.7
689.1,-274.9,1034.2
700.4,-195.1,1026.5
700.3,-108.6,976.1
697.4,-24.8,956.3
689.5,51.6,889.8
687.0,119.4,855.5
690.3,185.9,786.9
688.5,256.1,763.0
677.1,334.9,717.9
655.4,422.5,722.4
618.3,514.3,697.5
575.8,601.6,708.2
531.2,681.3,683.1
483.9,756.5,696.0
420.6,829.8,679.0
344.6,900.4,701.7
264.1,961.0,691.6
186.3,1006.9,716.5
112.2,1042.4,714.5
41.4,1070.3,757.0
-25.7,1091.7,769.1
-92.5,1105.3,815.5
-154.1,1111.2,825.3
-206.7,1104.6,865.0
-247.3,1082.3,862.8
-277.8,1048.5,887.5
-307.8,1008.6,871.9
-335.1,972.6,887.3
-354.7,941.7,867.4
-369.3,912.8,881.7
-381.0,881.3,862.9
-392.0,844.0,877.5
-407.3,803.1,863.8
-416.4,761.4,894.2
-405.4,712.1,894.3
-368.9,652.8,923.5
-324.0,581.2,915.9
-282.8,504.6,949.5
-246.5,423.2,957.6
-203.4,334.7,1003.7
-149.3,241.3,1010.8
-82.0,143.7,1041.9
-17.5,45.9,1034.1
39.4,-49.9,1069.7
86.9,-139.9,1084.1
129.9,-222.5,1136.5
161.4,-295.6,1148.2
184.2,-355.2,1177.9
199.0,-399.5,1165.4
203.7,-427.8,1179.0
200.1,-446.2,1153.9
197.5,-459.5,1155.3
204.4,-475.1,1115.9
215.1,-489.7,1102.1
233.0,-501.1,1055.0
256.9,-506.9,1054.2
275.0,-506.7,1036.0
291.7,-499.1,1066.2
305.5,-484.0,1073.9
318.3,-464.8,1110.7
330.3,-439.4,1102.6
344.4,-415.7,1115.6
364.5,-395.5,1089.9
388.7,-378.5,1087.1
416.5,-360.5,1046.5
439.6,-340.3,1031.5
454.3,-318.1,981.2
456.9,-287.1,965.9
443.3,-243.7,926.2
414.4,-185.2,927.5
372.9,-113.7,899.5
321.8,-33.5,903.3
272.0,43.1,876.5
238.0,107.4,882.1
219.3,161.7,851.6
213.6,203.7,846.2
215.9,238.2,811.3
216.6,267.9,818.7
210.1,294.5,798.7
-,-,-
-3690.9,-3691.7,-3688.8
-3265.4,-3300.4,-3142.6
-2827.9,-2908.2,-2583.1
-2387.3,-2516.5,-2027.3
-1950.9,-2131.5,-1477.0
-1498.6,-1744.0,-923.6
-1037.6,-1363.3,-366.7
-574.4,-993.1,173.6
-92.2,-622.6,728.0
187.7,-454.9,1009.5
253.4,-480.3,1000.1
318.7,-501.2,1014.6
386.3,-513.3,1009.7
454.5,-515.9,1018.7
517.1,-502.6,999.9
571.9,-466.3,998.7
606.6,-405.8,981.3
618.2,-323.6,982.3
617.7,-225.7,962.3
615.5,-126.8,950.7
617.2,-35.6,910.3
620.8,45.5,885.4
619.7,122.5,847.5
614.3,195.9,831.7
604.4,267.6,798.0
589.9,338.1,779.4
566.1,410.0,742.4
527.2,482.2,721.6
472.3,559.7,686.2
404.0,641.4,675.9
321.9,729.5,658.4
230.3,820.0,667.4
134.4,899.8,667.4
48.6,961.0,692.7
-27.3,1008.1,715.9
-91.5,1041.3,757.7
-148.1,1068.4,784.0
-206.1,1090.7,824.9
-264.0,1103.6,849.7
-315.4,1102.6,888.7
-353.3,1086.6,912.7
-377.9,1058.8,950.2
-392.6,1023.5,960.6
-399.0,982.8,972.4
-399.5,934.3,964.4
-392.3,879.8,972.6
-380.2,819.1,972.3
-360.2,752.5,986.1
-334.3,678.6,978.6
-308.6,602.2,977.0
-284.3,525.4,963.0
-261.7,453.2,973.8
-242.6,379.0,984.7
-219.3,300.7,1016.7
-193.1,219.5,1025.9
-160.0,135.8,1038.3
-124.9,55.0,1035.1
-91.2,-16.7,1050.7
-60.1,-79.4,1061.6
-29.4,-140.9,1092.9
 4.0,-204.8,1106.4
37.6,-263.9,1114.7
67.3,-318.4,1097.9
98.8,-370.4,1092.2
126.7,-415.7,1083.0
155.9,-453.8,1097.6
190.7,-490.2,1109.1
225.7,-521.3,1128.4
259.1,-544.5,1119.7
292.3,-560.1,1111.0
323.4,-570.1,1089.7
348.7,-570.3,1083.7
366.2,-560.2,1071.5
375.4,-537.5,1065.7
376.3,-506.2,1040.0
370.5,-467.4,1017.8
362.1,-428.5,980.8
354.2,-385.1,960.2
345.9,-340.3,937.7
338.4,-296.2,938.0
332.7,-252.3,930.2
331.8,-213.1,930.9
335.0,-179.9,914.6
345.6,-151.5,907.5
356.4,-118.6,892.8
359.6,-81.2,898.4
354.9,-39.4,899.4
344.6, 6.5,913.5
326.7,54.8,913.3
305.7,100.5,916.8
283.1,145.6,902.2
256.8,191.8,895.1
223.4,236.9,874.7
-,-,-
-3690.9,-3692.3,-3687.8
-3277.5,-3349.3,-3171.9
-2832.1,-3000.2,-2645.1
-2367.1,-2648.3,-2097.2
-1897.7,-2296.0,-1545.4
-1434.2,-1947.5,-981.7
-959.4,-1590.1,-404.4
-474.3,-1228.2,180.6
16.2,-872.3,736.8
338.5,-668.6,1053.7
412.4,-658.0,1074.4
473.1,-626.3,1071.9
524.1,-576.1,1076.7
567.2,-503.2,1051.5
595.6,-415.8,1031.2
610.4,-321.3,984.0
613.8,-219.6,956.1
603.5,-112.4,913.5
583.9,-8.8,885.0
568.0,80.4,835.2
566.7,156.0,805.9
568.3,217.0,758.8
573.4,274.5,732.9
577.2,338.2,700.4
565.7,409.8,693.1
536.3,486.1,676.6
498.7,563.5,685.1
452.2,643.2,684.1
389.1,721.3,702.4
315.5,796.8,710.5
241.5,861.3,738.8
165.2,911.0,751.1
93.5,944.6,780.5
30.0,966.0,797.9
-23.0,977.5,835.1
-69.1,981.5,861.5
-109.9,979.9,902.1
-148.2,971.9,922.0
-179.6,956.1,950.1
-206.5,927.4,954.7
-227.4,889.3,970.9
-243.6,846.4,964.5
-263.5,804.4,964.7
-288.3,768.1,951.9
-311.2,733.8,954.9
-336.5,695.2,945.6
-353.2,649.8,955.2
-359.5,595.3,950.1
-348.4,534.7,954.4
-326.7,471.4,941.5
-296.4,408.2,948.3
-261.7,343.7,944.7
-233.1,274.3,958.5
-201.2,206.4,970.9
-172.0,138.4,998.3
-154.0,79.6,1014.3
-138.5,31.1,1051.0
-125.9,-10.6,1076.6
-103.6,-58.3,1111.4
-70.9,-117.2,1129.0
-26.0,-181.0,1153.6
25.8,-250.5,1156.6
77.9,-319.3,1165.0
133.8,-384.3,1160.4
184.4,-443.9,1163.1
228.0,-500.7,1146.9
265.4,-547.9,1144.7
285.3,-578.1,1131.7
296.0,-593.1,1122.1
296.2,-593.8,1090.2
291.4,-581.6,1063.0
286.3,-561.3,1022.9
284.7,-536.9,1001.9
286.7,-510.5,982.8
293.4,-483.5,980.4
305.4,-455.5,965.9
320.5,-426.3,964.5
332.0,-390.2,960.2
337.7,-348.1,969.1
339.0,-299.4,959.8
339.4,-247.8,949.9
338.9,-194.8,920.4
337.0,-142.2,899.3
333.6,-89.7,875.3
336.0,-41.0,873.0
342.8, 0.6,869.0
352.2,37.7,878.8
357.8,75.5,880.9
355.0,119.2,899.0
339.3,170.5,908.0
-,-,-
-3690.5,-3692.1,-3688.4
-3273.8,-3345.8,-3177.8
-2805.9,-2982.3,-2605.7
-2320.0,-2626.1,-2061.7
-1828.4,-2277.7,-1502.8
-1322.2,-1921.5,-958.4
-820.3,-1565.6,-394.2
-306.9,-1194.4,153.0
208.5,-809.6,722.8
528.7,-572.5,1023.8
584.9,-527.1,1007.2
621.6,-456.8,979.2
643.2,-370.1,950.9
651.3,-272.9,909.4
651.1,-163.2,867.6
642.7,-46.8,816.7
625.9,70.2,775.1
607.5,178.5,729.7
588.1,279.7,695.8
567.1,373.9,663.7
542.8,461.2,648.3
517.7,541.7,636.9
484.8,623.1,642.5
441.5,700.4,645.1
392.4,771.5,660.0
339.4,833.8,676.4
279.1,889.1,710.3
215.6,934.5,738.4
149.1,968.7,772.5
78.9,996.5,797.0
 8.7,1013.7,828.5
-52.6,1017.6,849.4
-104.6,1008.9,875.1
-148.1,992.9,886.9
-187.1,968.9,894.8
-220.7,941.9,888.3
-249.0,912.8,893.1
-273.0,881.1,896.3
-292.4,847.2,910.8
-309.3,813.1,915.3
-318.4,778.2,923.6
-322.3,739.7,912.9
-315.3,699.7,913.2
-300.3,658.2,909.5
-282.1,611.5,920.3
-263.0,559.5,921.7
-244.2,500.2,928.4
-223.8,438.3,922.1
-200.7,372.5,923.8
-193.5,311.1,924.1
-188.7,258.9,957.5
-184.8,209.2,992.3
-176.8,155.6,1033.4
-161.7,99.3,1055.9
-141.7,38.7,1080.8
-109.1,-24.9,1095.9
-68.4,-96.0,1120.1
-22.2,-174.4,1132.4
37.8,-259.3,1146.3
86.6,-346.2,1132.2
122.4,-416.7,1128.5
141.2,-471.5,1113.8
158.0,-511.7,1110.5
176.4,-541.6,1094.9
194.4,-563.6,1089.9
218.3,-576.9,1083.0
238.8,-577.0,1091.6
254.3,-565.4,1092.5
270.0,-545.1,1101.2
285.7,-519.6,1091.1
302.4,-488.2,1085.9
315.1,-453.4,1067.9
324.9,-415.4,1059.3
332.9,-374.9,1038.9
344.7,-337.8,1029.9
364.8,-308.4,1014.4
394.3,-284.6,1012.2
430.6,-268.0,1000.2
464.3,-247.9,1003.8
480.8,-216.9,991.7
480.7,-175.5,986.1
463.2,-126.8,965.6
429.1,-72.7,956.9
385.7,-16.2,926.3
337.2,38.7,898.2
292.2,91.9,860.4
260.0,139.8,844.6
241.2,181.3,825.5
-,-,-
-3690.8,-3692.0,-3688.8
-3259.4,-3308.6,-3145.7
-2836.0,-2930.7,-2610.1
-2405.5,-2541.0,-2052.7
-1966.6,-2148.9,-1491.5
-1528.7,-1764.5,-939.4
-1071.7,-1372.8,-381.7
-610.8,-981.7,171.3
-154.9,-595.2,712.2
97.5,-384.0,1004.7
128.1,-367.9,999.1
164.4,-350.4,1019.4
198.9,-338.2,1001.4
238.7,-329.2,1007.9
275.6,-323.3,981.6
311.4,-316.0,984.2
351.5,-303.4,958.5
391.5,-286.9,958.5
426.3,-264.8,924.2
455.1,-232.9,917.4
480.2,-191.0,883.2
493.7,-141.2,875.4
498.9,-82.2,846.1
501.1,-20.8,846.5
502.3,36.5,821.4
507.1,87.4,821.1
516.5,133.9,794.6
527.5,179.3,787.4
532.4,225.1,749.0
531.5,275.3,736.6
517.9,332.9,705.2
493.3,393.9,704.9
459.1,459.6,689.0
415.0,523.6,704.1
367.7,582.8,698.6
324.4,635.8,723.9
289.4,679.6,735.4
260.0,716.3,776.8
229.3,747.9,792.7
199.2,777.3,829.6
164.4,806.7,838.9
120.9,838.8,863.0
70.0,876.0,861.7
 7.4,912.9,879.7
-63.2,945.9,871.2
-135.3,971.0,881.0
-199.4,985.3,868.2
-258.8,991.4,876.7
-315.6,988.0,860.5
-365.4,978.5,865.7
-409.2,962.7,848.9
-440.7,942.2,855.3
-452.7,915.3,844.1
-447.2,878.3,856.1
-426.1,830.8,850.9
-395.2,770.5,867.0
-354.6,699.9,862.1
-304.7,621.4,884.0
-252.6,534.0,890.3
-202.2,443.1,925.5
-161.8,352.2,950.4
-134.3,270.0,1000.1
-119.7,195.7,1029.8
-107.0,126.8,1076.4
-87.1,58.0,1106.5
-65.5,-14.1,1152.8
-33.1,-87.7,1172.5
 6.4,-161.4,1202.4
44.9,-233.2,1201.9
80.8,-297.1,1224.0
111.8,-352.9,1241.2
142.4,-401.7,1278.5
173.7,-444.1,1271.0
212.7,-481.4,1257.8
248.5,-510.0,1213.3
273.1,-523.1,1193.9
289.9,-524.4,1166.8
306.1,-517.9,1166.0
328.3,-512.5,1143.2
355.1,-508.0,1134.1
377.5,-498.0,1109.5
397.8,-487.2,1106.4
423.7,-479.7,1089.9
450.3,-468.8,1094.2
473.1,-451.6,1072.6
489.3,-428.2,1055.1
493.1,-397.2,1009.9
489.7,-358.7,978.8
485.4,-317.2,930.2
474.4,-273.4,913.6
449.3,-217.3,897.3
416.7,-155.3,902.7
396.3,-100.0,890.4
-,-,-
-3691.4,-3691.8,-3688.6
-3312.5,-3323.1,-3193.7
-2912.1,-2940.3,-2650.6
-2520.3,-2565.0,-2139.5
-2121.6,-2186.7,-1570.9
-1710.0,-1814.0,-1013.8
-1289.2,-1455.5,-428.9
-848.6,-1101.8,133.6
-395.3,-755.0,720.3
-116.8,-586.5,1029.8
-51.9,-627.5,1065.6
14.8,-658.4,1084.0
85.1,-678.6,1121.5
149.7,-682.5,1125.3
199.8,-671.8,1142.0
247.0,-647.0,1130.3
291.1,-610.6,1135.6
332.0,-565.7,1114.0
368.8,-514.7,1110.9
397.9,-459.9,1079.2
421.6,-402.7,1060.2
447.2,-350.4,1011.3
483.0,-302.5,984.1
516.9,-251.4,944.7
547.4,-193.9,934.8
576.3,-133.1,908.3
598.2,-66.9,912.9
608.9, 5.8,899.0
617.3,80.1,904.1
619.5,153.0,877.6
615.7,221.9,861.1
606.8,284.9,815.1
592.7,345.7,787.4
569.1,408.9,755.0
536.0,475.4,760.6
503.4,537.4,751.2
478.7,584.3,765.9
460.5,619.0,758.9
447.1,646.7,774.5
428.0,677.9,764.9
397.6,711.8,777.5
353.5,748.4,763.6
299.9,783.1,766.9
244.5,813.1,746.4
190.2,842.2,754.1
133.0,874.6,751.3
71.7,908.4,781.3
 2.6,940.1,801.4
-58.8,963.7,849.8
-102.9,972.8,870.1
-135.9,969.7,903.8
-161.3,956.8,908.8
-187.1,941.1,931.0
-216.4,925.8,929.3
-243.2,913.7,950.8
-259.8,900.2,941.9
-269.5,881.2,946.3
-283.3,853.8,924.5
-296.7,818.4,927.7
-306.5,774.0,905.4
-301.6,721.1,908.2
-277.2,659.5,893.2
-238.3,589.0,902.9
-209.3,510.7,894.1
-190.8,432.1,922.9
-176.0,356.2,938.7
-157.9,285.5,982.5
-129.2,219.7,1009.9
-90.2,154.0,1068.2
-50.7,83.7,1106.9
-18.0,13.0,1168.5
14.0,-58.4,1200.6
51.3,-128.5,1240.2
86.1,-197.8,1238.8
118.4,-261.4,1255.6
133.7,-316.4,1241.8
136.5,-356.3,1244.2
137.4,-387.2,1215.2
141.3,-411.9,1209.8
156.2,-433.2,1179.5
182.5,-452.4,1174.2
212.5,-467.5,1144.0
237.2,-477.4,1132.9
259.0,-485.3,1097.2
276.2,-492.4,1089.4
283.9,-493.0,1064.0
284.0,-480.8,1059.4
291.4,-466.8,1018.3
311.0,-453.1,1001.5
334.0,-434.8,966.5
355.6,-408.3,971.2
372.5,-377.8,956.9
380.6,-342.2,963.9
384.6,-309.1,934.9
391.4,-282.5,923.0
391.0,-250.8,886.8
368.4,-199.2,884.7
331.0,-134.8,861.1
295.3,-65.7,863.4
-,-,-
-,-,-
-3691.2,-3691.8,-3688.0
-3303.3,-3324.0,-3162.8
-2874.1,-2929.9,-2571.3
-2443.6,-2549.9,-2034.9
-1999.4,-2166.8,-1471.5
-1563.4,-1789.7,-955.3
-1123.8,-1401.2,-397.4
-687.2,-1006.0,142.3
-256.6,-609.1,720.4
10.1,-362.8,1058.3
39.4,-350.5,1089.8
68.9,-332.0,1102.1
102.7,-311.6,1145.5
151.3,-290.6,1150.9
214.6,-275.2,1167.2
291.4,-265.8,1132.6
372.1,-260.1,1105.9
449.0,-251.8,1035.0
509.4,-233.7,983.4
546.9,-198.2,907.7
572.1,-144.2,873.2
582.0,-75.9,826.9
574.9, 0.3,826.9
555.4,79.6,810.9
536.9,156.6,826.4
529.3,225.9,806.1
536.0,286.9,803.6
547.6,343.1,768.8
556.2,400.3,764.6
547.4,457.0,742.3
521.9,513.1,756.8
493.6,567.5,748.9
460.6,618.1,772.0
414.0,664.2,763.6
360.0,706.3,783.6
304.3,741.8,774.6
255.3,766.3,792.0
212.9,783.2,774.9
177.7,799.4,783.7
141.9,815.0,768.4
102.6,832.9,791.4
62.9,853.3,796.1
22.3,874.2,837.9
-17.8,890.8,856.0
-56.8,902.4,900.7
-93.6,906.1,911.9
-118.3,896.7,947.3
-132.6,875.8,948.2
-141.6,849.4,962.9
-149.5,822.2,933.8
-160.5,798.3,925.2
-180.0,776.9,887.8
-208.7,755.3,885.1
-245.2,729.4,858.4
-282.4,701.0,863.1
-313.1,667.4,841.5
-330.9,626.1,857.1
-331.7,578.5,855.8
-314.6,518.9,896.5
-285.6,450.2,922.0
-251.5,370.8,981.3
-210.2,285.0,1012.2
-157.4,190.3,1072.9
-99.9,93.4,1108.8
-50.9, 1.4,1171.3
-11.5,-80.7,1201.8
13.3,-153.3,1253.3
24.4,-217.5,1261.8
37.2,-276.8,1279.4
55.2,-329.3,1259.1
73.1,-375.1,1263.9
87.3,-413.4,1232.2
97.8,-444.9,1222.4
105.9,-468.4,1186.9
109.8,-482.6,1188.4
120.5,-491.3,1165.4
144.3,-503.2,1172.8
176.2,-513.7,1151.7
204.0,-517.4,1159.4
224.2,-513.1,1138.7
245.3,-503.9,1144.1
271.1,-494.7,1112.6
303.9,-487.6,1100.5
341.4,-485.4,1051.1
377.4,-476.9,1034.1
403.5,-455.3,991.4
419.1,-424.6,979.8
431.4,-387.3,936.9
439.0,-347.5,929.4
438.7,-307.4,899.5
436.9,-271.4,900.8
438.3,-234.1,874.1
439.9,-190.3,880.4
429.9,-138.6,859.0
413.4,-79.0,878.1
393.7,-11.0,876.4
-,-,-
-3691.1,-3692.0,-3688.0
-3261.0,-3306.5,-3151.3
-2840.5,-2926.1,-2616.1
-2416.4,-2529.9,-2083.3
-1993.1,-2130.7,-1523.6
-1579.7,-1738.7,-979.8
-1152.5,-1344.3,-397.5
-714.9,-961.0,171.7
-278.4,-594.1,748.3
-29.1,-420.7,1035.9
24.1,-443.3,1081.9
84.9,-471.3,1072.0
143.7,-492.0,1096.5
200.2,-497.0,1076.4
253.8,-485.6,1100.6
300.2,-459.8,1080.9
346.6,-421.3,1100.4
391.7,-376.9,1079.1
426.8,-328.4,1107.0
459.8,-280.3,1094.9
493.7,-233.4,1115.5
533.6,-197.0,1073.8
579.4,-164.5,1048.2
620.9,-132.5,966.3
651.2,-92.1,932.2
664.3,-36.7,874.3
657.4,30.9,868.6
638.0,99.0,822.3
622.9,155.7,817.5
618.0,201.5,781.0
620.6,242.9,797.4
621.2,283.0,779.0
619.2,329.6,795.6
611.6,377.8,766.0
605.5,422.6,763.8
596.0,466.3,719.1
569.3,517.6,718.0
531.1,574.5,684.9
483.5,633.7,694.5
430.8,689.6,674.4
382.3,740.8,708.5
334.7,787.4,711.8
284.3,829.2,756.2
234.5,867.9,771.8
188.7,902.5,827.5
145.2,932.9,841.4
105.9,957.7,885.4
67.5,975.5,889.2
25.9,988.3,925.8
-15.8,993.8,921.2
-57.4,995.3,950.3
-95.2,993.8,939.9
-129.7,987.7,953.6
-150.2,977.0,926.9
-165.5,964.2,939.6
-183.6,949.8,917.9
-199.1,932.9,928.0
-214.3,907.7,894.7
-219.2,868.6,889.7
-207.7,813.2,846.3
-182.4,744.9,847.0
-148.7,665.5,825.8
-118.2,576.6,843.6
-87.8,482.9,832.9
-59.2,391.4,863.5
-37.5,303.3,868.5
-15.0,220.1,911.7
 7.6,142.2,922.7
25.9,75.1,970.2
35.0,16.8,988.9
37.1,-31.0,1051.0
33.8,-70.0,1087.8
37.1,-108.8,1161.5
50.4,-153.7,1195.2
71.7,-203.3,1253.4
93.4,-254.9,1262.6
112.7,-305.5,1284.0
125.9,-352.3,1251.3
140.8,-397.2,1232.5
160.3,-438.7,1172.4
168.7,-469.1,1148.5
168.0,-485.3,1097.9
171.7,-494.9,1089.7
185.9,-502.5,1058.3
208.4,-508.9,1068.0
233.5,-514.6,1046.3
259.8,-517.5,1057.7
279.4,-514.2,1036.4
294.6,-502.7,1044.8
310.0,-486.0,1017.0
320.9,-468.4,1017.9
323.7,-443.4,981.4
318.2,-409.7,980.1
311.6,-373.4,951.1
311.7,-336.9,958.5
318.2,-301.6,932.5
331.7,-269.8,932.4
348.5,-242.1,893.2
369.8,-214.9,885.9
389.9,-182.5,854.3
397.2,-140.5,864.7
385.3,-88.9,849.0
361.8,-28.7,867.1
331.8,34.5,854.1
-,-,-
-3691.7,-3692.1,-3688.6
-3304.1,-3313.6,-3148.7
-2908.0,-2924.6,-2559.7
-2505.3,-2532.3,-1992.3
-2094.6,-2149.5,-1405.2
-1670.0,-1768.6,-848.5
-1243.7,-1395.9,-268.1
-817.0,-1035.2,267.2
-375.1,-675.4,834.5
-120.5,-506.9,1098.9
-54.9,-531.9,1091.2
 7.5,-555.1,1060.5
64.2,-572.2,1048.4
112.9,-575.5,1031.7
159.2,-562.3,1043.5
205.6,-538.3,1037.3
245.1,-506.6,1042.0
276.5,-465.9,1027.4
305.1,-420.5,1027.4
332.0,-376.7,1003.0
362.8,-336.6,990.6
400.5,-298.5,952.9
449.4,-260.4,928.8
499.0,-216.1,892.9
535.9,-162.6,888.0
559.9,-103.4,876.6
575.0,-43.1,885.2
577.2,17.3,870.3
578.2,73.5,862.9
577.3,118.5,829.9
573.0,158.9,813.0
570.3,193.3,774.9
571.8,228.3,759.2
573.5,269.4,738.7
574.8,315.1,747.1
573.2,358.8,745.3
566.5,395.8,760.5
552.2,432.9,751.1
532.5,470.0,753.3
506.9,507.1,735.8
469.3,547.5,740.2
426.3,583.3,725.9
381.9,615.8,730.8
332.2,649.1,717.3
284.9,680.6,728.4
243.8,712.9,731.5
203.3,745.9,761.8
159.6,778.9,777.2
115.7,807.6,811.8
70.4,833.6,828.1
26.3,858.7,866.7
-15.5,877.8,888.3
-49.7,895.2,925.1
-78.1,908.9,935.4
-100.5,916.3,957.6
-117.0,915.5,959.6
-127.6,905.7,981.6
-128.9,883.1,981.3
-125.6,848.0,989.9
-109.4,807.1,979.8
-83.8,762.2,992.6
-72.7,721.6,985.0
-85.1,684.9,989.8
-121.4,650.0,974.3
-170.1,613.3,972.0
-213.5,568.8,938.0
-231.8,511.0,917.2
-221.4,441.3,880.3
-198.9,356.5,871.2
-156.0,255.8,863.8
-92.0,141.1,903.9
-12.6,23.1,947.5
70.8,-96.8,1017.7
140.4,-205.5,1070.5
188.3,-291.3,1143.1
202.7,-351.4,1188.1
191.2,-391.2,1241.1
166.9,-415.2,1255.5
146.3,-432.7,1270.9
137.3,-449.2,1243.8
145.5,-463.9,1226.8
166.7,-476.8,1188.8
192.2,-489.0,1173.4
210.1,-496.2,1143.2
217.3,-498.4,1138.6
227.0,-498.0,1116.0
239.2,-497.4,1112.1
258.0,-492.5,1090.9
280.1,-486.1,1094.1
306.1,-477.9,1073.1
332.9,-467.0,1067.0
356.8,-456.8,1031.7
391.7,-450.5,1014.8
430.7,-443.9,974.5
462.4,-431.1,959.9
476.5,-406.7,933.0
475.3,-371.7,936.3
470.6,-334.5,920.6
465.5,-301.0,932.5
467.0,-269.5,927.1
475.0,-235.5,937.3
486.5,-194.7,901.8
490.0,-147.1,875.0
478.9,-87.8,834.5
450.6,-15.9,826.8
402.0,64.9,802.0
342.5,153.1,806.3
286.2,232.9,789.5
-,-,-
-3690.9,-3692.0,-3688.3
-3283.9,-3333.1,-3160.7
-2861.1,-2959.4,-2646.1
-2434.5,-2579.6,-2090.9
-2011.1,-2196.7,-1562.0
-1598.1,-1817.0,-1006.4
-1182.5,-1428.0,-467.3
-758.1,-1036.9,106.7
-322.8,-659.0,641.9
-49.0,-449.0,964.8
-4.6,-461.4,971.5
52.9,-473.7,996.5
117.5,-486.6,1008.6
181.4,-499.0,1029.4
252.8,-506.9,1036.4
339.1,-513.9,1055.7
426.1,-511.5,1057.1
506.3,-492.7,1064.7
575.2,-452.1,1053.2
628.3,-396.1,1045.5
666.9,-320.8,1020.5
700.1,-235.9,1005.4
735.2,-153.1,973.9
765.7,-73.0,946.6
788.1, 6.1,898.4
800.4,84.8,863.8
797.9,165.7,824.1
785.7,251.3,810.1
762.0,335.5,790.3
732.8,412.7,781.7
697.1,483.7,759.0
649.9,551.2,746.6
599.5,613.8,722.9
548.0,671.4,717.4
495.1,722.7,709.1
436.6,769.9,719.0
375.3,809.8,717.9
313.3,843.9,736.2
244.8,872.0,743.9
180.2,894.6,766.3
111.5,913.1,775.6
34.4,927.4,798.1
-44.7,938.0,800.4
-113.6,940.5,810.2
-167.2,931.4,807.0
-201.5,913.2,822.1
-224.3,891.4,828.4
-242.7,870.9,852.8
-258.2,854.1,865.3
-271.5,839.3,892.1
-281.4,821.7,905.6
-287.8,798.4,931.0
-287.9,768.4,935.5
-286.3,734.5,942.0
-280.3,693.9,927.7
-265.5,648.3,930.6
-242.3,596.2,927.7
-211.8,535.7,944.3
-181.1,474.0,953.3
-151.1,414.0,985.6
-122.1,357.7,1012.2
-90.4,299.3,1060.8
-53.7,237.4,1099.3
-13.3,170.3,1159.1
32.9,98.5,1207.8
79.1,24.1,1265.0
123.6,-48.9,1297.1
157.7,-117.6,1331.7
176.5,-176.6,1343.6
177.3,-218.5,1366.1
160.5,-246.7,1370.7
138.3,-263.3,1378.0
119.0,-276.5,1344.6
116.8,-292.7,1308.3
130.3,-314.4,1252.6
149.5,-337.8,1212.5
177.5,-364.6,1161.4
210.6,-395.2,1131.8
248.3,-427.6,1087.9
283.1,-453.6,1068.2
308.9,-470.2,1043.2
320.7,-472.7,1042.0
322.8,-463.0,1028.2
328.1,-448.9,1034.4
340.6,-432.5,1020.1
354.0,-411.1,1010.9
367.6,-383.8,977.3
368.8,-351.8,950.6
354.6,-314.9,908.5
337.7,-273.0,897.4
320.4,-230.1,882.4
302.8,-185.9,887.2
284.7,-139.1,874.2
272.7,-100.4,881.6
276.5,-73.1,869.8
300.5,-53.6,876.1
347.0,-33.0,858.7
-,-,-
-3690.7,-3692.3,-3688.1
-3263.3,-3353.6,-3136.9
-2802.7,-3003.8,-2602.2
-2346.8,-2661.5,-2045.9
-1880.0,-2313.9,-1514.9
-1425.0,-1965.8,-947.9
-962.3,-1600.3,-393.7
-491.7,-1226.3,205.3
-9.6,-848.5,773.6
284.9,-632.3,1109.9
338.2,-604.4,1119.9
394.3,-564.4,1165.4
448.7,-516.4,1171.9
508.9,-462.9,1183.9
579.3,-414.9,1134.5
648.4,-370.9,1093.3
702.8,-321.9,1018.4
732.1,-255.9,977.8
731.0,-174.7,911.4
710.4,-86.7,877.5
684.6, 4.8,817.1
657.4,89.8,793.6
635.2,165.5,750.8
621.5,234.3,738.4
612.1,296.9,685.2
611.6,355.2,659.6
617.9,406.8,615.1
622.4,457.5,612.2
609.7,510.8,589.5
578.1,564.6,604.2
534.0,617.2,597.9
479.4,664.3,626.7
416.6,705.4,636.6
355.2,737.9,677.3
300.0,759.7,677.1
251.4,776.5,697.8
210.9,789.7,694.1
182.3,798.2,728.5
153.1,805.5,743.8
116.8,821.6,793.7
75.0,843.0,816.2
30.9,863.4,869.5
-12.6,878.8,890.8
-57.1,883.5,933.0
-96.6,875.1,936.2
-130.4,857.9,956.4
-152.2,836.4,939.3
-163.0,810.1,947.5
-166.8,782.2,931.9
-169.6,756.9,947.7
-181.0,737.5,937.2
-189.9,720.4,960.0
-188.7,698.2,949.4
-177.6,667.9,960.4
-166.8,634.8,946.1
-158.1,600.3,967.2
-152.0,564.1,962.9
-147.7,524.1,988.7
-134.1,470.8,986.3
-108.2,402.5,1009.8
-79.9,323.9,1004.0
-53.6,240.3,1038.2
-16.8,148.8,1049.7
26.3,53.3,1097.3
69.4,-39.0,1123.8
109.8,-126.9,1177.1
141.0,-206.9,1193.3
154.6,-269.4,1232.0
147.5,-314.6,1231.5
130.8,-348.3,1243.6
106.5,-367.8,1208.3
80.9,-378.2,1197.0
72.5,-390.1,1155.5
82.8,-406.1,1151.7
115.1,-424.4,1136.9
159.5,-442.0,1164.7
219.7,-465.0,1168.7
288.0,-488.5,1205.8
347.5,-505.3,1215.0
388.9,-514.7,1245.2
409.2,-517.1,1222.9
402.6,-508.4,1204.9
374.4,-489.8,1131.2
335.6,-466.3,1074.6
300.6,-443.0,982.2
277.9,-417.3,929.8
271.6,-395.0,858.9
283.9,-376.4,827.5
306.3,-357.2,778.7
330.3,-332.6,773.0
351.3,-303.7,740.0
371.8,-270.5,744.7
384.7,-228.1,722.4
380.0,-171.9,739.8
358.2,-96.5,723.6
321.5,-7.5,738.3
-,-,-
-3690.2,-3692.5,-3688.8
-3229.8,-3347.6,-3145.2
-2762.9,-2988.2,-2617.4
-2314.6,-2625.1,-2073.0
-1870.6,-2249.6,-1537.0
-1430.9,-1871.2,-967.3
-989.6,-1506.1,-428.5
-525.4,-1142.5,139.7
-46.8,-786.4,675.4
220.3,-604.2,965.7
250.0,-607.8,941.3
291.2,-614.8,980.8
343.9,-623.3,973.5
410.0,-632.7,1012.9
479.8,-636.2,994.1
541.1,-628.9,1017.5
591.5,-606.9,989.3
627.6,-571.4,1014.1
657.8,-520.4,985.1
688.7,-461.0,989.9
721.2,-397.9,931.5
751.8,-325.2,913.1
775.1,-241.5,847.1
790.4,-150.0,837.5
799.3,-59.7,784.0
808.6,27.7,776.3
817.6,110.3,719.6
825.7,194.7,716.5
825.0,283.1,676.2
814.1,379.5,688.4
792.6,478.9,656.6
765.6,573.6,666.6
733.6,661.4,627.9
695.2,748.3,639.7
646.3,833.1,615.0
589.0,910.7,645.9
527.0,978.4,642.1
461.5,1036.4,689.2
397.6,1076.1,687.9
335.1,1098.9,731.6
269.4,1114.8,734.7
199.9,1128.5,785.0
127.0,1137.4,794.5
54.4,1142.0,847.5
-22.8,1139.7,847.8
-96.9,1127.1,884.6
-161.4,1103.5,880.0
-213.8,1077.4,919.7
-253.2,1047.1,908.2
-279.1,1017.7,940.9
-294.8,984.0,930.2
-306.8,947.2,962.3
-317.0,910.4,950.5
-315.6,871.7,976.7
-303.5,826.8,950.4
-282.2,776.9,963.7
-246.4,717.5,946.8
-200.1,644.6,981.3
-143.4,558.4,974.8
-84.6,463.7,1008.8
-23.7,367.3,998.3
26.6,277.4,1033.6
57.6,194.7,1038.8
85.4,119.2,1099.2
109.2,42.1,1118.2
139.0,-36.2,1177.8
175.7,-119.4,1198.3
216.8,-205.1,1258.2
258.5,-288.5,1264.0
296.6,-369.2,1292.3
331.7,-441.8,1262.0
348.9,-496.0,1264.2
337.1,-522.1,1219.1
308.3,-526.9,1205.1
275.2,-521.5,1138.0
247.0,-506.6,1109.9
226.4,-484.9,1050.9
221.9,-464.3,1055.2
236.4,-452.5,1030.0
274.5,-451.3,1040.8
330.0,-461.8,1002.0
378.6,-469.0,1007.2
398.2,-459.2,969.5
387.7,-430.4,970.6
363.9,-393.5,929.0
342.7,-358.3,919.6
326.7,-326.9,871.6
319.8,-299.5,881.9
321.6,-276.5,868.0
340.3,-260.9,889.4
373.9,-248.8,859.6
408.4,-228.7,867.5
425.2,-195.1,831.1
417.2,-144.3,837.7
386.2,-82.0,806.2
354.4,-18.8,810.9
333.3,38.8,772.0
326.6,87.6,784.6
335.5,130.1,781.1
354.9,167.0,838.9
375.8,199.5,862.7
399.6,229.5,924.8
-,-,-
-3691.1,-3692.0,-3688.7
-3292.2,-3341.6,-3175.1
-2863.0,-2972.4,-2609.4
-2434.1,-2594.6,-2052.2
-2014.3,-2215.1,-1471.6
-1587.1,-1821.2,-902.3
-1151.5,-1428.3,-320.4
-704.4,-1052.2,216.7
-234.4,-679.2,780.8
53.1,-481.4,1081.6
111.0,-488.5,1085.9
167.8,-499.8,1095.9
236.0,-512.9,1086.6
305.6,-527.2,1069.4
375.9,-535.7,1043.6
447.6,-530.5,1028.5
524.8,-509.6,1012.7
612.9,-475.3,999.0
713.4,-427.1,975.4
822.1,-364.5,951.8
915.7,-279.5,935.1
986.6,-178.3,939.3
1040.0,-66.9,948.7
1075.9,42.9,953.1
1086.0,150.3,938.6
1065.6,253.5,909.0
1022.3,349.2,860.6
972.7,436.3,805.2
923.1,511.0,742.7
873.8,579.3,689.9
829.0,641.1,649.4
784.5,699.1,634.8
734.7,754.8,632.4
685.3,805.0,643.0
645.5,853.6,660.3
601.4,908.8,689.8
542.5,974.9,722.2
468.7,1044.9,752.7
381.9,1104.6,771.4
281.4,1157.4,786.3
171.5,1205.8,798.5
72.5,1247.7,813.8
-21.6,1278.4,827.2
-112.7,1295.5,840.4
-198.2,1296.4,850.5
-273.3,1278.7,858.2
-327.1,1247.6,857.1
-350.8,1202.7,843.9
-344.9,1147.4,818.3
-332.3,1087.4,795.3
-330.8,1032.2,784.4
-330.1,988.4,793.0
-317.2,948.0,811.1
-295.2,899.5,825.7
-257.5,839.0,834.3
-207.5,765.9,841.2
-151.4,682.7,851.9
-90.9,593.1,868.1
-29.7,496.5,883.3
33.1,400.0,900.9
75.9,313.8,927.1
91.9,244.0,967.9
102.4,183.5,1026.5
107.8,126.5,1099.7
111.0,68.1,1174.2
121.6, 3.2,1235.1
151.6,-74.0,1283.8
191.0,-157.5,1318.3
226.9,-238.4,1335.9
260.7,-318.8,1332.2
282.0,-390.2,1324.0
284.4,-443.2,1314.7
285.7,-480.8,1296.9
294.1,-514.4,1261.9
303.6,-536.8,1220.6
313.1,-546.4,1178.4
325.7,-547.8,1146.4
338.5,-547.2,1119.5
358.1,-546.8,1098.6
385.0,-548.4,1073.0
409.6,-548.8,1040.2
419.6,-538.3,1014.0
410.4,-509.9,998.7
382.8,-468.8,982.9
348.6,-420.1,966.7
324.4,-368.6,944.9
309.8,-316.9,920.3
304.8,-263.2,884.1
306.3,-210.2,851.5
307.7,-158.9,821.3
314.2,-109.5,802.3
325.4,-65.5,795.5
338.9,-25.6,804.9
349.6, 5.0,813.8
367.4,25.6,828.5
385.8,42.5,841.6
399.8,64.6,855.9
404.6,93.7,860.0
394.5,133.6,862.5
371.0,179.6,858.6
340.1,227.0,855.5
309.4,272.5,844.9
277.3,317.4,836.9
-,-,-
-3690.9,-3691.6,-3688.6
-3278.4,-3302.9,-3170.9
-2850.8,-2897.7,-2606.9
-2426.4,-2494.0,-2074.2
-2001.0,-2106.2,-1517.0
-1556.3,-1723.6,-979.0
-1100.6,-1353.7,-413.0
-639.6,-1001.1,106.2
-164.3,-651.1,662.1
111.9,-492.1,946.3
160.5,-548.6,963.9
209.5,-600.6,982.8
266.2,-648.3,1011.5
326.7,-688.7,1013.0
396.0,-720.3,1011.6
476.6,-742.7,996.8
559.8,-747.2,998.5
648.0,-731.0,987.2
738.5,-694.6,979.5
829.7,-635.1,951.1
915.3,-554.8,926.2
990.9,-461.6,885.9
1054.4,-359.5,859.4
1105.1,-245.1,820.2
1142.8,-119.3,792.0
1167.4, 9.9,755.6
1172.0,143.7,725.0
1156.7,273.1,667.3
1130.1,387.7,611.0
1090.2,485.6,543.3
1036.1,578.9,497.0
971.7,669.0,451.0
904.2,752.7,427.6
835.6,834.3,398.1
766.4,913.2,395.1
698.8,988.4,407.9
628.3,1062.8,453.7
548.0,1136.4,489.8
464.2,1200.8,532.9
380.9,1256.3,557.6
287.9,1305.8,593.6
188.5,1345.3,619.6
87.6,1366.3,657.3
-8.9,1365.3,676.3
-95.0,1345.2,706.0
-161.3,1310.0,728.5
-208.2,1271.1,766.8
-245.9,1229.8,793.2
-276.6,1183.1,828.8
-302.8,1127.7,843.0
-325.3,1069.7,858.9
-335.0,1007.4,854.0
-324.0,942.7,857.1
-302.6,875.0,842.6
-269.2,807.1,848.3
-225.4,739.9,854.1
-172.0,671.2,880.5
-116.0,602.4,897.6
-61.7,529.9,929.6
-18.5,457.2,948.0
 4.5,389.5,973.2
17.7,329.0,982.8
29.8,273.9,1008.1
40.3,226.0,1024.8
48.4,181.2,1058.6
62.2,135.5,1088.5
80.6,81.9,1134.4
104.7,20.2,1162.4
136.7,-47.5,1193.2
170.4,-115.3,1201.6
192.9,-175.0,1214.6
198.9,-224.6,1208.4
184.8,-259.6,1215.0
155.2,-279.4,1203.2
131.5,-292.1,1190.8
133.2,-306.5,1157.9
153.1,-323.1,1143.3
183.2,-341.8,1122.1
221.4,-368.6,1114.4
263.2,-401.4,1091.7
298.1,-429.8,1080.7
315.4,-447.4,1043.6
311.7,-452.8,1014.6
287.3,-438.8,977.8
262.7,-418.2,966.4
255.5,-401.0,945.3
267.8,-388.9,944.1
291.4,-379.2,935.0
328.0,-374.8,943.0
379.0,-377.8,931.1
431.1,-380.4,942.1
468.7,-373.9,944.0
475.3,-344.4,956.3
444.8,-293.9,936.2
394.3,-234.4,916.7
342.8,-176.1,872.1
297.5,-126.7,839.2
267.0,-91.4,799.2
263.7,-68.8,785.9
287.9,-51.2,760.1
332.1,-38.0,755.9
380.5,-24.2,750.5
418.5, 3.1,781.4
432.7,46.4,806.4
424.0,103.8,846.1
403.0,170.2,859.8
368.3,242.3,877.6
326.1,311.6,873.6
-,-,-
-,-,-
-3691.0,-3691.5,-3688.4
-3274.3,-3295.7,-3183.0
-2847.0,-2891.0,-2638.4
-2434.8,-2488.1,-2125.6
-2022.2,-2070.3,-1559.0
-1616.5,-1657.2,-1014.8
-1199.5,-1242.4,-428.2
-770.0,-838.9,126.3
-331.5,-457.4,691.8
-74.3,-271.7,980.9
-36.6,-309.2,1016.6
 3.8,-352.0,997.5
53.1,-400.6,1026.5
104.9,-452.1,996.9
155.9,-495.5,1017.6
207.0,-527.8,995.4
249.0,-542.5,1024.0
288.0,-543.5,1001.2
327.6,-532.5,1025.9
370.3,-511.7,996.0
421.3,-485.2,1008.8
482.6,-454.3,966.3
548.1,-417.0,973.5
601.7,-372.5,937.4
646.7,-319.4,950.0
684.1,-258.4,913.0
718.0,-193.5,916.1
755.2,-135.3,870.9
796.9,-75.8,875.5
835.1,-11.4,838.7
864.5,58.8,848.8
889.2,130.8,811.8
917.9,203.4,816.7
941.5,276.1,775.0
954.5,351.0,786.5
948.1,432.4,762.1
925.0,513.6,781.9
893.0,588.1,752.0
852.6,652.5,757.4
810.2,707.4,708.0
763.1,758.1,700.5
703.6,805.6,657.7
643.5,849.5,671.8
586.1,886.7,654.3
522.3,921.7,687.6
446.3,961.1,685.8
361.3,1002.0,734.2
265.2,1037.5,741.4
165.0,1062.5,782.3
73.5,1075.5,767.3
-7.2,1073.9,791.4
-82.3,1062.3,778.6
-150.8,1044.7,813.7
-209.2,1021.2,807.1
-259.6,988.4,835.2
-295.5,945.4,811.1
-317.5,896.1,826.2
-330.5,848.6,810.1
-339.1,804.0,847.1
-343.9,762.0,849.5
-341.9,723.7,892.6
-329.0,686.9,892.4
-308.2,649.6,934.2
-286.7,614.7,937.2
-264.7,580.3,984.2
-240.1,540.8,984.2
-215.5,497.3,1010.2
-189.6,452.4,977.4
-165.2,412.0,978.0
-149.5,372.5,945.8
-137.4,332.9,970.2
-116.3,289.0,968.9
-85.0,241.9,1015.6
-46.3,188.9,1019.3
 1.5,125.5,1059.0
48.9,53.5,1056.5
84.4,-17.2,1091.8
110.4,-87.7,1082.6
134.1,-155.1,1106.5
147.9,-212.5,1082.4
143.0,-258.5,1094.2
129.9,-295.4,1064.9
115.0,-325.4,1079.7
104.1,-347.2,1052.3
104.5,-370.0,1063.5
118.9,-398.3,1030.8
141.2,-425.1,1038.2
161.8,-447.7,1014.0
186.5,-466.3,1045.1
217.6,-486.7,1047.1
244.9,-502.5,1085.1
265.5,-516.7,1066.4
282.5,-524.2,1078.5
292.0,-524.3,1043.1
295.0,-518.3,1043.8
292.1,-505.2,1000.5
289.6,-488.6,988.5
287.9,-468.4,927.3
291.4,-446.4,910.4
304.4,-423.0,874.7
320.6,-398.5,900.3
336.5,-374.3,892.2
354.4,-349.9,919.8
373.1,-326.0,890.0
388.8,-301.9,889.8
400.8,-273.5,843.7
407.0,-234.7,836.3
399.4,-183.5,792.9
381.7,-118.7,795.7
355.8,-48.7,767.3
326.7,23.8,790.5
299.5,94.2,785.5
282.7,163.4,831.9
277.0,227.5,833.8
277.8,286.2,868.0
-,-,-
-3691.2,-3691.7,-3688.1
-3291.8,-3316.7,-3136.9
-2872.4,-2924.6,-2597.7
-2453.7,-2529.2,-2027.1
-2039.4,-2139.0,-1497.7
-1614.7,-1743.5,-928.7
-1186.8,-1352.8,-388.6
-758.4,-973.3,179.9
-313.3,-594.1,730.5
-50.6,-404.0,1036.8
-3.3,-429.1,1031.4
48.7,-460.6,1030.5
101.2,-492.6,1011.4
143.8,-516.7,1000.5
174.2,-523.7,980.8
196.4,-515.4,977.7
222.3,-500.7,966.4
259.8,-486.6,964.3
308.6,-477.4,947.7
375.4,-468.5,949.2
450.8,-457.4,947.3
528.3,-444.1,964.0
611.0,-431.3,963.4
701.5,-423.2,955.6
783.7,-411.4,911.4
845.9,-384.5,871.1
896.1,-337.6,813.5
934.7,-275.4,775.6
956.3,-197.5,737.0
965.7,-110.9,720.2
970.9,-19.9,696.3
964.9,78.3,699.5
948.0,180.7,701.1
927.3,282.6,717.4
896.1,382.8,715.1
848.1,486.1,727.1
791.2,589.8,724.4
734.5,687.9,739.5
668.4,783.7,749.4
601.2,866.3,769.9
542.5,928.5,773.0
485.9,975.2,782.8
432.6,1006.5,778.9
380.2,1025.5,789.0
326.1,1034.9,793.2
270.0,1035.9,806.5
217.3,1026.1,797.9
171.4,1008.6,795.0
121.4,989.9,777.1
70.7,970.2,773.2
16.9,952.5,765.6
-40.5,938.3,781.1
-98.1,925.5,790.0
-148.3,912.3,813.4
-192.5,896.8,816.9
-232.3,879.5,832.0
-261.7,863.3,841.2
-287.4,849.9,872.7
-311.3,841.8,898.6
-327.1,831.4,931.0
-333.5,818.6,944.2
-332.6,799.5,962.2
-321.8,770.3,963.6
-294.7,733.5,976.7
-255.9,686.8,972.1
-208.3,627.9,973.6
-147.7,556.7,959.5
-80.1,471.8,962.6
-19.7,380.0,961.7
32.6,289.2,984.5
70.3,206.2,998.2
97.4,133.6,1031.7
119.3,62.3,1062.0
138.4,-10.6,1110.1
155.8,-83.3,1140.8
170.5,-157.9,1171.7
190.1,-228.5,1174.7
215.2,-296.3,1174.4
233.8,-356.6,1152.9
243.6,-409.3,1156.1
240.5,-451.7,1157.9
235.8,-488.5,1172.5
252.2,-525.7,1156.8
285.4,-560.1,1143.7
323.3,-588.7,1113.7
354.4,-604.5,1105.6
372.7,-604.4,1095.3
384.2,-593.7,1102.6
396.7,-581.1,1076.3
407.6,-565.7,1048.4
398.8,-539.7,1001.0
366.7,-500.7,979.0
324.5,-452.7,948.5
284.8,-398.5,936.5
257.6,-345.9,904.5
247.5,-297.4,883.0
245.5,-254.1,852.8
250.6,-214.6,849.2
264.0,-177.9,841.1
280.7,-143.9,855.5
295.5,-113.8,860.0
306.5,-89.8,878.8
310.5,-73.0,876.7
311.7,-62.4,891.5
311.3,-52.6,881.6
305.5,-34.8,874.1
295.7,-6.5,843.3
285.7,29.0,834.1
280.6,67.2,813.7
278.1,108.0,816.0
274.2,148.3,808.2
273.6,181.9,819.2
277.5,210.5,805.0
284.3,235.3,803.6
281.6,262.9,792.7
263.5,294.5,809.0
-,-,-
-3691.1,-3691.5,-3687.9
-3265.3,-3282.1,-3144.3
-2837.3,-2878.5,-2594.2
-2415.8,-2482.6,-2057.6
-1989.4,-2083.2,-1502.3
-1571.5,-1693.7,-968.7
-1146.9,-1301.5,-419.6
-719.8,-911.8,126.3
-285.1,-527.5,689.4
-52.2,-360.0,960.5
-7.0,-396.6,1001.7
47.0,-439.5,993.1
111.0,-483.0,1022.8
178.7,-522.0,1008.9
246.5,-553.0,1043.0
310.0,-570.0,1039.8
366.2,-572.7,1068.7
418.1,-562.3,1043.0
464.6,-539.6,1045.9
511.5,-508.0,1002.7
557.1,-467.6,996.3
604.1,-422.1,948.7
658.6,-373.6,935.3
725.0,-328.1,879.7
804.9,-281.5,861.8
885.9,-230.6,810.4
952.1,-168.3,803.7
988.1,-89.8,762.6
997.1, 6.5,755.4
985.4,112.0,705.8
955.7,225.4,690.7
906.7,341.3,644.2
850.1,456.6,641.6
787.4,565.1,619.0
717.7,667.4,645.9
645.3,756.7,646.7
577.4,831.7,691.6
515.6,885.2,710.6
460.3,924.5,765.8
413.2,952.0,781.2
366.9,977.6,817.5
306.6,1003.6,807.5
239.8,1029.1,832.6
177.1,1051.5,836.2
123.0,1064.3,872.7
74.2,1072.5,861.7
22.6,1078.5,871.7
-32.6,1080.6,851.6
-89.9,1074.8,875.3
-140.6,1054.7,879.4
-179.1,1015.8,921.6
-195.6,959.5,919.1
-195.2,892.5,931.0
-185.9,821.0,904.6
-171.2,751.0,924.1
-152.8,688.0,922.2
-138.9,636.6,953.6
-134.8,598.8,953.4
-144.0,575.2,972.2
-165.2,562.7,942.1
-192.8,553.6,938.0
-226.9,543.5,913.4
-247.8,530.6,927.1
-254.8,510.4,909.1
-246.9,486.6,920.9
-226.4,453.8,902.7
-196.0,412.5,923.3
-151.2,360.0,928.4
-101.9,300.2,967.6
-48.9,233.3,980.0
 0.3,160.4,1020.6
40.2,82.4,1030.5
75.5, 1.8,1073.5
99.8,-79.3,1092.4
112.5,-154.2,1140.6
121.7,-220.1,1145.7
131.9,-281.8,1170.1
142.1,-337.6,1162.8
152.0,-384.4,1177.7
168.6,-423.2,1153.7
185.4,-457.5,1151.6
189.9,-480.0,1118.5
185.7,-490.6,1112.7
181.1,-495.8,1077.1
175.1,-494.6,1073.5
166.0,-490.1,1047.9
168.2,-487.4,1060.6
183.5,-487.5,1051.5
206.0,-487.8,1067.2
241.9,-490.1,1044.2
286.8,-490.7,1044.8
322.0,-479.7,1014.5
335.0,-457.7,1000.6
332.6,-429.4,947.1
318.9,-395.3,912.8
294.6,-353.9,852.7
267.4,-306.2,841.1
244.8,-254.7,825.8
239.2,-208.0,846.7
256.1,-173.6,837.9
283.8,-147.8,859.6
317.2,-120.1,859.6
341.2,-89.2,884.0
352.7,-55.7,866.7
355.0,-22.0,861.7
348.1,15.4,820.4
327.9,61.3,819.3
297.8,113.8,811.2
281.3,164.8,838.5
273.8,209.8,838.7
274.8,247.9,871.1
283.1,281.0,879.2
-,-,-
-,-,-
-3691.2,-3691.5,-3688.4
-3307.6,-3314.3,-3200.1
-2899.7,-2914.7,-2654.0
-2489.6,-2511.9,-2133.6
-2079.8,-2115.4,-1581.3
-1675.5,-1731.4,-1064.5
-1258.8,-1346.7,-499.3
-827.5,-967.5,44.9
-388.5,-599.6,616.0
-104.1,-398.4,940.7
-59.2,-433.8,974.4
-15.2,-462.7,954.5
26.5,-479.5,978.3
63.8,-483.0,952.4
101.0,-475.4,975.0
143.9,-464.5,950.6
196.6,-455.5,972.0
263.0,-444.5,948.8
342.5,-432.2,973.2
436.4,-421.4,958.3
541.5,-407.4,997.0
651.8,-390.0,986.8
753.1,-366.1,1010.3
834.6,-332.2,967.6
887.0,-285.0,946.7
908.7,-221.8,865.8
903.6,-146.4,830.3
883.6,-63.5,764.0
855.7,26.5,755.4
825.9,115.1,713.9
806.4,197.8,724.2
798.0,271.1,688.3
800.1,343.3,699.9
797.5,425.4,679.0
773.9,515.8,707.4
736.7,610.6,693.7
684.3,701.5,713.6
625.3,775.9,674.6
565.7,833.3,667.6
509.9,876.0,618.4
458.6,916.1,631.1
405.3,952.4,621.7
360.9,983.1,671.7
318.2,1011.8,697.4
274.2,1035.7,773.9
228.5,1060.4,808.9
176.4,1084.4,880.7
113.2,1112.1,908.5
34.4,1138.0,974.1
-47.4,1152.3,990.5
-116.6,1148.6,1036.0
-168.2,1123.1,1022.8
-205.1,1081.1,1037.2
-223.7,1026.9,1003.8
-229.6,969.4,1015.4
-226.2,913.7,989.5
-212.4,858.2,1007.9
-189.7,804.2,984.5
-164.1,752.2,1001.6
-140.4,702.8,979.6
-119.5,651.7,995.7
-99.7,597.5,973.0
-79.4,543.3,1000.1
-69.7,486.8,995.2
-61.7,422.7,1039.2
-54.0,347.4,1043.9
-48.8,258.4,1082.7
-43.1,157.4,1070.6
-31.0,42.5,1089.8
-1.2,-80.5,1066.2
26.4,-204.7,1078.0
59.5,-320.4,1053.9
101.2,-427.3,1075.2
139.0,-513.9,1059.2
169.8,-578.7,1080.0
193.3,-623.9,1051.7
210.1,-649.7,1054.7
215.4,-656.6,1007.7
216.7,-648.5,1002.9
225.7,-632.8,967.6
245.1,-618.8,979.2
274.2,-607.3,954.6
304.0,-595.6,974.6
327.4,-574.6,963.3
342.4,-543.4,998.5
356.1,-509.7,993.2
368.2,-474.7,1024.6
374.8,-441.3,1006.0
372.2,-405.3,1013.3
365.7,-369.0,969.8
360.4,-333.8,964.1
369.5,-305.5,919.1
389.4,-284.8,916.3
405.9,-259.8,887.2
418.1,-228.8,910.2
419.2,-192.6,892.9
412.2,-154.5,908.7
398.4,-115.7,878.1
382.6,-78.3,885.5
364.3,-41.5,851.4
344.9,-3.8,861.9
334.4,32.4,836.2
326.3,68.2,856.3
316.4,104.9,842.3
302.3,143.4,873.8
284.6,183.0,865.1
258.1,220.8,887.8
228.2,256.9,861.4
201.0,287.3,870.9
173.9,312.9,840.8
152.6,330.8,853.3
141.2,342.9,826.4
141.4,351.7,843.8
-,-,-
-3690.9,-3691.6,-3688.7
-3287.0,-3319.3,-3160.9
-2858.5,-2929.7,-2635.7
-2436.5,-2551.0,-2091.4
-2010.1,-2170.3,-1553.5
-1587.5,-1797.7,-983.2
-1164.4,-1446.1,-442.0
-713.1,-1107.7,135.1
-237.5,-786.9,688.6
70.7,-652.1,1021.2
170.0,-736.8,1020.1
297.2,-811.6,1080.4
439.7,-872.4,1084.6
600.9,-910.7,1123.5
770.1,-918.5,1092.6
923.7,-888.9,1088.8
1046.6,-812.8,1028.6
1137.5,-692.6,1019.0
1183.5,-534.3,961.0
1182.1,-350.0,946.3
1141.4,-154.3,864.9
1077.2,33.7,808.7
999.0,202.9,694.3
912.8,361.1,625.8
830.9,501.8,526.0
764.0,621.5,486.2
714.2,720.1,417.7
677.9,804.7,408.5
647.3,880.2,370.5
609.0,954.9,405.3
561.5,1026.8,420.0
509.6,1096.8,503.0
451.5,1160.3,548.4
383.0,1215.6,631.0
306.8,1256.3,660.9
233.3,1273.5,738.5
169.2,1267.5,774.2
116.4,1245.8,846.8
72.8,1211.5,861.8
33.6,1172.3,910.5
-5.5,1130.2,917.2
-50.5,1087.2,973.4
-99.4,1049.5,988.2
-157.8,1021.1,1027.0
-222.1,1000.8,1007.3
-278.3,980.4,1021.8
-322.0,954.9,995.9
-344.6,922.3,1020.0
-342.9,878.3,1005.0
-314.8,820.5,1027.9
-269.2,746.2,1005.6
-212.2,658.2,1028.8
-150.2,559.1,1023.7
-98.8,457.8,1068.2
-64.2,362.5,1084.2
-42.1,272.1,1156.0
-26.2,188.7,1191.1
-9.5,105.6,1261.1
22.4,16.4,1281.8
70.1,-85.7,1337.4
119.9,-195.4,1347.9
174.6,-305.4,1386.3
233.0,-412.0,1366.4
290.8,-512.1,1364.0
331.1,-592.1,1310.5
337.4,-643.2,1290.9
316.9,-666.2,1230.9
282.8,-663.2,1203.9
250.1,-645.4,1132.8
233.5,-622.4,1098.4
230.6,-597.1,1031.4
243.4,-571.7,1018.9
270.1,-554.2,979.4
311.3,-541.6,981.7
351.1,-526.6,953.6
365.1,-500.5,964.7
355.2,-460.1,930.2
328.7,-408.1,926.4
295.5,-355.7,879.7
265.3,-306.8,865.2
237.2,-259.5,808.7
219.7,-214.8,802.7
220.2,-177.8,773.4
241.0,-149.6,796.9
275.2,-125.4,799.4
308.1,-97.4,848.2
328.9,-62.1,854.7
333.3,-22.6,884.6
331.4,13.0,862.0
331.7,43.6,864.7
331.4,74.5,823.8
322.2,110.2,822.5
303.4,153.4,794.4
284.4,201.4,817.6
264.1,249.4,813.6
245.2,293.7,850.9
227.1,339.3,856.7
-,-,-
-3691.1,-3691.7,-3688.6
-3293.6,-3322.3,-3154.4
-2862.3,-2935.1,-2611.4
-2433.4,-2558.6,-2052.1
-1989.4,-2180.1,-1506.2
-1535.2,-1805.1,-936.1
-1081.0,-1441.4,-401.0
-610.8,-1073.4,163.4
-132.8,-706.0,706.3
165.1,-511.5,1025.4
237.3,-525.5,998.9
322.3,-534.1,1011.7
426.5,-539.4,964.3
541.2,-544.3,957.7
662.9,-542.2,894.6
782.4,-523.4,881.2
889.5,-486.7,820.5
984.2,-427.6,809.2
1058.0,-347.7,751.9
1103.7,-244.3,745.4
1113.6,-118.4,699.2
1082.8,33.1,699.4
1021.7,198.9,652.5
943.0,363.0,654.7
854.4,523.8,616.2
764.6,670.8,629.6
675.9,799.9,603.6
590.1,909.7,634.1
502.3,1002.5,631.5
416.3,1073.3,684.0
336.4,1125.4,699.1
263.0,1160.3,758.5
196.3,1176.6,764.8
136.2,1178.0,805.9
76.0,1168.9,795.8
17.6,1146.6,819.5
-35.5,1110.6,790.5
-76.3,1064.3,800.3
-109.4,1015.6,770.1
-143.5,970.3,793.7
-179.4,929.4,790.4
-217.6,893.0,835.2
-254.2,858.1,836.5
-281.9,825.5,871.8
-292.5,792.1,860.6
-288.7,758.5,890.3
-277.0,725.1,885.5
-258.6,690.0,930.9
-232.1,650.6,939.2
-198.4,607.7,988.2
-160.8,558.3,998.0
-121.0,503.6,1046.9
-93.9,445.5,1052.9
-78.8,392.4,1104.8
-71.9,342.6,1119.0
-63.7,291.0,1167.6
-52.4,236.6,1169.5
-43.4,179.0,1204.9
-40.9,121.8,1196.2
-40.3,63.2,1218.0
-38.5, 6.5,1200.8
-21.4,-51.7,1223.4
 7.8,-115.3,1208.5
45.7,-178.9,1232.1
83.3,-239.3,1218.0
121.8,-294.9,1238.6
157.8,-344.0,1213.6
189.6,-386.2,1215.1
208.2,-416.8,1173.1
218.1,-435.5,1162.8
218.0,-445.3,1111.5
215.3,-446.6,1098.9
218.6,-445.9,1056.9
232.2,-443.1,1061.8
249.5,-437.9,1036.9
272.1,-428.4,1054.8
296.0,-416.2,1039.8
319.1,-403.1,1057.9
329.8,-383.3,1029.7
322.4,-354.5,1028.9
295.5,-316.7,976.0
257.4,-270.8,945.6
223.8,-227.8,869.4
208.0,-190.6,838.8
211.0,-160.9,793.6
232.9,-137.2,814.5
269.0,-120.9,821.2
315.8,-110.6,869.1
354.7,-98.1,872.9
376.5,-76.0,904.5
373.2,-41.0,892.7
350.9, 5.9,909.4
321.6,54.9,881.3
301.1,97.3,879.8
290.6,130.4,839.3
290.3,155.1,843.0
300.3,169.9,823.0
324.2,177.0,847.1
355.1,179.7,840.5
378.0,187.1,874.0
377.1,208.2,874.4
348.1,247.4,910.8
295.2,299.7,904.1
230.2,356.1,917.5
-,-,-
-3691.3,-3691.6,-3688.8
-3319.2,-3332.0,-3188.6
-2903.0,-2941.7,-2662.2
-2486.3,-2553.5,-2130.6
-2077.5,-2170.6,-1618.4
-1662.7,-1778.0,-1079.4
-1247.1,-1382.0,-539.0
-835.7,-992.3,14.9
-406.4,-600.4,574.1
-133.1,-377.5,925.3
-87.4,-387.8,930.5
-28.2,-398.8,982.9
50.8,-414.4,999.0
148.2,-434.8,1055.5
258.9,-458.0,1062.7
381.3,-483.3,1099.2
515.3,-506.4,1084.6
649.0,-522.8,1096.2
778.3,-535.6,1050.6
899.8,-538.7,1036.4
1002.7,-524.9,977.3
1078.5,-491.8,955.3
1133.0,-438.6,894.7
1161.7,-358.6,874.8
1160.7,-254.4,819.1
1133.6,-137.5,801.6
1088.8,-16.4,750.9
1032.5,103.4,743.5
975.3,215.1,700.2
923.6,320.4,684.0
878.9,420.2,625.4
840.1,512.2,605.5
802.9,594.8,560.4
761.2,677.6,565.2
711.7,764.0,550.4
652.6,855.7,580.1
585.3,944.1,577.9
506.9,1030.5,617.4
422.0,1108.2,627.2
333.9,1175.2,666.5
237.6,1232.5,669.2
148.2,1269.8,701.7
70.5,1291.0,694.6
 2.3,1300.3,716.9
-61.1,1301.4,710.8
-115.8,1296.5,747.4
-163.1,1282.8,756.4
-209.3,1260.9,802.0
-243.3,1223.9,813.3
-266.1,1179.2,845.1
-282.2,1130.9,830.9
-290.6,1079.0,845.9
-292.6,1025.6,829.4
-282.4,974.3,846.1
-259.6,920.5,835.0
-219.8,857.8,858.6
-169.0,782.5,854.1
-112.5,698.2,882.7
-52.0,605.3,886.3
 7.0,511.7,926.9
59.7,421.6,938.1
103.6,338.1,980.5
130.4,256.2,996.2
148.0,175.6,1038.7
158.3,97.2,1046.4
167.8,25.6,1084.7
174.7,-42.3,1092.5
183.3,-107.0,1129.2
184.8,-166.4,1134.8
175.5,-215.6,1166.8
152.0,-249.3,1165.0
111.1,-267.9,1179.9
59.9,-275.1,1158.0
17.5,-279.6,1155.5
-6.7,-292.5,1108.7
-5.2,-317.5,1083.2
18.9,-353.7,1030.6
57.2,-394.8,1019.0
102.6,-439.1,994.1
152.2,-482.5,1002.8
201.5,-520.8,988.7
234.5,-543.9,997.7
240.4,-545.1,975.7
227.2,-529.1,973.5
211.0,-509.5,934.6
208.7,-490.2,914.1
217.4,-472.5,862.4
235.6,-457.1,845.8
259.8,-439.3,823.5
284.1,-417.5,844.1
312.2,-397.2,844.0
341.0,-377.1,873.1
351.8,-343.4,886.4
336.4,-296.1,924.4
307.9,-245.1,929.8
280.6,-196.0,948.4
256.3,-147.3,925.1
246.9,-106.6,911.3
251.7,-69.9,879.8
259.8,-30.6,894.4
269.7, 8.7,897.3
282.9,44.3,924.8
294.5,74.1,920.1
302.0,98.7,935.5
306.7,117.0,919.7
307.4,132.8,924.8
295.4,153.7,902.1
270.0,180.1,899.1
237.3,212.8,867.7
-,-,-
-3691.1,-3691.8,-3688.2
-3277.7,-3304.9,-3147.5
-2867.9,-2922.6,-2581.0
-2449.7,-2537.9,-2044.9
-2032.4,-2169.4,-1493.8
-1595.9,-1802.1,-973.8
-1144.2,-1440.6,-419.1
-689.2,-1089.0,101.4
-214.1,-733.1,678.2
79.2,-568.5,969.2
178.9,-608.3,1006.6
291.1,-644.7,1011.6
414.7,-670.8,1059.6
543.5,-684.9,1062.9
665.1,-687.5,1083.6
777.5,-677.6,1041.2
885.5,-655.1,1005.1
980.8,-618.2,910.6
1045.1,-558.7,849.4
1083.7,-471.1,757.1
1100.4,-360.1,713.1
1094.8,-236.8,642.9
1072.3,-106.4,617.0
1040.6,25.0,555.9
1003.9,157.8,535.3
957.3,296.7,494.3
904.8,441.8,504.7
848.4,584.5,487.5
784.6,717.9,510.4
715.6,842.1,501.7
647.6,952.7,540.5
578.3,1048.3,555.1
511.2,1129.6,618.4
437.5,1198.1,647.8
361.7,1247.4,702.2
285.0,1277.7,709.6
206.6,1291.2,746.4
132.7,1293.9,748.3
61.9,1292.3,777.0
-7.8,1292.6,774.9
-76.5,1291.6,813.8
-135.6,1280.2,823.0
-176.9,1256.5,861.7
-202.0,1219.7,855.7
-209.0,1173.7,875.2
-205.1,1117.7,850.5
-207.3,1054.2,850.0
-233.7,987.1,814.2
-246.5,923.2,819.7
-252.5,857.9,794.6
-261.8,789.0,807.8
-267.9,719.6,799.9
-266.0,645.6,833.7
-251.9,563.0,837.9
-221.5,470.0,880.9
-154.8,373.1,906.7
-76.8,271.2,967.9
-25.0,176.5,998.6
15.4,95.8,1065.4
46.3,24.3,1102.2
71.7,-41.0,1173.8
94.1,-105.2,1208.7
117.2,-171.1,1261.0
136.2,-236.4,1254.5
153.5,-293.5,1256.8
164.7,-340.2,1213.6
169.9,-375.7,1197.7
163.6,-397.3,1156.1
147.3,-410.6,1147.1
127.6,-416.3,1104.0
111.8,-413.6,1088.6
109.5,-410.3,1040.3
127.1,-411.2,1029.8
158.9,-421.4,995.4
206.2,-438.4,1005.4
257.2,-455.5,997.4
311.7,-471.2,1024.1
360.9,-482.3,1011.8
394.3,-485.8,1023.1
404.2,-478.0,1002.6
390.5,-454.6,1016.6
365.7,-421.9,995.1
347.9,-386.7,999.2
343.7,-355.1,960.4
351.1,-326.5,948.8
353.1,-297.4,911.5
350.1,-264.3,918.7
352.6,-230.7,902.0
353.7,-196.9,915.1
354.4,-163.8,895.0
347.4,-128.4,909.3
328.0,-88.7,895.2
298.9,-48.5,911.4
277.9,-13.3,888.8
274.1,16.5,890.4
275.4,40.1,855.8
279.0,60.0,859.9
285.0,80.1,840.8
-,-,-
-3691.1,-3691.4,-3688.8
-3277.5,-3282.7,-3154.7
-2864.2,-2881.7,-2595.0
-2435.4,-2479.7,-2047.3
-1998.2,-2088.2,-1472.5
-1559.9,-1716.3,-939.7
-1107.7,-1345.4,-371.0
-649.0,-978.4,172.0
-191.1,-619.7,739.3
88.6,-459.0,1043.2
177.5,-513.7,1078.6
284.9,-567.5,1095.3
407.5,-617.8,1096.8
536.9,-653.6,1077.1
663.3,-670.8,1053.3
777.4,-668.5,1016.2
877.2,-643.5,976.3
956.1,-595.8,919.2
1005.7,-524.6,856.7
1021.8,-430.9,783.8
1001.8,-313.2,729.4
952.1,-177.0,683.5
882.5,-31.4,656.1
805.9,113.4,624.4
737.9,249.5,603.1
683.2,371.6,583.7
630.8,487.9,588.3
576.1,595.5,598.2
524.2,689.3,619.2
480.9,764.4,632.4
447.9,823.0,654.3
420.9,870.3,675.0
386.0,915.4,706.5
336.2,960.1,728.9
270.8,997.7,752.4
201.9,1025.0,761.7
137.1,1043.3,774.3
73.8,1053.0,780.5
 5.9,1057.8,799.3
-64.4,1057.0,808.4
-130.4,1046.3,824.7
-183.7,1022.4,838.5
-222.8,987.4,862.5
-245.4,945.4,871.4
-261.0,903.9,880.8
-276.5,863.1,881.1
-282.9,823.1,891.7
-282.1,783.1,896.8
-278.5,745.4,907.4
-274.5,710.0,912.1
-269.7,676.9,930.4
-264.7,641.2,949.2
-252.7,600.1,975.0
-228.4,548.3,987.4
-192.6,492.0,1001.8
-159.9,434.7,1009.1
-125.7,375.9,1035.8
-93.8,314.5,1067.3
-62.7,248.6,1110.0
-28.8,179.0,1141.5
 6.2,105.1,1180.5
45.2,27.8,1217.7
94.0,-54.6,1265.8
148.7,-139.5,1300.4
200.3,-225.0,1327.3
238.3,-306.2,1324.7
263.7,-374.8,1311.7
266.8,-424.6,1273.9
249.1,-452.2,1235.3
224.5,-465.8,1192.4
200.2,-468.5,1169.1
184.6,-466.7,1150.4
196.4,-472.0,1145.0
237.9,-487.2,1132.2
295.5,-506.7,1131.5
351.0,-524.6,1123.4
400.9,-540.8,1120.2
436.3,-547.6,1098.9
439.6,-537.1,1071.1
404.8,-503.8,1021.9
343.9,-454.3,978.2
263.5,-392.8,930.5
195.5,-332.0,897.5
161.2,-285.9,857.4
164.6,-256.0,838.4
199.1,-240.4,824.6
254.2,-231.9,831.0
311.5,-223.9,829.6
349.3,-203.2,839.7
359.1,-166.0,835.1
346.2,-115.7,834.6
322.5,-59.4,824.3
293.6,-1.9,823.9
267.4,52.8,811.8
251.6,101.8,806.9
249.2,142.4,793.0
264.7,169.9,795.9
290.0,187.5,796.4
309.8,206.0,820.2
309.2,233.4,840.2
287.5,270.8,868.0
251.8,312.6,875.1
209.2,354.0,883.0
-,-,-
-3690.8,-3690.1,-3689.2
-,-,-
-3691.1,-3691.6,-3689.0
-3305.2,-3328.0,-3198.6
-2887.6,-2936.4,-2653.1
-2479.5,-2552.9,-2134.2
-2066.2,-2167.2,-1582.2
-1653.2,-1794.9,-1059.1
-1217.7,-1425.2,-503.0
-769.6,-1064.1,34.5
-315.9,-716.9,589.7
-9.3,-533.4,925.9
70.0,-581.9,959.3
160.7,-632.3,1000.5
259.4,-676.6,1029.8
361.2,-711.8,1053.1
452.0,-731.2,1053.2
535.8,-736.7,1037.3
617.6,-729.2,1000.2
694.4,-709.7,951.0
759.3,-676.4,888.8
814.6,-628.6,826.1
863.9,-565.1,762.8
905.0,-484.5,711.1
937.7,-388.2,671.7
953.1,-278.0,652.3
947.9,-155.3,639.8
923.9,-25.4,633.9
887.4,110.2,623.1
841.5,246.7,614.8
782.0,387.3,610.5
714.7,522.8,619.2
651.1,644.2,631.3
594.3,744.5,652.1
541.5,831.7,674.9
490.1,906.1,702.9
435.3,970.0,730.8
376.5,1021.2,765.8
321.9,1054.6,794.6
268.9,1075.4,814.4
213.5,1084.4,821.0
154.6,1086.0,822.0
98.3,1080.7,820.0
43.7,1068.9,827.4
-6.1,1050.8,842.8
-44.9,1023.3,860.5
-78.7,991.9,873.7
-111.2,958.9,886.9
-138.7,918.5,899.0
-162.0,875.4,909.1
-187.4,828.2,912.5
-210.8,783.8,916.8
-230.2,739.1,922.1
-244.5,700.2,931.2
-253.3,661.2,943.7
-257.0,618.2,961.0
-248.2,566.4,980.6
-229.9,504.3,1001.0
-206.7,434.6,1019.5
-183.1,361.5,1033.6
-168.4,291.0,1041.3
-160.5,225.5,1047.7
-162.4,167.3,1057.0
-170.5,116.0,1074.0
-170.6,68.1,1100.1
-160.6,19.3,1132.7
-133.6,-34.4,1167.6
-94.0,-93.0,1203.1
-40.7,-158.2,1233.8
20.3,-228.4,1253.1
76.5,-299.0,1262.7
119.7,-359.9,1259.9
148.7,-405.9,1244.2
163.3,-438.8,1212.9
170.7,-459.0,1176.8
177.2,-469.0,1144.9
186.9,-474.9,1123.0
203.4,-479.7,1107.7
226.6,-485.8,1095.6
260.0,-494.0,1075.5
294.4,-502.3,1051.4
318.9,-499.8,1030.4
325.4,-484.4,1018.4
315.5,-458.9,1004.4
300.8,-426.9,985.8
287.8,-392.2,959.1
281.1,-358.3,933.0
278.7,-324.7,910.5
282.5,-294.5,902.6
297.3,-270.9,898.4
315.4,-250.0,893.6
328.7,-222.0,883.8
333.8,-186.6,876.6
329.8,-144.3,866.8
320.1,-99.3,858.2
309.7,-55.0,845.3
305.3,-16.1,836.6
306.3,19.8,830.3
312.7,51.6,832.6
321.7,79.1,836.5
329.9,104.2,840.9
330.9,131.9,843.4
317.6,166.1,851.9
283.9,211.5,860.6
237.1,265.1,869.0
190.1,316.2,869.7
151.1,361.3,871.2
-,-,-
-3691.4,-3691.3,-3688.8
-3296.1,-3289.9,-3147.2
-2884.9,-2880.7,-2623.4
-2481.1,-2479.0,-2082.6
-2072.7,-2071.0,-1568.2
-1674.1,-1670.8,-1041.9
-1270.7,-1266.0,-531.5
-864.3,-859.4,21.5
-450.4,-454.5,576.3
-214.1,-259.8,916.3
-164.7,-289.8,951.2
-101.5,-331.7,1030.3
-23.4,-381.2,1057.2
65.4,-436.9,1132.8
161.0,-493.5,1158.3
263.6,-553.9,1216.9
366.7,-620.6,1197.7
469.7,-681.1,1195.4
558.6,-722.7,1127.8
639.1,-748.7,1101.3
723.3,-754.4,1026.0
804.0,-741.1,992.1
879.9,-707.5,911.8
945.5,-652.4,874.6
999.3,-569.2,783.0
1038.9,-461.0,729.9
1059.3,-337.6,636.3
1058.4,-194.7,594.9
1030.3,-39.3,517.4
981.0,119.1,492.5
927.2,272.7,439.4
876.4,420.2,440.5
830.9,560.6,422.4
786.2,694.1,471.3
743.1,815.7,493.5
699.1,926.2,562.2
651.5,1023.2,589.2
600.1,1105.9,661.6
539.8,1173.7,689.3
474.9,1223.3,748.1
403.4,1250.1,754.4
331.3,1254.8,793.2
260.9,1238.1,788.2
197.6,1205.8,823.3
141.4,1161.0,821.4
92.5,1106.2,855.3
56.3,1045.7,851.0
25.4,987.0,892.8
-7.2,931.9,902.2
-37.9,880.8,949.5
-67.0,827.6,950.2
-94.8,776.5,982.9
-119.8,727.6,971.1
-137.8,677.1,993.5
-149.5,627.5,978.5
-157.9,579.5,1001.1
-156.8,531.7,987.9
-146.0,480.6,1013.9
-135.1,426.0,1006.5
-127.9,371.0,1038.0
-125.1,310.4,1029.7
-121.2,249.1,1055.6
-119.4,189.2,1045.2
-109.4,129.7,1076.5
-95.7,70.8,1077.2
-83.6,14.0,1119.7
-69.6,-37.7,1128.9
-48.1,-87.4,1172.2
-17.5,-138.2,1169.8
19.0,-188.8,1193.9
55.0,-236.2,1177.3
86.3,-280.7,1191.6
114.4,-322.3,1167.8
145.1,-359.8,1177.1
168.8,-390.8,1149.9
187.7,-414.1,1152.7
195.7,-427.4,1116.5
197.7,-433.1,1114.7
198.6,-433.7,1075.5
202.2,-434.3,1071.4
211.1,-436.3,1032.2
215.4,-432.8,1024.9
214.2,-422.5,980.6
213.8,-408.6,972.6
217.3,-392.4,935.8
223.3,-373.8,935.6
227.0,-352.4,908.7
225.2,-327.5,924.7
218.4,-297.8,910.3
213.1,-270.0,929.1
218.0,-252.9,904.2
230.3,-241.0,906.3
247.7,-231.9,872.6
265.2,-220.7,877.0
281.9,-206.7,851.1
296.3,-190.8,858.4
312.1,-175.6,828.0
330.8,-160.5,830.6
343.5,-138.9,803.3
354.3,-111.1,813.8
362.6,-78.0,794.9
363.8,-37.6,816.5
360.9, 7.4,810.6
356.2,54.0,841.4
349.2,102.4,835.7
334.3,152.7,862.3
313.4,204.7,851.5
-,-,-
-3691.4,-3691.7,-3687.6
-3308.3,-3307.8,-3159.0
-2894.0,-2905.8,-2627.9
-2478.4,-2505.4,-2069.9
-2075.1,-2113.2,-1548.7
-1669.7,-1715.0,-993.6
-1263.0,-1320.8,-459.9
-853.3,-941.2,93.6
-421.6,-569.1,629.8
-154.1,-395.3,928.2
-94.4,-449.6,933.5
-29.4,-503.7,939.3
51.7,-560.7,948.8
143.8,-614.8,961.3
245.8,-663.4,968.8
348.1,-704.0,965.9
444.6,-729.4,957.0
529.4,-737.9,940.8
595.9,-729.9,912.8
657.3,-707.1,876.6
711.0,-671.3,835.2
762.0,-620.6,798.5
806.9,-554.6,773.2
837.6,-471.4,758.9
853.8,-366.4,747.6
860.2,-249.6,732.3
860.5,-132.8,713.5
851.6,-16.0,698.7
835.8,96.8,686.5
815.3,206.6,681.7
787.8,308.2,671.8
754.9,405.0,662.1
718.5,490.3,652.1
679.2,563.5,657.1
638.1,629.4,675.2
586.2,695.7,704.0
531.3,757.8,729.6
474.1,812.8,752.7
408.8,861.4,768.7
340.8,905.9,791.8
271.9,948.9,815.8
202.2,984.3,839.3
125.6,1012.4,847.1
49.5,1028.8,851.5
-20.7,1032.1,851.3
-85.6,1028.1,858.7
-138.7,1014.9,865.2
-179.6,988.6,869.7
-211.3,951.4,863.1
-237.5,906.1,855.8
-260.7,865.7,851.3
-283.2,833.0,859.0
-303.8,810.3,867.5
-318.1,787.9,878.3
-327.8,761.8,887.4
-328.1,727.2,903.9
-315.6,678.5,918.4
-287.5,612.2,933.8
-249.1,533.4,941.5
-205.1,444.8,951.8
-160.1,354.2,964.6
-120.2,264.7,991.8
-84.7,178.8,1020.1
-57.5,98.8,1057.1
-33.4,21.4,1090.7
-5.1,-54.8,1126.5
30.6,-133.6,1157.3
73.2,-211.5,1188.6
119.4,-289.4,1210.3
156.1,-355.2,1225.6
173.1,-405.1,1226.7
179.0,-439.8,1218.9
174.6,-459.4,1198.7
164.5,-466.9,1176.8
150.7,-466.9,1147.5
145.0,-463.3,1122.6
155.7,-460.2,1094.6
178.1,-462.8,1074.5
211.8,-470.5,1053.9
244.3,-474.0,1044.3
266.7,-468.7,1025.7
274.8,-455.6,1006.1
273.0,-431.9,985.1
264.3,-401.8,973.6
250.3,-370.3,956.9
237.3,-339.7,943.8
234.2,-312.1,925.9
250.7,-291.1,920.5
282.8,-279.2,919.6
321.3,-270.5,936.4
353.2,-256.0,944.6
368.4,-233.4,948.9
367.7,-201.6,939.1
348.7,-160.4,931.3
320.7,-115.2,918.0
292.8,-73.7,909.8
267.6,-35.1,884.6
247.1,-0.3,858.8
235.2,30.7,835.8
234.4,57.9,836.4
241.4,80.9,841.2
250.2,104.4,858.9
255.9,129.7,872.2
252.0,156.4,887.4
242.7,183.6,893.0
230.9,211.5,906.7
-,-,-
-3691.2,-3691.5,-3688.7
-3318.0,-3299.9,-3201.5
-2912.4,-2872.7,-2641.0
-2513.5,-2453.2,-2105.0
-2101.0,-2035.8,-1529.3
-1679.5,-1631.5,-987.5
-1262.2,-1243.3,-435.2
-838.2,-856.6,94.2
-413.9,-474.1,652.7
-159.6,-281.6,964.7
-123.4,-336.1,975.8
-83.7,-400.5,976.0
-39.9,-461.0,973.6
 5.0,-508.1,975.3
53.4,-543.8,987.3
111.5,-571.6,1002.8
182.6,-594.2,1021.8
255.8,-609.4,1031.3
326.1,-612.9,1031.7
393.6,-605.6,1011.6
454.2,-586.4,980.5
502.2,-554.4,941.9
541.3,-504.4,906.8
573.3,-433.5,874.5
597.9,-347.4,850.3
618.7,-249.8,823.4
638.3,-150.9,804.2
651.7,-51.8,789.6
661.2,43.8,788.0
668.5,133.1,773.5
673.3,208.5,754.5
671.8,265.6,722.9
661.1,303.2,687.1
646.2,326.2,646.5
629.0,345.1,620.4
606.4,368.1,600.6
580.0,392.9,597.7
550.4,420.5,606.0
519.7,448.1,632.4
486.2,472.6,658.1
455.7,491.8,687.7
426.9,510.4,712.1
401.5,526.7,736.1
381.5,539.0,746.3
359.1,555.8,757.8
324.9,582.2,765.9
276.0,618.4,786.1
215.4,665.5,813.2
146.3,720.7,854.5
73.4,775.4,888.8
 0.6,824.2,915.8
-78.0,863.1,929.0
-157.6,888.8,943.8
-220.3,893.2,948.2
-263.2,878.2,948.4
-285.3,848.4,939.9
-293.6,808.2,932.7
-294.5,764.9,922.2
-295.9,725.4,927.4
-306.1,691.8,937.5
-318.4,662.2,956.5
-320.8,624.5,968.8
-307.6,572.1,978.7
-279.7,505.8,976.4
-243.2,432.6,981.2
-201.4,358.8,983.4
-164.4,286.2,995.9
-126.7,214.4,1003.0
-82.9,140.0,1015.7
-44.9,65.6,1020.4
-17.8,-1.8,1032.3
 0.5,-61.5,1046.5
10.2,-115.0,1069.5
17.7,-166.1,1087.7
26.5,-213.4,1112.1
37.5,-255.7,1132.9
41.8,-290.3,1158.3
42.8,-314.9,1171.5
34.2,-327.6,1184.1
18.5,-327.2,1182.1
 0.2,-317.3,1175.0
-15.3,-304.2,1152.8
-30.5,-292.7,1130.0
-37.9,-284.1,1097.1
-32.5,-280.8,1070.7
-17.0,-283.0,1047.3
 7.0,-288.4,1042.0
37.8,-295.0,1039.8
72.1,-303.9,1056.0
107.8,-314.8,1071.1
146.5,-326.9,1082.8
195.0,-341.2,1069.0
240.4,-353.9,1051.4
273.9,-355.7,1022.7
294.4,-345.5,997.7
302.1,-324.0,964.0
296.3,-295.6,934.1
284.4,-264.1,888.7
271.7,-232.6,854.2
256.7,-203.2,825.4
241.8,-174.7,817.6
241.5,-154.4,810.5
261.2,-141.8,815.5
295.7,-134.8,813.3
336.7,-126.6,819.7
372.8,-117.7,824.0
394.6,-102.8,838.7
404.1,-78.1,844.2
398.0,-47.5,852.0
378.1,-11.8,843.1
346.8,29.5,840.2
308.3,76.8,839.8
-,-,-
-3690.9,-3691.9,-3687.7
-3271.6,-3300.8,-3130.8
-2842.9,-2914.0,-2607.8
-2422.9,-2542.3,-2074.3
-1997.2,-2167.9,-1556.7
-1564.5,-1795.1,-1002.5
-1131.1,-1437.2,-472.7
-674.2,-1083.9,96.3
-199.8,-738.5,644.0
76.1,-595.4,931.3
150.5,-645.9,954.6
229.5,-688.9,988.9
321.3,-727.9,1023.5
416.6,-765.6,1054.0
515.5,-802.6,1066.1
611.0,-828.6,1065.8
690.7,-841.9,1048.5
758.4,-842.0,1018.9
811.5,-824.9,968.9
851.9,-793.1,910.4
882.7,-740.2,843.6
905.5,-666.1,777.7
916.2,-569.4,706.6
914.6,-457.2,638.5
908.1,-335.2,571.2
896.9,-210.8,515.7
883.3,-89.5,468.8
876.2,25.3,445.6
872.6,141.5,434.2
859.2,258.5,439.4
838.0,372.1,453.6
807.5,478.4,485.8
765.0,582.9,518.0
715.8,681.0,553.1
665.7,769.3,578.8
614.1,844.7,604.6
553.7,910.5,628.5
488.6,965.1,661.0
427.2,1006.3,694.8
367.2,1040.3,737.0
309.8,1069.4,777.4
256.7,1092.3,824.1
203.1,1107.8,867.1
150.2,1118.6,913.9
94.0,1123.0,947.7
38.4,1118.0,977.4
-12.6,1100.2,990.5
-58.9,1069.7,990.8
-93.2,1023.8,976.7
-113.6,967.8,966.1
-121.9,910.3,959.2
-118.3,853.6,968.1
-109.8,793.3,981.5
-92.8,725.7,999.5
-71.0,644.3,1005.2
-47.0,550.2,1008.5
-20.2,449.4,1000.6
-0.8,350.5,998.5
 4.0,263.6,996.6
-5.1,187.1,1007.5
-19.1,119.0,1018.0
-27.8,53.8,1029.8
-28.2,-7.9,1040.3
-18.0,-62.8,1060.5
-2.8,-109.2,1085.8
19.9,-152.8,1121.9
55.8,-207.1,1146.9
103.5,-270.6,1170.9
152.2,-336.2,1184.9
192.3,-397.0,1202.0
219.2,-447.4,1205.6
227.9,-483.1,1202.6
227.0,-505.0,1185.3
225.4,-520.0,1159.1
224.0,-527.7,1116.2
223.1,-529.4,1080.2
228.2,-531.3,1036.1
237.1,-530.0,998.1
250.9,-524.7,965.5
269.5,-517.9,953.7
295.7,-514.0,946.5
322.1,-511.5,950.2
340.1,-506.2,949.7
350.4,-494.6,947.6
356.0,-474.4,928.0
359.2,-448.0,912.2
360.6,-419.5,892.4
361.3,-388.7,877.1
361.9,-358.1,853.2
362.5,-327.6,836.0
361.5,-296.9,819.1
359.2,-264.1,817.1
357.6,-231.2,818.1
353.2,-196.6,824.6
344.0,-160.1,816.4
-,-,-
-3691.4,-3691.7,-3687.8
-3325.5,-3309.7,-3165.1
-2935.2,-2905.2,-2634.5
-2542.6,-2504.1,-2069.1
-2152.3,-2115.5,-1532.3
-1746.5,-1730.0,-957.0
-1332.5,-1356.1,-407.6
-911.3,-999.2,153.2
-468.9,-648.3,686.8
-188.1,-493.3,979.6
-109.5,-568.1,976.4
-23.2,-645.3,971.6
82.0,-721.3,964.0
208.0,-792.7,956.7
349.8,-850.8,943.7
502.6,-895.6,923.1
655.4,-919.1,895.5
798.8,-916.0,868.1
922.3,-879.3,836.9
1029.5,-809.8,804.4
1112.6,-710.0,764.3
1156.8,-582.8,716.4
1160.1,-434.9,672.0
1133.1,-262.1,643.4
1077.2,-76.7,626.5
1009.3,101.5,623.3
947.1,265.9,626.8
894.8,407.4,639.6
849.5,526.1,650.4
805.9,626.1,669.9
764.5,711.2,691.3
719.3,773.3,711.2
680.6,812.2,724.6
652.0,833.6,735.1
618.1,854.0,741.9
569.7,877.1,758.8
510.6,907.7,782.4
442.0,939.7,809.5
372.3,962.8,830.2
307.6,978.0,851.3
245.7,986.9,862.4
173.2,990.8,874.4
98.2,989.5,886.8
25.2,980.5,896.3
-39.4,961.4,888.8
-94.9,928.7,878.5
-136.2,889.8,863.6
-170.8,852.5,851.4
-199.3,819.9,838.0
-218.1,792.7,834.9
-230.7,769.0,830.6
-237.5,742.7,836.0
-234.9,708.3,844.3
-223.8,662.4,857.0
-207.1,605.1,863.0
-184.6,535.8,869.8
-160.3,465.5,875.1
-139.9,392.8,888.9
-121.4,322.2,908.4
-100.3,252.3,940.1
-74.9,181.3,973.3
-42.9,107.0,1015.5
-0.7,32.3,1059.5
40.8,-39.9,1105.6
79.3,-115.4,1140.0
116.6,-190.6,1170.7
154.4,-258.5,1194.9
183.3,-315.1,1217.0
196.8,-361.7,1221.0
195.3,-392.3,1214.0
175.1,-405.7,1190.0
152.8,-410.9,1159.1
143.7,-413.1,1122.0
150.3,-417.9,1092.9
170.2,-430.5,1064.9
196.5,-450.4,1042.7
229.2,-470.1,1025.9
262.5,-487.3,1024.0
299.5,-502.3,1022.9
332.0,-509.8,1026.2
347.8,-504.2,1024.0
348.9,-488.1,1023.6
341.5,-465.8,1009.1
333.2,-440.2,988.8
328.8,-415.0,958.2
328.4,-386.7,932.2
326.2,-356.0,905.1
325.2,-325.3,889.8
326.1,-297.2,877.4
328.3,-267.4,874.6
328.5,-238.5,866.5
325.4,-211.2,865.8
325.7,-183.6,859.0
330.1,-159.7,851.3
340.5,-140.7,835.9
352.3,-123.1,826.9
362.3,-100.0,816.5
366.7,-73.3,812.9
366.3,-42.4,807.8
363.7,-5.8,812.9
355.9,34.6,812.1
342.6,79.1,819.6
324.1,128.0,826.7
303.4,175.4,842.2
281.6,220.4,850.7
260.1,260.9,864.7
246.4,294.8,874.6
235.0,319.9,891.4
-,-,-
-3691.0,-3691.5,-3687.5
-3278.8,-3276.2,-3141.2
-2867.0,-2866.5,-2604.0
-2446.2,-2455.2,-2050.8
-2025.7,-2048.3,-1492.2
-1611.5,-1652.7,-931.6
-1188.6,-1255.7,-357.8
-762.5,-865.9,219.3
-341.9,-490.7,783.4
-111.9,-319.5,1081.8
-92.6,-369.0,1121.6
-69.6,-419.2,1125.9
-37.7,-472.8,1147.5
10.6,-536.5,1127.5
73.7,-607.5,1127.8
142.0,-680.2,1099.0
223.1,-747.9,1100.1
315.0,-808.8,1069.3
415.4,-858.5,1057.7
513.1,-893.5,1010.1
608.5,-907.3,986.6
698.5,-893.7,927.5
779.7,-854.2,888.5
860.4,-791.7,816.4
937.0,-708.9,766.4
1002.2,-606.0,692.1
1046.1,-483.8,657.8
1066.0,-344.7,611.0
1068.0,-197.0,596.5
1047.4,-48.2,564.3
1001.7,102.4,566.9
939.4,250.5,550.8
873.4,392.5,562.9
805.6,522.5,553.3
737.0,640.0,563.4
674.9,737.9,546.1
619.9,816.7,557.8
572.5,874.7,551.0
538.0,914.0,569.4
513.9,941.8,571.2
488.4,966.3,607.8
453.7,990.3,628.3
413.1,1011.3,688.7
369.5,1031.1,737.1
326.7,1043.4,805.2
286.1,1045.5,841.2
248.8,1039.7,891.6
208.1,1026.5,913.5
166.7,1003.7,949.0
126.7,967.8,953.9
88.4,925.2,969.5
49.4,877.6,952.3
11.2,827.0,956.9
-19.7,778.0,941.8
-48.8,734.1,950.1
-73.8,696.0,940.3
-93.5,661.1,952.5
-108.3,628.3,947.5
-116.5,591.1,969.4
-111.5,545.6,970.1
-96.7,492.8,987.2
-75.8,436.3,984.4
-47.9,376.5,1009.0
-24.7,315.8,1012.4
-12.4,256.9,1031.2
-11.6,201.6,1024.7
-26.2,154.0,1032.6
-52.9,120.2,1021.0
-78.2,93.9,1039.2
-90.5,69.9,1049.8
-91.4,42.8,1085.5
-75.0, 4.4,1101.6
-40.8,-43.8,1142.3
-0.2,-99.9,1163.3
41.4,-155.6,1195.0
84.3,-210.1,1189.3
115.8,-258.6,1187.2
123.4,-295.8,1153.0
110.1,-317.4,1136.2
80.3,-320.1,1104.9
57.7,-309.0,1094.1
64.7,-307.9,1058.7
95.1,-318.9,1038.9
129.0,-336.1,1008.1
161.4,-351.7,1002.8
195.3,-368.3,978.2
226.3,-381.1,965.8
253.4,-391.7,931.2
271.4,-399.9,923.8
267.0,-393.2,912.6
244.7,-363.7,930.0
224.7,-326.3,932.3
219.2,-294.7,949.5
222.6,-269.6,945.7
232.4,-249.1,958.3
246.1,-233.4,948.1
266.6,-222.4,948.0
286.9,-212.3,918.6
305.0,-210.4,904.4
322.2,-213.1,877.9
338.5,-216.6,873.9
360.3,-216.4,857.9
388.2,-217.7,863.2
415.8,-215.7,854.4
433.7,-205.2,861.2
435.1,-183.5,847.9
426.8,-150.4,851.0
410.3,-104.3,839.3
384.8,-51.0,850.0
350.5, 6.8,850.6
313.1,62.8,869.8
281.0,113.2,868.8
260.0,153.3,880.6
248.6,183.9,877.3
-,-,-
-3690.6,-3690.4,-3688.6
-,-,-
-3691.2,-3691.8,-3688.6
-3311.2,-3322.0,-3187.0
-2894.0,-2933.4,-2624.8
-2471.9,-2561.3,-2086.8
-2026.8,-2191.7,-1506.5
-1570.6,-1829.7,-949.9
-1120.0,-1479.9,-383.5
-655.4,-1126.9,158.0
-183.7,-773.2,714.1
120.5,-599.7,1004.9
213.8,-645.0,996.9
310.9,-688.6,989.2
412.7,-726.3,975.8
511.1,-753.2,964.9
609.9,-766.0,950.6
708.2,-761.8,935.4
794.9,-741.7,916.4
858.6,-699.7,897.9
889.2,-625.4,875.9
885.6,-523.7,842.3
858.2,-403.8,792.0
812.2,-278.3,728.6
761.0,-158.7,655.9
720.5,-52.6,590.4
695.9,37.2,543.1
685.0,118.3,517.5
687.3,191.2,511.3
696.6,257.6,515.0
704.5,323.0,532.3
702.5,393.6,558.2
690.9,466.3,589.6
672.4,543.8,620.1
640.5,627.1,648.5
593.9,710.3,676.4
542.3,787.1,705.4
482.9,851.9,732.6
423.4,901.7,762.3
369.9,934.9,791.1
322.1,955.0,816.8
273.3,971.2,843.5
216.0,983.6,870.1
156.3,992.9,891.6
93.0,997.5,907.5
32.1,993.0,918.9
-20.2,976.3,921.7
-59.6,948.3,912.3
-89.2,910.9,901.2
-112.7,869.8,891.6
-131.2,826.2,887.9
-146.8,777.1,886.1
-155.1,721.4,884.2
-149.8,660.6,879.0
-133.5,592.5,881.8
-112.9,526.8,896.8
-91.6,467.0,923.0
-67.6,410.0,956.1
-44.0,352.3,994.0
-26.4,293.5,1024.1
-17.2,235.8,1046.1
-21.6,182.7,1057.4
-39.3,136.6,1062.7
-59.3,100.1,1062.6
-81.2,69.5,1063.6
-102.1,42.1,1067.6
-114.4,13.4,1081.3
-111.4,-21.2,1100.6
-91.9,-64.2,1126.6
-65.8,-110.7,1152.9
-36.8,-160.2,1180.2
-6.6,-213.5,1195.5
20.2,-264.6,1199.9
38.3,-306.6,1194.5
41.2,-339.4,1180.1
29.0,-354.8,1145.9
 8.1,-355.3,1101.2
-11.4,-353.3,1051.6
-13.5,-354.8,1008.2
 1.9,-360.9,971.4
26.5,-371.9,955.0
65.2,-392.7,951.4
117.7,-419.0,959.3
172.5,-445.8,971.4
217.7,-464.9,994.4
253.2,-470.9,1017.2
275.8,-465.7,1035.5
287.8,-453.4,1044.7
289.9,-436.9,1046.1
288.3,-418.4,1027.1
285.9,-399.3,995.7
285.9,-378.8,959.4
297.6,-361.7,932.1
319.2,-349.1,909.3
344.9,-338.2,895.3
367.5,-321.5,884.5
386.9,-298.0,876.8
401.1,-267.8,862.0
411.2,-234.7,852.6
420.0,-198.9,843.1
428.8,-163.2,839.8
434.3,-125.8,833.1
431.2,-84.8,833.7
420.1,-36.4,833.9
402.9,16.1,840.4
388.5,66.2,846.2
371.7,115.3,856.3
349.8,167.1,860.1
323.4,218.6,865.8
295.6,268.1,866.1
271.1,313.7,869.3
254.5,353.7,872.8
244.6,388.6,888.0
234.5,421.2,903.3
221.4,448.1,926.7
207.8,466.5,945.4
194.4,474.6,960.4
-,-,-
-3691.4,-3691.6,-3688.6
-3329.2,-3313.3,-3185.6
-2922.2,-2905.9,-2636.8
-2503.7,-2505.3,-2083.8
-2079.9,-2120.4,-1539.1
-1634.9,-1737.3,-986.7
-1180.4,-1362.7,-435.4
-731.1,-1000.1,107.4
-269.3,-632.8,666.9
29.6,-446.4,1005.0
104.3,-492.8,1020.7
179.7,-542.0,1068.6
257.8,-590.5,1080.4
334.5,-633.6,1107.1
414.8,-669.3,1085.8
491.0,-691.4,1078.3
561.9,-696.4,1029.4
622.1,-685.7,1005.3
673.6,-658.7,946.3
716.7,-616.6,914.0
747.2,-563.6,848.0
772.0,-497.5,815.0
787.9,-423.9,763.4
805.7,-343.3,750.4
828.7,-262.3,713.9
845.4,-175.9,713.3
855.6,-82.8,690.4
859.9,13.0,687.8
857.8,108.7,650.3
852.2,205.2,639.4
841.5,297.0,605.2
824.4,388.0,608.7
796.7,477.0,598.2
764.2,566.0,623.2
732.2,651.2,624.2
696.6,734.4,655.1
652.0,815.4,665.4
595.2,895.4,706.3
526.7,971.0,722.2
449.8,1035.6,757.6
364.5,1086.7,763.2
280.8,1123.6,795.1
205.3,1143.1,805.9
138.2,1143.9,840.6
81.1,1127.7,849.0
32.6,1098.8,876.0
-11.2,1066.0,876.7
-53.5,1033.7,899.7
-98.0,1002.5,897.0
-135.7,969.7,916.1
-170.8,935.8,901.8
-202.2,895.5,901.1
-224.3,851.0,874.7
-238.5,803.5,876.2
-247.3,753.0,858.4
-243.7,698.4,867.0
-227.6,641.5,860.1
-197.7,583.1,882.7
-164.2,520.3,883.5
-136.6,457.3,908.4
-118.8,396.8,910.2
-107.7,337.6,936.3
-93.0,277.5,944.8
-72.6,216.6,983.8
-47.3,153.5,1013.3
-24.1,91.5,1073.1
-4.6,29.9,1117.8
16.1,-32.7,1183.4
40.0,-98.4,1218.6
63.2,-163.7,1260.4
81.9,-225.2,1269.9
91.7,-275.5,1292.9
89.4,-313.5,1282.5
84.6,-340.0,1280.8
82.7,-363.0,1242.8
91.3,-386.4,1216.3
113.4,-409.2,1167.0
145.4,-430.1,1145.9
186.6,-450.5,1113.2
226.8,-470.8,1108.3
268.9,-492.1,1087.8
305.1,-508.2,1089.6
326.5,-512.1,1072.8
330.4,-498.0,1072.7
319.6,-468.3,1043.7
304.8,-432.3,1024.5
292.0,-395.9,980.1
288.5,-362.2,959.2
296.5,-334.2,921.3
315.7,-314.4,911.8
349.6,-304.6,890.3
387.0,-301.0,898.8
422.0,-295.1,900.1
443.8,-279.9,923.3
447.8,-249.3,924.7
432.6,-205.9,933.9
401.8,-152.5,907.2
361.1,-94.5,881.2
321.4,-41.8,827.0
291.6, 3.7,790.6
280.2,38.2,745.2
284.5,64.5,737.4
298.7,87.2,731.0
315.1,107.3,756.1
330.5,130.8,769.7
340.6,157.7,807.2
337.0,189.4,825.5
-,-,-
-3690.7,-3691.8,-3688.5
-3269.6,-3305.8,-3160.1
-2831.4,-2911.4,-2608.5
-2394.2,-2515.8,-2068.4
-1969.9,-2122.0,-1522.5
-1549.0,-1715.7,-978.7
-1144.1,-1313.2,-426.3
-735.1,-903.5,125.4
-325.6,-496.6,690.3
-127.0,-282.7,981.6
-153.6,-271.6,978.5
-182.9,-262.2,989.1
-208.7,-256.7,974.6
-227.1,-259.8,973.2
-230.4,-270.3,956.2
-220.2,-287.0,959.5
-197.4,-309.4,948.4
-161.3,-337.6,955.3
-112.6,-371.8,945.4
-58.2,-406.0,958.7
-1.0,-439.5,962.3
64.1,-472.8,982.4
144.1,-508.8,982.4
232.0,-544.9,986.5
320.0,-575.4,963.2
398.0,-593.5,950.1
469.4,-599.4,920.5
536.8,-593.0,903.1
602.0,-575.7,866.3
663.9,-547.2,847.4
715.2,-505.6,818.3
752.6,-451.0,805.3
778.8,-385.4,780.7
795.1,-314.3,775.6
810.3,-234.9,767.2
820.4,-150.8,779.9
822.4,-68.2,777.5
817.9,14.7,783.2
804.4,97.5,767.8
786.0,179.2,760.8
763.6,253.0,736.0
741.1,319.1,719.7
718.9,380.0,685.2
696.6,434.8,659.5
677.5,488.1,630.5
659.8,545.8,631.5
634.1,606.3,641.2
601.6,667.3,680.7
562.1,724.5,717.3
519.6,777.9,770.6
475.9,822.7,808.9
431.2,856.4,848.4
381.8,876.9,863.3
326.2,884.6,876.4
267.3,878.6,871.4
210.7,864.6,878.9
151.9,848.6,877.6
89.3,837.8,892.9
17.0,835.4,899.8
-60.4,838.3,919.5
-143.2,842.6,927.1
-224.3,845.5,941.0
-299.8,841.9,935.8
-355.4,830.8,928.5
-393.9,811.7,904.4
-414.6,783.8,887.6
-419.0,745.4,863.6
-408.1,701.8,860.7
-382.9,654.3,859.7
-349.6,604.8,880.8
-313.0,555.4,893.3
-286.3,508.8,913.5
-269.3,462.5,921.5
-259.6,417.4,933.4
-249.9,371.4,942.0
-231.7,323.1,968.2
-207.2,269.5,991.8
-183.0,214.6,1030.2
-157.5,157.1,1062.1
-122.8,95.0,1101.9
-81.6,27.3,1124.2
-41.5,-42.1,1146.5
-8.7,-107.1,1152.2
13.9,-166.3,1159.5
29.8,-218.0,1160.3
44.9,-265.4,1169.4
64.1,-308.1,1163.6
83.2,-344.5,1158.3
99.3,-370.7,1147.6
113.2,-386.4,1151.8
128.8,-398.1,1148.0
150.6,-408.3,1142.5
173.3,-417.5,1114.5
193.3,-425.0,1081.6
211.9,-427.9,1041.4
232.4,-428.8,1022.1
258.1,-427.7,1008.7
285.3,-424.3,1008.2
313.0,-418.4,1008.1
341.1,-409.3,1021.3
365.4,-395.9,1027.1
383.6,-376.8,1033.3
396.4,-352.6,1022.4
407.2,-326.3,1004.8
413.4,-293.8,969.8
415.8,-258.2,939.2
413.6,-221.3,906.0
405.7,-182.4,882.7
392.7,-143.7,860.1
381.1,-108.9,850.3
368.9,-77.8,836.3
352.2,-44.8,827.6
330.3,-8.6,819.2
307.9,31.5,823.1
289.3,73.7,824.5
277.8,117.1,831.0
270.5,162.0,828.9
260.7,208.7,832.0
247.1,252.5,831.6
-,-,-
-,-,-
-3691.4,-3691.3,-3688.5
-3332.6,-3298.2,-3182.6
-2938.4,-2874.5,-2667.2
-2547.8,-2457.2,-2137.3
-2150.7,-2031.2,-1611.9
-1754.8,-1604.5,-1058.4
-1368.1,-1186.3,-522.1
-974.1,-762.8,50.6
-572.1,-349.2,604.2
-327.6,-135.0,940.3
-293.3,-170.7,938.8
-258.9,-217.9,983.5
-219.3,-273.9,972.2
-177.0,-335.2,1010.3
-125.4,-403.6,1000.5
-61.7,-478.5,1038.3
 8.2,-554.6,1024.8
76.2,-625.9,1051.9
137.9,-689.9,1021.6
189.0,-740.8,1037.6
235.0,-773.4,1011.0
292.0,-796.8,1031.8
361.5,-811.2,1002.0
434.1,-810.2,1010.1
511.0,-795.3,963.2
589.0,-762.4,963.7
672.2,-707.2,929.4
766.0,-636.5,947.1
872.8,-555.6,920.3
976.2,-459.5,934.1
1055.9,-340.6,898.7
1101.8,-206.7,898.1
1116.4,-61.1,844.8
1104.4,88.5,823.9
1070.9,230.2,750.5
1023.6,361.5,714.1
967.7,483.0,644.4
906.3,592.3,630.9
844.6,682.7,589.8
789.0,755.2,602.4
744.7,810.9,584.8
706.6,854.1,614.4
668.6,891.0,609.9
627.3,925.7,656.8
574.4,955.8,666.1
518.8,977.3,708.0
459.1,987.3,697.6
397.7,986.0,718.0
334.0,979.5,694.8
269.5,972.5,715.6
199.5,966.4,703.6
130.1,960.9,739.4
63.9,955.5,737.3
-0.3,949.8,778.8
-63.8,944.3,784.1
-122.7,938.7,827.9
-171.7,932.9,828.0
-216.5,921.8,856.3
-256.5,906.4,842.9
-287.7,887.3,866.7
-307.5,864.2,852.5
-313.9,842.7,880.2
-308.5,819.4,871.8
-291.0,791.0,901.6
-265.2,757.5,892.7
-231.7,716.2,922.3
-191.7,666.2,915.7
-149.1,608.0,946.7
-110.5,543.7,937.4
-80.0,478.1,965.7
-66.5,416.5,959.7
-65.6,358.2,995.2
-65.3,298.3,999.0
-60.9,234.3,1046.4
-48.6,164.1,1062.5
-25.7,88.3,1110.6
 2.4, 8.9,1116.1
34.7,-72.7,1150.5
66.6,-158.1,1141.2
94.4,-239.5,1164.8
106.0,-300.9,1151.0
101.0,-342.4,1165.1
90.0,-369.3,1134.1
82.1,-383.4,1140.3
83.6,-390.2,1114.4
96.5,-394.8,1128.4
116.7,-402.0,1114.0
145.4,-407.9,1135.4
180.3,-417.0,1116.5
217.8,-429.0,1124.0
252.1,-438.4,1090.2
274.7,-440.1,1079.9
285.6,-432.9,1025.6
287.4,-415.2,1004.6
279.8,-389.0,954.3
272.7,-359.8,943.3
270.8,-333.0,901.3
279.0,-311.7,900.2
294.1,-295.6,875.9
313.6,-280.1,899.4
333.5,-266.0,901.3
346.7,-249.3,936.4
354.1,-228.2,927.9
355.6,-201.6,944.1
349.9,-170.1,915.7
339.4,-133.9,919.1
325.5,-92.7,885.8
307.8,-50.8,883.8
288.6,-10.5,848.8
269.1,28.3,853.8
251.2,64.1,836.9
236.4,94.8,861.3
225.6,124.1,853.5
214.3,152.9,879.5
199.1,183.3,870.8
-,-,-
-3691.2,-3691.3,-3688.3
-3311.3,-3297.0,-3159.8
-2904.7,-2889.1,-2598.9
-2485.1,-2481.4,-2050.7
-2067.5,-2086.9,-1498.3
-1641.9,-1688.5,-958.5
-1221.3,-1287.4,-402.0
-814.2,-888.2,136.2
-400.7,-481.7,714.3
-155.9,-263.3,1041.9
-130.5,-286.6,1044.0
-99.8,-316.9,1053.3
-63.7,-351.4,1043.6
-24.7,-384.0,1043.5
17.5,-416.2,1033.9
68.7,-455.4,1037.1
128.7,-497.2,1022.2
194.6,-534.1,1013.7
264.1,-562.5,983.4
330.3,-579.2,965.8
390.1,-578.7,941.1
447.6,-564.4,931.2
501.9,-541.4,907.4
559.8,-507.8,889.2
624.8,-467.8,853.1
694.9,-426.8,823.7
766.8,-381.2,787.7
831.6,-329.1,771.8
885.5,-268.9,756.3
926.0,-205.3,757.4
953.2,-132.1,753.6
971.9,-55.2,759.4
978.1,27.3,751.6
964.7,114.5,748.0
934.1,204.8,729.2
891.1,293.0,717.3
846.5,376.2,696.0
803.9,450.2,686.3
764.3,518.6,676.3
725.6,578.9,684.0
679.6,634.8,691.6
624.2,692.9,718.1
560.3,752.4,745.3
488.7,811.1,778.9
417.0,861.9,791.1
343.7,907.7,802.0
273.5,946.9,806.7
198.2,979.5,819.2
120.1,1003.6,825.0
41.9,1023.1,843.4
-28.8,1032.8,851.8
-95.5,1036.7,862.3
-160.4,1035.0,862.3
-229.0,1026.2,873.3
-294.6,1009.2,870.9
-353.3,987.3,860.2
-392.6,962.6,837.8
-411.2,930.9,818.3
-416.9,895.2,799.9
-414.8,858.7,800.7
-400.6,817.1,807.5
-370.9,772.6,823.7
-328.8,722.3,830.0
-276.1,663.4,843.3
-220.9,593.5,853.0
-172.4,518.4,871.2
-133.0,445.2,884.5
-93.9,373.4,907.9
-58.7,305.6,935.7
-40.5,246.7,984.5
-41.4,197.8,1032.4
-45.7,154.3,1081.6
-42.0,111.9,1121.9
-29.6,63.8,1170.2
-10.0,11.7,1215.4
12.8,-46.8,1271.1
40.3,-112.0,1315.7
71.2,-184.0,1350.1
104.5,-254.9,1361.7
128.1,-316.9,1372.0
134.9,-368.5,1372.6
134.4,-408.1,1368.8
136.8,-445.5,1347.0
144.2,-481.6,1313.5
155.4,-517.9,1267.2
169.1,-547.2,1228.3
197.2,-572.9,1191.4
234.8,-596.9,1162.1
277.3,-615.4,1133.0
308.2,-619.1,1112.6
317.2,-605.1,1089.6
316.5,-580.8,1062.8
313.7,-552.1,1019.6
315.2,-521.3,968.4
317.7,-488.4,915.9
323.5,-453.5,882.5
333.8,-413.9,865.9
347.0,-373.8,861.1
367.0,-339.0,856.3
385.6,-301.1,857.6
394.6,-255.5,850.9
401.7,-208.0,836.5
410.3,-158.2,810.8
416.5,-103.2,784.2
410.9,-38.3,767.3
390.0,33.3,769.1
366.5,105.4,781.4
350.9,166.8,796.1
348.7,210.5,809.0
348.9,251.5,828.1
341.6,292.8,848.0
321.4,337.9,871.0
298.8,377.2,878.4
284.2,407.0,871.2
-,-,-
-3690.9,-3691.4,-3688.3
-3303.6,-3305.1,-3195.7
-2884.8,-2882.6,-2630.7
-2469.6,-2461.3,-2107.5
-2065.8,-2049.8,-1558.9
-1656.4,-1634.6,-1037.6
-1249.9,-1234.7,-484.5
-826.0,-836.1,47.5
-388.7,-445.8,619.9
-123.1,-243.4,935.9
-83.8,-285.0,975.0
-38.9,-333.3,989.0
11.2,-380.7,1032.5
60.3,-422.8,1038.2
101.4,-457.0,1061.9
125.8,-479.3,1044.3
144.0,-492.4,1060.1
168.9,-505.3,1050.9
202.8,-518.8,1065.0
246.1,-534.1,1039.0
311.4,-549.9,1034.7
394.3,-566.2,994.9
486.2,-579.3,981.8
585.3,-586.3,940.5
686.4,-586.2,925.7
770.8,-573.0,874.2
830.4,-542.6,845.3
871.8,-497.3,789.1
890.1,-438.8,771.4
887.6,-365.0,734.9
881.9,-284.1,735.8
883.6,-206.5,708.6
889.8,-132.6,707.8
895.0,-55.4,676.6
896.9,24.6,673.4
897.0,110.0,652.8
894.6,193.5,667.4
881.7,274.4,658.6
855.2,351.2,681.5
816.3,429.8,681.3
768.1,515.0,714.3
718.7,599.6,727.2
669.7,675.1,772.3
619.7,740.7,786.2
562.0,798.5,815.6
500.4,848.0,805.8
438.1,885.8,818.3
381.4,908.7,805.9
324.1,920.7,825.0
260.8,925.0,819.8
190.3,923.3,841.5
123.2,921.5,839.9
61.1,917.7,868.1
 0.9,913.3,870.3
-52.7,912.4,900.5
-99.9,914.8,901.4
-148.3,916.4,926.9
-190.6,913.9,924.7
-219.9,909.7,947.4
-240.2,900.8,939.0
-261.2,884.0,947.8
-272.2,862.2,938.3
-266.8,834.6,963.6
-246.8,802.5,964.2
-224.0,763.1,990.9
-193.9,712.9,988.5
-161.3,651.3,1003.2
-142.0,582.1,977.9
-129.7,513.4,982.4
-110.6,446.3,975.1
-91.6,376.5,1005.5
-76.3,301.2,1026.5
-62.8,220.9,1089.7
-44.5,140.0,1134.5
-23.1,60.5,1199.2
 2.9,-18.1,1233.7
33.3,-91.8,1287.4
53.5,-159.6,1299.5
59.9,-213.5,1332.1
52.4,-257.2,1340.5
43.8,-288.8,1368.9
41.5,-318.6,1348.9
48.5,-350.3,1330.5
68.1,-384.3,1270.3
96.0,-420.4,1239.2
129.5,-453.0,1202.4
167.9,-487.6,1210.1
213.6,-528.4,1189.7
264.4,-573.6,1182.0
307.1,-616.4,1133.3
337.2,-640.5,1120.3
350.8,-642.2,1089.7
349.9,-626.3,1092.7
349.3,-601.5,1059.5
348.5,-578.9,1029.1
346.6,-556.9,949.1
340.3,-531.7,886.4
332.6,-502.3,804.9
331.7,-469.3,771.7
333.1,-438.4,736.3
338.5,-403.8,755.7
349.0,-363.0,761.7
364.8,-319.6,803.1
386.1,-277.2,816.2
407.7,-234.3,848.4
425.6,-192.1,836.4
445.2,-151.3,842.5
458.4,-107.6,815.7
462.9,-59.1,823.3
458.7,-8.5,811.5
444.6,38.5,831.9
421.4,82.6,822.1
394.8,121.6,841.8
367.9,159.8,837.4
340.0,196.5,864.1
313.7,231.9,857.4
-,-,-
-,-,-
-3691.5,-3691.2,-3688.6
-3322.5,-3289.8,-3184.3
-2919.2,-2866.7,-2616.8
-2515.3,-2456.6,-2085.1
-2101.0,-2044.8,-1516.2
-1684.8,-1639.8,-980.3
-1275.4,-1245.5,-424.3
-857.4,-848.5,117.2
-435.0,-458.2,694.2
-182.2,-267.9,1008.8
-135.9,-320.5,1028.5
-86.5,-381.9,1033.3
-28.1,-451.6,1038.8
40.0,-525.5,1044.1
122.6,-602.2,1058.6
216.7,-681.1,1069.2
312.4,-751.1,1082.8
403.2,-806.5,1086.7
479.7,-842.3,1082.3
538.4,-856.9,1060.4
583.8,-851.8,1037.7
623.6,-828.1,1007.6
656.0,-788.0,983.0
680.7,-735.8,952.5
706.9,-673.2,921.7
741.9,-607.9,876.9
785.4,-540.5,836.1
830.3,-467.6,798.8
873.8,-384.3,777.4
905.2,-293.9,752.9
921.9,-198.1,732.7
933.9,-100.1,701.5
939.8,-5.2,670.2
940.9,84.5,627.4
943.1,171.6,597.7
941.0,256.8,577.7
927.9,343.9,583.0
908.1,426.8,595.1
886.5,507.3,621.6
857.5,583.1,640.7
817.7,655.6,663.3
768.6,729.2,682.7
707.5,800.8,712.6
636.4,869.6,736.3
563.1,927.3,761.2
491.6,976.2,774.9
420.9,1016.4,794.0
346.9,1051.7,804.1
274.1,1083.6,824.0
207.8,1110.8,838.1
138.0,1134.7,856.1
61.5,1152.2,862.5
-14.0,1158.0,879.0
-77.3,1153.4,888.4
-126.3,1135.3,895.6
-160.2,1106.2,885.4
-183.4,1070.9,879.2
-199.8,1031.9,865.7
-208.7,990.1,866.7
-210.5,944.1,865.6
-206.0,901.2,866.3
-195.6,855.5,843.0
-186.2,805.8,818.9
-184.5,754.4,793.4
-193.2,706.4,793.6
-203.5,662.0,804.3
-209.0,615.7,831.0
-204.9,563.7,851.4
-184.4,502.3,882.3
-154.1,431.9,917.0
-125.1,358.7,971.8
-100.6,294.7,1029.2
-69.3,231.9,1093.6
-29.4,162.2,1136.5
 4.9,91.9,1182.8
33.6,21.3,1230.1
56.9,-49.0,1290.1
73.3,-118.1,1332.0
92.6,-182.3,1361.2
120.2,-247.0,1353.9
148.5,-308.4,1327.6
160.7,-358.7,1279.7
157.5,-391.5,1242.7
148.5,-412.7,1205.5
141.7,-426.2,1183.3
145.8,-435.4,1155.9
160.8,-446.1,1140.4
188.0,-457.9,1121.5
224.9,-472.6,1122.7
261.8,-482.1,1122.6
296.9,-485.0,1130.6
327.5,-480.0,1116.7
341.3,-463.5,1098.3
335.1,-433.7,1068.6
314.3,-392.6,1051.5
295.8,-347.6,1026.1
276.4,-298.7,1008.5
268.4,-255.6,981.7
277.8,-219.1,971.1
295.5,-191.9,954.9
319.9,-167.5,945.8
344.0,-139.2,916.6
363.6,-104.6,891.4
365.1,-59.6,863.7
342.8,-3.8,859.0
305.5,61.5,854.8
271.1,122.5,859.2
251.6,170.3,843.2
245.3,202.3,828.2
251.8,221.1,800.7
268.9,233.3,788.1
289.6,241.2,769.9
310.8,250.4,771.8
-,-,-
-3691.1,-3691.5,-3688.5
-3316.9,-3315.1,-3170.3
-2915.3,-2907.6,-2651.8
-2529.1,-2504.9,-2102.0
-2140.2,-2092.9,-1562.8
-1741.5,-1682.5,-977.1
-1337.1,-1286.6,-429.5
-910.8,-891.4,159.3
-471.3,-508.2,712.0
-205.4,-307.3,1055.2
-168.3,-340.9,1053.1
-126.6,-380.1,1107.5
-74.0,-427.7,1099.8
-20.1,-482.4,1130.0
26.6,-534.2,1095.1
62.3,-577.4,1106.3
89.4,-613.3,1061.7
116.0,-642.8,1068.5
153.6,-669.8,1030.9
207.3,-696.1,1052.0
267.9,-718.8,1025.3
337.2,-735.4,1051.8
410.2,-746.2,1025.2
484.7,-753.6,1041.9
559.2,-752.3,1002.6
633.5,-739.6,1009.2
706.7,-717.4,962.5
773.0,-685.9,955.4
835.6,-643.2,888.8
893.8,-590.6,862.7
944.2,-528.9,788.0
988.8,-455.2,763.7
1026.5,-371.4,694.5
1052.8,-278.8,674.1
1065.1,-179.5,609.0
1066.7,-69.3,595.4
1058.1,43.4,541.7
1046.1,152.5,542.8
1033.2,257.0,505.3
1018.8,357.1,519.4
1003.2,450.5,497.3
991.0,535.7,533.4
975.9,618.4,535.5
954.8,697.2,589.0
928.4,774.1,600.8
891.0,848.2,657.5
838.1,924.0,670.8
769.6,997.9,729.3
690.4,1067.7,741.4
600.8,1129.6,798.7
506.8,1174.1,809.5
414.6,1201.9,863.2
324.3,1212.7,868.6
237.6,1210.9,912.8
160.9,1200.2,907.8
93.0,1180.0,940.2
34.7,1151.7,926.3
-18.8,1120.0,954.2
-72.0,1087.5,934.2
-120.1,1057.9,953.2
-168.5,1027.2,920.4
-208.0,995.7,926.2
-239.6,964.9,889.5
-260.8,932.5,898.7
-276.6,898.7,866.2
-284.8,861.8,883.4
-273.5,819.5,868.6
-244.0,765.6,899.7
-202.3,695.7,887.9
-158.6,615.5,914.9
-120.9,536.7,899.9
-87.4,461.0,930.2
-59.6,392.5,927.3
-39.9,333.3,975.8
-31.0,282.0,985.8
-27.1,233.2,1039.5
-20.3,184.1,1055.9
-9.2,136.7,1118.7
 7.5,85.6,1137.9
32.5,21.5,1196.1
58.3,-53.1,1203.9
83.5,-132.2,1248.0
114.7,-211.9,1246.4
137.3,-290.3,1275.1
143.4,-348.2,1257.6
143.9,-386.4,1273.6
154.1,-421.8,1241.3
172.4,-454.1,1248.6
190.2,-481.9,1212.7
215.8,-508.0,1221.1
249.2,-536.0,1184.0
286.6,-561.7,1189.0
324.7,-586.2,1152.0
361.0,-608.2,1155.4
387.7,-614.6,1119.8
392.0,-600.0,1125.9
371.4,-571.1,1079.3
337.3,-528.8,1060.1
291.9,-479.1,988.2
246.6,-429.9,955.0
212.6,-386.5,885.9
196.3,-350.3,873.0
190.2,-325.3,830.8
199.6,-310.1,840.1
230.6,-301.4,814.7
277.5,-297.7,838.2
328.4,-294.4,825.7
377.0,-284.1,852.8
409.3,-255.4,834.6
421.2,-209.2,851.1
416.2,-152.5,821.3
401.0,-89.9,830.7
381.8,-27.7,796.3
359.8,35.0,804.9
341.2,96.7,775.6
329.5,154.8,795.7
323.1,206.9,778.4
322.9,254.9,803.7
320.4,299.1,791.1
310.5,347.1,828.3
287.6,398.0,834.4
-,-,-
-3691.1,-3691.4,-3687.5
-3302.0,-3303.5,-3167.4
-2872.5,-2896.9,-2606.9
-2435.4,-2497.9,-2049.4
-1998.6,-2113.4,-1500.2
-1550.9,-1727.9,-950.3
-1106.1,-1344.1,-394.1
-667.5,-968.4,162.0
-212.9,-591.4,743.6
66.6,-405.7,1074.4
123.5,-448.1,1129.4
181.8,-494.4,1141.0
239.4,-538.5,1182.5
291.2,-576.0,1180.8
343.9,-610.7,1214.6
393.7,-644.3,1203.0
437.3,-672.2,1221.6
473.6,-690.6,1201.1
503.4,-701.3,1209.7
523.7,-704.1,1169.1
545.1,-696.6,1153.8
569.2,-679.5,1100.5
593.3,-651.4,1082.6
619.1,-609.5,1030.2
649.1,-557.1,1004.5
679.8,-497.3,929.5
715.5,-430.3,880.9
754.9,-358.1,806.4
800.5,-281.3,780.0
847.7,-204.3,737.7
894.8,-128.6,740.1
940.4,-57.9,710.0
985.1,11.3,705.5
1022.2,83.0,670.2
1042.6,163.0,667.9
1043.7,244.2,629.7
1023.1,329.7,622.6
979.8,416.2,584.2
926.6,498.2,572.0
877.3,576.8,533.6
833.5,652.1,537.2
791.1,731.5,524.7
749.8,808.5,552.1
699.5,884.4,562.1
636.7,959.3,609.6
561.4,1033.4,628.9
480.2,1102.6,676.0
391.9,1163.1,689.0
296.4,1211.5,720.2
198.3,1238.4,715.0
99.6,1244.0,738.7
14.1,1231.1,738.0
-50.5,1202.7,767.5
-89.3,1164.1,765.6
-117.5,1121.9,789.6
-141.6,1084.2,784.7
-168.5,1055.8,808.1
-207.6,1037.4,802.5
-249.6,1029.0,815.1
-294.1,1022.7,785.9
-341.5,1015.5,770.6
-388.4,1005.1,723.5
-416.2,990.1,712.6
-420.3,961.9,689.8
-402.6,920.3,709.9
-362.7,860.0,718.5
-302.6,778.7,768.7
-232.4,684.4,799.8
-152.6,580.6,868.2
-66.2,476.8,922.4
11.1,374.8,1011.3
73.5,279.2,1071.4
116.4,190.1,1156.9
129.6,109.2,1213.8
129.8,39.0,1290.8
135.2,-26.5,1330.3
140.7,-92.3,1371.8
144.8,-160.6,1357.1
144.7,-224.9,1346.2
131.0,-278.3,1300.1
103.0,-317.7,1276.6
79.9,-348.4,1225.4
69.8,-371.2,1197.3
56.0,-389.8,1147.4
45.0,-405.7,1126.7
45.0,-419.5,1089.2
56.4,-433.3,1082.2
78.4,-456.8,1049.5
114.5,-486.6,1036.2
155.1,-511.6,998.1
184.8,-524.5,993.1
204.6,-529.3,969.9
220.1,-522.3,979.2
231.4,-504.8,972.8
239.9,-482.6,990.1
250.3,-456.7,976.1
258.7,-427.4,974.5
261.3,-396.4,938.1
263.7,-365.4,913.4
270.3,-331.1,856.3
267.7,-291.1,824.4
254.8,-246.6,776.0
241.3,-197.6,766.4
221.5,-147.6,752.4
202.6,-98.2,778.6
194.6,-56.7,791.8
204.7,-25.6,828.3
228.5,-3.0,839.5
264.7,18.7,867.7
299.1,47.9,865.9
318.0,90.1,882.8
319.0,138.8,874.3
306.7,189.7,885.0
285.9,238.7,871.7
258.3,281.9,880.1
-,-,-
