-,-,-
179.36,-426.98,1655.56
-49.21,-247.62,1023.81
174.60,-303.17,1069.84
401.59,-333.33,1125.40
460.32,-328.57,865.08
604.76,-73.02,1071.43
485.71,84.13,741.27
666.67,149.21,911.11
231.75,530.16,819.05
234.92,439.68,973.02
30.16,612.70,896.83
-25.40,561.90,965.08
-46.03,507.94,1046.03
-228.57,585.71,946.03
-298.41,480.95,1117.46
-257.14,453.97,1095.24
-144.44,231.75,1085.71
-101.59,-26.98,985.71
4.76,-326.98,815.87
-122.22,-355.56,836.51
130.16,-425.40,1036.51
234.92,-663.49,885.71
-46.03,-223.81,1022.22
274.60,-503.17,938.10
-98.41,-101.59,946.03
412.70,-360.32,1046.03
200.00,1.59,1012.70
301.59,44.44,1111.11
439.68,-104.76,911.11
103.17,300.00,915.87
253.97,204.76,988.89
79.36,306.35,838.10
-,-,-
309.52,-331.75,1707.94
334.92,-423.81,968.25
558.73,-401.59,1100.00
561.90,-157.14,1100.00
585.71,-107.94,887.30
534.92,55.56,766.67
528.57,304.76,733.33
382.54,433.33,663.49
211.11,685.71,861.90
-31.75,792.06,969.84
-152.38,814.29,1046.03
-255.56,744.44,1049.21
-150.79,506.35,941.27
-130.16,409.52,992.06
-120.64,222.22,1050.79
-76.19,126.98,1019.05
9.52,-252.38,914.29
-68.25,-301.59,941.27
101.59,-430.16,1023.81
25.40,-404.76,1042.86
71.43,-307.94,992.06
258.73,-447.62,1017.46
-71.43,-155.56,995.24
73.02,-269.84,887.30
-98.41,-377.78,934.92
384.13,-274.60,938.10
301.59,20.64,942.86
209.52,131.75,969.84
255.56,260.32,936.51
198.41,300.00,939.68
130.16,326.98,871.43
74.60,325.40,988.89
-,-,-
250.79,-196.83,1650.79
171.43,-196.83,1046.03
352.38,-269.84,995.24
482.54,-226.98,919.05
634.92,-46.03,1087.30
665.08,52.38,917.46
614.29,274.60,969.84
534.92,461.90,809.52
349.21,593.65,739.68
31.75,807.94,707.94
22.22,707.94,736.51
-323.81,909.52,757.14
-434.92,960.32,941.27
-425.40,709.52,884.13
-255.56,539.68,961.90
-44.44,355.56,1093.65
-44.44,184.13,1039.68
33.33,-69.84,995.24
-126.98,-1.59,890.48
-71.43,-226.98,888.89
-106.35,-307.94,865.08
-149.21,-96.83,1009.52
207.94,-509.52,1041.27
30.16,-173.02,1095.24
207.94,-255.56,1177.78
252.38,-231.75,998.41
125.40,98.41,1093.65
557.14,-171.43,1061.90
200.00,257.14,915.87
306.35,209.52,966.67
77.78,412.70,868.25
-17.46,433.33,792.06
-53.97,401.59,863.49
-,-,-
404.76,-169.84,1709.52
333.33,-180.95,992.06
579.36,-206.35,1144.44
661.90,-130.16,1074.60
588.89,7.94,974.60
561.90,276.19,819.05
504.76,312.70,687.30
328.57,633.33,744.44
-47.62,911.11,717.46
6.35,684.13,817.46
-200.00,707.94,844.44
-257.14,590.48,917.46
-142.86,415.87,990.48
-220.64,514.29,946.03
-353.97,-4.76,1198.41
-155.56,157.14,1166.67
-504.76,-101.59,960.32
25.40,-322.22,1014.29
-30.16,-457.14,842.86
-196.83,-177.78,912.70
250.79,-555.56,966.67
-177.78,-171.43,888.89
57.14,-201.59,961.90
-26.98,55.56,1068.25
301.59,-49.21,1114.29
457.14,-169.84,987.30
250.79,131.75,1044.44
363.49,82.54,936.51
182.54,284.13,985.71
150.79,287.30,947.62
28.57,436.51,842.86
-,-,-
503.17,-225.40,1673.02
384.13,-206.35,1069.84
609.52,-271.43,1049.21
795.24,-179.36,896.83
733.33,149.21,946.03
587.30,384.13,744.44
458.73,455.56,793.65
173.02,790.48,788.89
71.43,736.51,838.10
-100.00,712.70,841.27
-282.54,787.30,941.27
-328.57,658.73,1015.87
-250.79,534.92,1012.70
-125.40,249.21,1120.63
-180.95,303.17,1090.48
74.60,-28.57,1042.86
180.95,-406.35,887.30
-201.59,-155.56,792.06
153.97,-404.76,996.83
-50.79,-180.95,938.10
336.51,-500.00,995.24
-71.43,22.22,1023.81
403.17,-257.14,1025.40
311.11,-66.67,1041.27
360.32,55.56,1092.06
492.06,-49.21,966.67
236.51,309.52,1123.81
338.10,203.17,988.89
101.59,411.11,939.68
53.97,404.76,861.90
47.62,352.38,769.84
57.14,260.32,865.08
-,-,-
380.95,-25.40,1657.14
284.13,-126.98,1034.92
709.52,-382.54,1069.84
838.10,-230.16,1115.87
815.87,-92.06,996.83
638.10,200.00,836.51
533.33,149.21,663.49
31.75,757.14,657.14
-106.35,809.52,869.84
-426.98,941.27,919.05
-423.81,795.24,996.83
-307.94,590.48,922.22
-204.76,428.57,966.67
0.00,182.54,1092.06
-49.21,30.16,1036.51
1.59,-155.56,1022.22
-17.46,-230.16,1065.08
-66.67,-204.76,1017.46
52.38,-300.00,1022.22
134.92,-431.75,992.06
182.54,-433.33,1017.46
-79.36,-22.22,1042.86
438.10,-406.35,973.02
-142.86,258.73,1165.08
226.98,71.43,1200.00
363.49,-96.83,760.32
228.57,103.17,1015.87
314.29,182.54,912.70
28.57,280.95,966.67
-22.22,326.98,915.87
-28.57,263.49,784.13
-96.83,252.38,814.29
-,-,-
301.59,-273.02,1701.59
452.38,-282.54,992.06
766.67,-379.36,1168.25
763.49,-130.16,1036.51
814.29,-3.17,963.49
558.73,355.56,768.25
200.00,530.16,757.14
-23.81,612.70,769.84
-230.16,663.49,860.32
-347.62,684.13,965.08
-323.81,590.48,1049.21
-309.52,611.11,1068.25
26.98,312.70,1174.60
-126.98,350.79,1165.08
104.76,20.64,1223.81
98.41,-230.16,1042.86
73.02,-296.83,1095.24
250.79,-606.35,971.43
-71.43,-460.32,836.51
109.52,-606.35,809.52
-206.35,-201.59,863.49
23.81,-269.84,888.89
-28.57,-69.84,947.62
50.79,71.43,1017.46
161.90,-28.57,942.86
26.98,211.11,973.02
365.08,-57.14,915.87
184.13,222.22,942.86
326.98,153.97,993.65
384.13,57.14,936.51
253.97,200.00,966.67
101.59,287.30,1022.22
126.98,184.13,944.44
-,-,-
314.29,-153.97,1657.14
352.38,-128.57,961.90
742.86,-377.78,1023.81
785.71,-198.41,1069.84
682.54,-3.17,934.92
457.14,200.00,842.86
203.17,412.70,666.67
80.95,487.30,769.84
-228.57,709.52,888.89
-431.75,657.14,815.87
-634.92,695.24,893.65
-628.57,490.48,833.33
-347.62,280.95,998.41
-258.73,82.54,1076.19
22.22,-153.97,992.06
-101.59,-146.03,934.92
-1.59,-280.95,846.03
-169.84,-22.22,1139.68
253.97,-561.90,1098.41
-150.79,-98.41,1071.43
282.54,-476.19,1222.22
-155.56,-47.62,912.70
-76.19,-50.79,1012.70
133.33,-153.97,949.21
-19.05,155.56,941.27
379.36,-122.22,1042.86
155.56,249.21,938.10
109.52,236.51,973.02
180.95,225.40,971.43
-20.64,301.59,907.94
-98.41,377.78,865.08
-,-,-
439.68,-122.22,1679.37
465.08,-352.38,1044.44
615.87,-223.81,1165.08
736.51,-226.98,1117.46
712.70,-23.81,844.44
661.90,176.19,885.71
3.17,787.30,538.10
104.76,617.46,717.46
-225.40,893.65,809.52
-201.59,758.73,846.03
-406.35,842.86,836.51
-257.14,617.46,838.10
-73.02,412.70,987.30
-98.41,380.95,1090.48
76.19,103.17,988.89
160.32,-155.56,1022.22
-30.16,-223.81,992.06
20.64,-282.54,946.03
-346.03,-28.57,973.02
49.21,-246.03,1087.30
84.13,-301.59,1071.43
-93.65,-53.97,1014.29
282.54,-325.40,1041.27
-25.40,-6.35,858.73
225.40,-100.00,1074.60
226.98,-80.95,868.25
225.40,25.40,968.25
557.14,-193.65,1071.43
209.52,153.97,868.25
261.90,133.33,968.25
206.35,614.29,920.64
136.51,277.78,890.48
100.00,276.19,938.10
74.60,231.75,863.49
-,-,-
504.76,-3.17,1577.78
360.32,-169.84,1019.05
606.35,-298.41,1050.79
633.33,-169.84,1095.24
684.13,-146.03,893.65
561.90,73.02,811.11
439.68,231.75,822.22
252.38,484.13,720.64
80.95,639.68,860.32
7.94,658.73,866.67
-226.98,838.10,971.43
-200.00,607.94,1122.22
-326.98,509.52,792.06
-230.16,358.73,892.06
-222.22,380.95,1015.87
-52.38,207.94,1039.68
3.17,-17.46,1042.86
1.59,-174.60,939.68
47.62,-398.41,915.87
-149.21,-195.24,1019.05
3.17,-384.13,1019.05
50.79,-277.78,1168.25
123.81,-307.94,1014.29
3.17,-98.41,1122.22
225.40,-200.00,1046.03
-95.24,31.75,892.06
279.36,-104.76,974.60
158.73,123.81,974.60
123.81,249.21,890.48
336.51,101.59,939.68
123.81,312.70,841.27
204.76,300.00,990.48
125.40,288.89,993.65
-3.17,403.17,923.81
-,-,-
380.95,-28.57,1673.02
312.70,-131.75,1063.49
504.76,-301.59,1063.49
503.17,-250.79,988.89
584.13,-203.17,919.05
509.52,49.21,966.67
582.54,106.35,887.30
301.59,515.87,811.11
160.32,614.29,784.13
49.21,658.73,807.94
-200.00,785.71,915.87
-153.97,530.16,1011.11
-382.54,660.32,731.75
-231.75,426.98,911.11
-128.57,276.19,990.48
-130.16,250.79,868.25
60.32,-44.44,1192.06
1.59,-125.40,971.43
-3.17,-198.41,1095.24
149.21,-326.98,1088.89
149.21,-358.73,1090.48
71.43,-168.25,1060.32
284.13,-460.32,965.08
-195.24,104.76,969.84
365.08,-384.13,1022.22
146.03,-79.36,814.29
253.97,-26.98,1012.70
463.49,-169.84,914.29
120.64,284.13,965.08
517.46,-23.81,1019.05
253.97,211.11,844.44
161.90,326.98,988.89
-,-,-
312.70,-41.27,1703.17
236.51,-126.98,944.44
460.32,-282.54,1166.67
614.29,-331.75,1068.25
511.11,-130.16,1014.29
665.08,-100.00,858.73
636.51,123.81,893.65
809.52,306.35,733.33
150.79,639.68,634.92
150.79,609.52,711.11
-28.57,811.11,765.08
-195.24,657.14,990.48
-457.14,690.48,996.83
-231.75,482.54,914.29
-92.06,225.40,1092.06
-46.03,200.00,1017.46
106.35,-47.62,1095.24
31.75,-79.36,942.86
77.78,-230.16,1065.08
30.16,-257.14,968.25
-98.41,-119.05,969.84
33.33,-249.21,1015.87
-144.44,-144.44,974.60
-93.65,-95.24,1022.22
0.00,-206.35,987.30
-42.86,-123.81,1038.10
103.17,-201.59,988.89
57.14,-1.59,887.30
301.59,-155.56,968.25
176.19,95.24,911.11
350.79,22.22,973.02
352.38,-44.44,944.44
231.75,258.73,1068.25
185.71,253.97,965.08
153.97,328.57,944.44
-,-,-
303.17,9.52,1704.76
312.70,-147.62,1011.11
561.90,-409.52,995.24
530.16,-258.73,998.41
609.52,-204.76,1015.87
484.13,44.44,1012.70
261.90,287.30,738.10
306.35,258.73,706.35
23.81,515.87,731.75
-23.81,484.13,841.27
-300.00,611.11,909.52
-204.76,482.54,987.30
-269.84,434.92,1038.10
-253.97,403.17,1065.08
-71.43,134.92,1120.63
-176.19,182.54,1036.51
73.02,-146.03,1168.25
28.57,-233.33,1096.83
26.98,-257.14,1144.44
60.32,-333.33,1469.84
-19.05,-247.62,1036.51
-53.97,-225.40,966.67
-103.17,-171.43,812.70
-47.62,-71.43,912.70
-17.46,-71.43,890.48
-177.78,-50.79,888.89
209.52,-103.17,911.11
179.36,-44.44,941.27
196.83,73.02,971.43
333.33,-22.22,988.89
261.90,73.02,941.27
255.56,128.57,996.83
182.54,182.54,966.67
82.54,276.19,963.49
-,-,-
233.33,134.92,1620.63
260.32,-125.40,941.27
384.13,-282.54,934.92
782.54,-501.59,1120.63
580.95,-179.36,1039.68
465.08,57.14,968.25
509.52,133.33,831.75
404.76,414.29,787.30
236.51,534.92,711.11
49.21,734.92,866.67
-295.24,838.10,885.71
-282.54,758.73,885.71
-353.97,565.08,887.30
-179.36,407.94,965.08
0.00,157.14,1146.03
-47.62,53.97,995.24
-20.64,-71.43,1074.60
-74.60,-226.98,893.65
-230.16,-171.43,947.62
-231.75,-71.43,1015.87
47.62,-296.83,1042.86
-106.35,-52.38,1039.68
250.79,-301.59,1017.46
158.73,-200.00,938.10
260.32,-177.78,1038.10
409.52,-349.21,988.89
103.17,20.64,888.89
484.13,-247.62,1044.44
185.71,60.32,868.25
301.59,57.14,1041.27
250.79,174.60,944.44
185.71,250.79,965.08
80.95,312.70,920.64
-,-,-
363.49,-73.02,1601.59
384.13,-104.76,1015.87
563.49,-234.92,1123.81
661.90,-230.16,1120.63
615.87,-93.65,987.30
561.90,25.40,787.30
434.92,157.14,693.65
100.00,457.14,665.08
-273.02,563.49,655.56
-44.44,617.46,914.29
-30.16,577.78,1038.10
-17.46,455.56,1039.68
0.00,404.76,1084.13
46.03,226.98,1114.29
-80.95,230.16,1015.87
6.35,-15.87,1019.05
-184.13,76.19,1098.41
-128.57,-42.86,1038.10
-46.03,-203.17,909.52
-149.21,-120.64,992.06
123.81,-403.17,938.10
-26.98,-246.03,987.30
228.57,-484.13,1034.92
6.35,-173.02,1063.49
255.56,-401.59,961.90
82.54,-157.14,946.03
257.14,-257.14,974.60
100.00,-53.97,890.48
158.73,-1.59,1063.49
338.10,-76.19,961.90
130.16,174.60,911.11
260.32,122.22,971.43
153.97,277.78,895.24
22.22,328.57,915.87
-,-,-
580.95,-280.95,1684.13
585.71,-307.94,1195.24
642.86,-360.32,1092.06
590.48,-228.57,914.29
457.14,-46.03,888.89
257.14,257.14,782.54
201.59,325.40,809.52
-17.46,480.95,719.05
1.59,452.38,814.29
-53.97,363.49,784.13
-28.57,326.98,938.10
-119.05,284.13,1047.62
-226.98,306.35,1114.29
-155.56,307.94,1274.60
-3.17,-22.22,1269.84
-76.19,6.35,1173.02
147.62,-331.75,1049.21
-23.81,-255.56,996.83
106.35,-385.71,961.90
206.35,-434.92,896.83
304.76,-600.00,871.43
158.73,-349.21,936.51
249.21,-323.81,992.06
304.76,-198.41,995.24
101.59,57.14,1041.27
425.40,-77.78,1011.11
303.17,49.21,934.92
200.00,201.59,842.86
179.36,233.33,907.94
25.40,377.78,833.33
103.17,301.59,1022.22
-,-,-
438.10,-173.02,1676.19
465.08,-350.79,1012.70
533.33,-328.57,1119.05
585.71,-225.40,1063.49
504.76,31.75,965.08
453.97,158.73,814.29
434.92,352.38,809.52
250.79,553.97,844.44
58.73,517.46,863.49
-131.75,641.27,974.60
-126.98,400.00,885.71
-198.41,436.51,914.29
-250.79,353.97,885.71
-225.40,385.71,869.84
-150.79,814.29,939.68
-126.98,130.16,1061.90
-3.17,-52.38,1122.22
-125.40,28.57,1050.79
-126.98,-73.02,971.43
-4.76,-225.40,969.84
-4.76,-274.60,971.43
-17.46,-303.17,896.83
50.79,-334.92,987.30
1.59,-222.22,938.10
73.02,-247.62,1011.11
231.75,-347.62,1015.87
80.95,-46.03,1009.52
336.51,-225.40,1019.05
109.52,104.76,993.65
333.33,1.59,1049.21
274.60,103.17,915.87
104.76,273.02,939.68
125.40,284.13,917.46
3.17,412.70,919.05
-,-,-
80.95,-30.16,1598.41
104.76,-100.00,331.75
287.30,-253.97,969.84
304.76,-147.62,1061.90
530.16,-380.95,969.84
455.56,-100.00,1044.44
568.25,28.57,971.43
357.14,252.38,1096.83
377.78,377.78,842.86
357.14,565.08,815.87
131.75,693.65,666.67
-96.83,736.51,765.08
-279.36,815.87,639.68
-282.54,563.49,787.30
-226.98,485.71,885.71
-130.16,249.21,887.30
-147.62,187.30,865.08
-20.64,-31.75,920.64
-255.56,230.16,1065.08
-68.25,-20.64,1123.81
-333.33,157.14,1198.41
-52.38,-220.64,1095.24
-53.97,-253.97,1066.67
-22.22,-323.81,1011.11
3.17,-358.73,1011.11
-146.03,-150.79,1011.11
173.02,-398.41,961.90
-171.43,-20.64,936.51
85.71,-103.17,987.30
250.79,-177.78,884.13
26.98,200.00,509.52
463.49,-173.02,944.44
-19.05,363.49,968.25
277.78,149.21,992.06
149.21,234.92,871.43
46.03,334.92,969.84
80.95,282.54,942.86
-28.57,249.21,920.64
-,-,-
276.19,-284.13,1703.17
261.90,-328.57,1092.06
411.11,-331.75,1044.44
439.68,-252.38,1068.25
465.08,-101.59,814.29
530.16,47.62,892.06
428.57,380.95,834.92
353.97,458.73,866.67
184.13,592.06,795.24
1.59,639.68,871.43
-174.60,614.29,842.86
-280.95,639.68,1038.10
-304.76,401.59,996.83
-174.60,285.71,1115.87
3.17,47.62,1061.90
-300.00,158.73,1088.89
-98.41,-76.19,1112.70
80.95,-382.54,998.41
-226.98,-122.22,995.24
150.79,-509.52,946.03
-126.98,-253.97,919.05
82.54,-425.40,949.21
149.21,-431.75,811.11
-30.16,-79.36,965.08
353.97,-384.13,996.83
23.81,26.98,946.03
306.35,-153.97,1085.71
312.70,-55.56,968.25
158.73,125.40,966.67
403.17,-28.57,993.65
131.75,209.52,934.92
153.97,184.13,960.32
133.33,230.16,942.86
19.05,276.19,923.81
-,-,-
174.60,-177.78,1682.54
103.17,-177.78,1088.89
377.78,-453.97,1038.10
539.68,-509.52,911.11
533.33,-252.38,960.32
607.94,-100.00,963.49
511.11,134.92,1117.46
461.90,403.17,1019.05
360.32,438.10,912.70
126.98,534.92,841.27
0.00,533.33,844.44
-79.36,541.27,834.92
-171.43,488.89,947.62
-258.73,350.79,836.51
-204.76,312.70,915.87
-480.95,409.52,965.08
-22.22,49.21,1123.81
-123.81,125.40,1144.44
236.51,-407.94,1063.49
53.97,-311.11,1141.27
95.24,-430.16,1042.86
103.17,-430.16,985.71
-19.05,-277.78,1038.10
60.32,-374.60,887.30
-101.59,-128.57,893.65
257.14,-380.95,863.49
177.78,-274.60,763.49
107.94,19.05,1012.70
431.75,-131.75,1061.90
255.56,104.76,936.51
204.76,174.60,995.24
355.56,104.76,860.32
209.52,231.75,963.49
106.35,300.00,961.90
109.52,285.71,941.27
128.57,201.59,1014.29
31.75,207.94,819.05
-,-,-
230.16,-252.38,1622.22
160.32,-284.13,1014.29
58.73,-376.19,1073.02
566.67,-406.35,1071.43
614.29,-276.19,871.43
841.27,-233.33,833.33
615.87,203.17,944.44
304.76,558.73,861.90
125.40,768.25,938.10
-73.02,833.33,871.43
-147.62,692.06,866.67
-396.83,765.08,836.51
-280.95,412.70,784.13
-280.95,414.29,868.25
-142.86,203.17,987.30
-144.44,104.76,920.64
-200.00,82.54,1046.03
-122.22,-171.43,968.25
-325.40,0.00,1020.64
-76.19,-322.22,1066.67
-282.54,-120.64,996.83
-20.64,-303.17,961.90
-53.97,-271.43,969.84
-80.95,-174.60,869.84
98.41,-304.76,907.94
-46.03,-73.02,893.65
326.98,-295.24,993.65
261.90,-120.64,1042.86
258.73,-74.60,1073.02
333.33,-100.00,1041.27
174.60,58.73,966.67
126.98,157.14,995.24
152.38,130.16,884.13
131.75,182.54,873.02
58.73,282.54,947.62
-,-,-
250.79,-169.84,1676.19
149.21,-279.36,1061.90
260.32,-276.19,1061.90
488.89,-404.76,993.65
538.10,-184.13,893.65
558.73,-42.86,868.25
568.25,123.81,888.89
434.92,285.71,863.49
333.33,365.08,785.71
133.33,485.71,907.94
-3.17,458.73,961.90
-101.59,485.71,1017.46
-355.56,534.92,1060.32
-401.59,461.90,969.84
-347.62,434.92,996.83
-223.81,284.13,1049.21
-196.83,236.51,1022.22
6.35,-146.03,963.49
-28.57,-250.79,914.29
-120.64,-246.03,865.08
26.98,-306.35,1061.90
96.83,-398.41,1122.22
1.59,-326.98,936.51
277.78,-425.40,1142.86
231.75,-352.38,1039.68
71.43,-123.81,1038.10
198.41,-174.60,985.71
58.73,98.41,936.51
300.00,-30.16,946.03
155.56,176.19,844.44
326.98,125.40,936.51
276.19,200.00,911.11
131.75,301.59,934.92
134.92,261.90,885.71
103.17,284.13,971.43
-47.62,288.89,1012.70
-,-,-
384.13,-180.95,1596.83
409.52,-284.13,1065.08
484.13,-195.24,1014.29
584.13,-220.64,1066.67
458.73,-69.84,822.22
490.48,174.60,809.52
365.08,304.76,817.46
176.19,534.92,892.06
-3.17,631.75,934.92
-126.98,585.71,893.65
-169.84,479.36,914.29
-180.95,452.38,866.67
-233.33,330.16,834.92
-323.81,384.13,863.49
-246.03,258.73,1012.70
-228.57,252.38,1115.87
-44.44,-4.76,1144.44
0.00,-158.73,1085.71
-123.81,-182.54,938.10
-279.36,0.00,912.70
-100.00,-30.16,917.46
130.16,-252.38,987.30
58.73,-177.78,941.27
352.38,-353.97,1071.43
234.92,-271.43,974.60
74.60,0.00,1011.11
363.49,-207.94,1063.49
176.19,30.16,988.89
234.92,46.03,1066.67
255.56,80.95,1017.46
184.13,150.79,866.67
153.97,234.92,934.92
80.95,276.19,887.30
28.57,304.76,861.90
30.16,274.60,914.29
-50.79,284.13,915.87
23.81,180.95,960.32
-,-,-
304.76,-223.81,1696.83
230.16,-223.81,988.89
482.54,-382.54,973.02
536.51,-280.95,1085.71
465.08,-69.84,936.51
557.14,6.35,1023.81
382.54,334.92,846.03
461.90,255.56,865.08
125.40,563.49,820.64
76.19,501.59,815.87
-104.76,534.92,996.83
-358.73,630.16,965.08
-298.41,377.78,992.06
-296.83,387.30,971.43
-146.03,234.92,1038.10
-80.95,130.16,1014.29
-119.05,177.78,1047.62
33.33,-95.24,1039.68
-73.02,-76.19,882.54
203.17,-295.24,968.25
7.94,-323.81,836.51
100.00,-382.54,960.32
104.76,-325.40,941.27
157.14,-303.17,963.49
201.59,-282.54,892.06
353.97,-274.60,1014.29
225.40,-171.43,960.32
450.79,-279.36,960.32
388.89,-53.97,1071.43
284.13,147.62,1012.70
333.33,130.16,965.08
253.97,284.13,890.48
49.21,434.92,958.73
126.98,314.29,911.11
47.62,334.92,866.67
-15.87,312.70,912.70
-,-,-
57.14,-223.81,993.65
353.97,-223.81,1073.02
409.52,-228.57,1074.60
501.59,-282.54,1050.79
512.70,-50.79,893.65
541.27,126.98,888.89
379.36,250.79,793.65
74.60,517.46,871.43
-42.86,538.10,871.43
-153.97,566.67,880.95
-233.33,536.51,995.24
-326.98,560.32,947.62
-209.52,433.33,1061.90
-225.40,358.73,1046.03
-142.86,200.00,1123.81
-42.86,-96.83,1009.52
-68.25,-180.95,1019.05
74.60,-376.19,947.62
55.56,-406.35,884.13
79.36,-425.40,966.67
182.54,-526.98,768.25
52.38,-304.76,1119.05
179.36,-325.40,1087.30
174.60,-182.54,1098.41
134.92,-104.76,1063.49
158.73,6.35,1023.81
257.14,-23.81,934.92
353.97,-22.22,946.03
133.33,149.21,917.46
126.98,152.38,866.67
-1.59,260.32,934.92
-4.76,325.40,892.06
-,-,-
328.57,-173.02,1755.56
157.14,-207.94,998.41
303.17,-401.59,1025.40
431.75,-425.40,998.41
430.16,-279.36,1066.67
503.17,-122.22,990.48
461.90,33.33,987.30
303.17,300.00,890.48
361.90,282.54,858.73
25.40,592.06,884.13
4.76,460.32,842.86
-271.43,561.90,922.22
-196.83,433.33,888.89
-204.76,301.59,963.49
-247.62,249.21,923.81
-133.33,104.76,922.22
-220.64,196.83,1114.29
-144.44,95.24,1125.40
-176.19,55.56,565.08
-44.44,-22.22,1047.62
106.35,-350.79,936.51
-144.44,-79.36,960.32
253.97,-579.36,987.30
-155.56,-122.22,988.89
149.21,-377.78,1012.70
23.81,-179.36,985.71
-95.24,-46.03,1074.60
225.40,-179.36,912.70
130.16,76.19,941.27
438.10,-130.16,995.24
207.94,98.41,842.86
303.17,80.95,988.89
176.19,177.78,915.87
104.76,276.19,992.06
173.02,207.94,992.06
179.36,252.38,942.86
26.98,273.02,947.62
-,-,-
226.98,-76.19,1631.75
149.21,-144.44,1042.86
152.38,-179.36,995.24
309.52,-277.78,1017.46
477.78,-271.43,1069.84
484.13,-146.03,892.06
528.57,-19.05,942.86
580.95,96.83,820.64
431.75,-104.76,890.48
331.75,479.36,771.43
106.35,584.13,920.64
22.22,541.27,990.48
-52.38,415.87,920.64
-157.14,382.54,1066.67
-207.94,361.90,992.06
-326.98,350.79,911.11
-249.21,231.75,1063.49
-146.03,49.21,888.89
-73.02,28.57,1014.29
-223.81,46.03,965.08
-168.25,-117.46,893.65
-382.54,31.75,946.03
-119.05,-231.75,744.44
-171.43,-146.03,1066.67
200.00,-511.11,969.84
-150.79,-53.97,1047.62
430.16,-485.71,987.30
-28.57,77.78,939.68
306.35,-104.76,1044.44
312.70,-17.46,988.89
238.10,150.79,971.43
438.10,9.52,996.83
204.76,260.32,919.05
187.30,249.21,993.65
74.60,331.75,915.87
50.79,309.52,895.24
-,-,-
252.38,-50.79,1622.22
130.16,-47.62,968.25
225.40,-123.81,973.02
382.54,-204.76,1036.51
439.68,-231.75,1142.86
361.90,-220.64,1012.70
380.95,-177.78,917.46
485.71,-171.43,938.10
406.35,106.35,963.49
363.49,280.95,841.27
201.59,476.19,758.73
50.79,655.56,819.05
-177.78,742.86,814.29
-246.03,606.35,911.11
-353.97,588.89,839.68
-201.59,352.38,911.11
-206.35,285.71,868.25
-126.98,103.17,949.21
-147.62,125.40,1039.68
-128.57,50.79,1046.03
-230.16,155.56,1066.67
30.16,-171.43,1042.86
3.17,-255.56,960.32
-76.19,-182.54,911.11
103.17,-276.19,985.71
26.98,-203.17,946.03
149.21,-157.14,995.24
306.35,-323.81,936.51
71.43,-25.40,995.24
452.38,-258.73,822.22
388.89,1.59,1150.79
330.16,133.33,1112.70
433.33,49.21,1047.62
225.40,260.32,920.64
130.16,255.56,968.25
58.73,326.98,887.30
60.32,257.14,920.64
19.05,261.90,971.43
-,-,-
385.71,-19.05,1728.57
58.73,-122.22,1011.11
134.92,-222.22,995.24
158.73,-203.17,985.71
306.35,-282.54,1039.68
504.76,-258.73,1073.02
511.11,-130.16,987.30
536.51,4.76,1095.24
488.89,228.57,1019.05
458.73,285.71,769.84
250.79,553.97,885.71
155.56,590.48,714.29
-103.17,560.32,1038.10
-307.94,666.67,758.73
-146.03,428.57,834.92
-331.75,479.36,863.49
-323.81,300.00,911.11
-206.35,233.33,1022.22
-119.05,60.32,1044.44
-98.41,26.98,1022.22
-103.17,-4.76,1146.03
49.21,-260.32,909.52
-223.81,-104.76,995.24
47.62,-306.35,920.64
-55.56,-130.16,988.89
226.98,-422.22,973.02
20.64,-155.56,868.25
336.51,-306.35,1073.02
285.71,-182.54,987.30
152.38,109.52,1071.43
360.32,-53.97,1049.21
152.38,260.32,1065.08
333.33,73.02,1117.46
203.17,207.94,915.87
134.92,225.40,988.89
152.38,157.14,888.89
107.94,155.56,884.13
0.00,226.98,941.27
-,-,-
465.08,-252.38,1803.17
185.71,-376.19,1041.27
307.94,-377.78,1096.83
388.89,-374.60,998.41
433.33,-257.14,847.62
555.56,-152.38,873.02
587.30,160.32,1071.43
439.68,431.75,946.03
453.97,555.56,920.64
146.03,688.89,890.48
26.98,607.94,768.25
-119.05,566.67,809.52
-353.97,517.46,742.86
-358.73,436.51,787.30
-376.19,411.11,885.71
-198.41,155.56,965.08
-152.38,123.81,1047.62
-146.03,22.22,961.90
-223.81,158.73,1173.02
77.78,-133.33,1242.86
6.35,-247.62,996.83
-79.36,-120.64,1068.25
-20.64,-280.95,934.92
-173.02,-49.21,984.13
55.56,-304.76,861.90
49.21,-258.73,917.46
185.71,-228.57,917.46
234.92,-195.24,912.70
234.92,-30.16,1042.86
515.87,-223.81,993.65
280.95,82.54,1023.81
409.52,6.35,990.48
301.59,158.73,885.71
157.14,274.60,1014.29
200.00,249.21,838.10
101.59,211.11,987.30
-,-,-
353.97,0.00,1757.14
176.19,-230.16,1019.05
285.71,-311.11,1015.87
415.87,-407.94,1047.62
488.89,-333.33,965.08
557.14,-249.21,995.24
479.36,6.35,893.65
530.16,73.02,865.08
276.19,414.29,860.32
157.14,490.48,860.32
-103.17,612.70,846.03
-150.79,584.13,865.08
-352.38,607.94,893.65
-304.76,514.29,887.30
-255.56,412.70,873.02
-228.57,357.14,960.32
-76.19,123.81,1066.67
-246.03,174.60,884.13
-71.43,-47.62,1017.46
-80.95,-179.36,1011.11
-103.17,-230.16,947.62
22.22,-428.57,996.83
-77.78,-333.33,944.44
96.83,-425.40,914.29
57.14,-376.19,907.94
0.00,-150.79,868.25
307.94,-301.59,1022.22
122.22,-23.81,1044.44
353.97,-74.60,1041.27
404.76,-47.62,1047.62
155.56,174.60,1061.90
304.76,60.32,990.48
107.94,180.95,938.10
125.40,226.98,896.83
182.54,225.40,863.49
33.33,352.38,866.67
-,-,-
401.59,-22.22,1652.38
311.11,-155.56,1063.49
477.78,-306.35,1096.83
506.35,-249.21,1114.29
480.95,-155.56,966.67
568.25,-53.97,809.52
453.97,174.60,858.73
461.90,182.54,807.94
177.78,558.73,831.75
22.22,457.14,793.65
-117.46,687.30,892.06
-119.05,465.08,965.08
-379.36,538.10,917.46
-323.81,485.71,973.02
-222.22,309.52,988.89
-279.36,338.10,934.92
-19.05,103.17,1047.62
52.38,-30.16,942.86
-50.79,-4.76,1014.29
7.94,-279.36,971.43
-52.38,-307.94,871.43
133.33,-474.60,1066.67
30.16,-358.73,936.51
134.92,-353.97,1061.90
149.21,-374.60,1023.81
155.56,-169.84,1042.86
304.76,-298.41,990.48
109.52,77.78,1047.62
407.94,-153.97,941.27
155.56,155.56,836.51
538.10,-53.97,963.49
312.70,150.79,838.10
106.35,384.13,1015.87
79.36,326.98,993.65
-22.22,380.95,963.49
-,-,-
453.97,-50.79,1657.14
225.40,-173.02,1038.10
536.51,-349.21,1065.08
719.05,-447.62,1014.29
733.33,-257.14,934.92
641.27,98.41,984.13
403.17,458.73,965.08
225.40,612.70,858.73
71.43,668.25,709.52
-66.67,707.94,815.87
-223.81,734.92,811.11
-182.54,528.57,1014.29
-352.38,580.95,912.70
-204.76,260.32,846.03
-322.22,280.95,861.90
-177.78,109.52,919.05
-222.22,79.36,965.08
-258.73,60.32,893.65
-106.35,-152.38,973.02
-200.00,-50.79,947.62
104.76,-328.57,1041.27
-49.21,-104.76,1017.46
277.78,-328.57,1087.30
180.95,-304.76,969.84
-52.38,103.17,961.90
458.73,-277.78,1047.62
201.59,50.79,966.67
403.17,-22.22,1093.65
388.89,1.59,992.06
1.59,328.57,1044.44
225.40,152.38,969.84
28.57,311.11,917.46
-3.17,276.19,887.30
22.22,350.79,944.44
-53.97,326.98,920.64
-,-,-
334.92,-201.59,1658.73
79.36,-131.75,1061.90
406.35,-453.97,1100.00
530.16,-398.41,995.24
560.32,-253.97,1093.65
488.89,52.38,944.44
582.54,147.62,960.32
334.92,460.32,812.70
288.89,411.11,763.49
-258.73,996.83,866.67
-144.44,642.86,936.51
-100.00,511.11,1014.29
-100.00,253.97,946.03
-100.00,173.02,941.27
-106.35,177.78,966.67
-174.60,182.54,919.05
-274.60,211.11,996.83
-171.43,176.19,1074.60
-255.56,230.16,915.87
-46.03,25.40,1168.25
-253.97,-104.76,836.51
131.75,-309.52,1014.29
9.52,-328.57,1036.51
23.81,-179.36,1017.46
276.19,-382.54,1125.40
-3.17,-74.60,960.32
-1.59,-46.03,834.92
153.97,-23.81,965.08
-19.05,236.51,1165.08
233.33,150.79,965.08
404.76,4.76,1044.44
185.71,252.38,1015.87
250.79,198.41,995.24
226.98,203.17,992.06
100.00,230.16,869.84
73.02,303.17,923.81
-,-,-
284.13,-3.17,1709.52
103.17,-147.62,944.44
152.38,-269.84,987.30
288.89,-434.92,947.62
433.33,-504.76,1093.65
536.51,-407.94,1071.43
590.48,-246.03,915.87
552.38,76.19,1073.02
277.78,412.70,739.68
333.33,512.70,912.70
69.84,714.29,634.92
-28.57,661.90,614.29
-271.43,763.49,612.70
-307.94,688.89,682.54
-257.14,579.36,758.73
-349.21,511.11,820.64
-280.95,453.97,936.51
-273.02,361.90,836.51
-130.16,107.94,1039.68
-507.94,431.75,971.43
-122.22,-30.16,993.65
-147.62,-93.65,1049.21
-182.54,-117.46,915.87
-155.56,-207.94,739.68
-201.59,-76.19,1126.98
104.76,-350.79,893.65
-98.41,-47.62,1022.22
231.75,-249.21,1012.70
6.35,73.02,892.06
377.78,-101.59,1038.10
361.90,-19.05,1017.46
184.13,173.02,995.24
403.17,103.17,1044.44
153.97,382.54,963.49
58.73,355.56,919.05
6.35,365.08,868.25
-98.41,388.89,917.46
-,-,-
479.36,-277.78,1676.19
109.52,-230.16,960.32
365.08,-458.73,1047.62
407.94,-247.62,1119.05
536.51,-171.43,1114.29
558.73,-142.86,914.29
438.10,122.22,812.70
485.71,253.97,939.68
379.36,385.71,768.25
207.94,487.30,865.08
79.36,534.92,868.25
0.00,511.11,885.71
-150.79,587.30,909.52
-149.21,379.36,961.90
-296.83,484.13,895.24
-207.94,388.89,985.71
-128.57,309.52,995.24
-20.64,74.60,990.48
-47.62,-69.84,936.51
-155.56,49.21,987.30
126.98,-122.22,1122.22
-74.60,-103.17,1011.11
128.57,-206.35,1141.27
147.62,-377.78,1022.22
-101.59,-73.02,890.48
279.36,-450.79,1014.29
-107.94,-104.76,809.52
58.73,-130.16,896.83
414.29,-309.52,990.48
106.35,134.92,920.64
536.51,-120.64,1038.10
438.10,49.21,1120.63
212.70,250.79,939.68
180.95,279.36,961.90
33.33,384.13,892.06
-53.97,384.13,863.49
-,-,-
536.51,-155.56,1676.19
387.30,-280.95,992.06
488.89,-252.38,1074.60
582.54,-233.33,1114.29
530.16,-69.84,966.67
485.71,236.51,961.90
430.16,279.36,788.89
285.71,403.17,846.03
80.95,538.10,809.52
3.17,460.32,761.90
-201.59,612.70,785.71
-279.36,587.30,731.75
-384.13,639.68,809.52
-252.38,480.95,814.29
-30.16,180.95,1017.46
-53.97,176.19,1112.70
28.57,-44.44,1092.06
-73.02,3.17,1015.87
6.35,-173.02,1020.64
-19.05,-226.98,1071.43
-3.17,-296.83,917.46
-104.76,-152.38,968.25
49.21,-257.14,936.51
-119.05,-50.79,846.03
4.76,-106.35,944.44
204.76,-198.41,842.86
109.52,-20.64,1069.84
303.17,-179.36,1049.21
279.36,-23.81,974.60
409.52,-30.16,1165.08
401.59,-47.62,1073.02
200.00,177.78,974.60
128.57,250.79,936.51
125.40,249.21,892.06
30.16,334.92,938.10
-,-,-
587.30,-130.16,1696.83
184.13,-203.17,1019.05
539.68,-169.84,1012.70
560.32,4.76,1020.64
611.11,20.64,934.92
409.52,311.11,861.90
377.78,333.33,884.13
79.36,539.68,793.65
-49.21,506.35,836.51
-304.76,666.67,793.65
-426.98,619.05,888.89
-282.54,534.92,1009.52
-52.38,253.97,1071.43
25.40,100.00,1142.86
-74.60,26.98,1012.70
52.38,-253.97,1011.11
-276.19,-69.84,890.48
-74.60,-230.16,895.24
-1.59,-350.79,990.48
-95.24,-230.16,947.62
179.36,-385.71,1049.21
58.73,-298.41,1547.62
4.76,-74.60,1042.86
230.16,-258.73,936.51
-50.79,25.40,934.92
174.60,-77.78,1044.44
147.62,71.43,1014.29
-119.05,46.03,1015.87
482.54,-93.65,944.44
207.94,203.17,1014.29
207.94,176.19,969.84
103.17,279.36,907.94
-6.35,304.76,869.84
20.64,309.52,947.62
-,-,-
430.16,-182.54,1720.63
411.11,-253.97,1038.10
587.30,-374.60,1034.92
612.70,-325.40,961.90
477.78,-3.17,917.46
487.30,155.56,863.49
353.97,365.08,834.92
130.16,606.35,788.89
-44.44,634.92,836.51
-100.00,479.36,834.92
-223.81,560.32,898.41
-280.95,566.67,920.64
-122.22,412.70,996.83
-130.16,338.10,1093.65
-173.02,279.36,1115.87
-3.17,49.21,996.83
23.81,-69.84,1092.06
96.83,-223.81,915.87
-357.14,-325.40,1023.81
153.97,-533.33,987.30
-101.59,-152.38,893.65
201.59,-476.19,1042.86
-49.21,-246.03,888.89
0.00,-128.57,1042.86
158.73,-258.73,995.24
-19.05,1.59,971.43
231.75,-93.65,965.08
333.33,-146.03,963.49
80.95,146.03,973.02
257.14,33.33,985.71
131.75,201.59,939.68
71.43,253.97,895.24
6.35,309.52,973.02
-30.16,331.75,893.65
-,-,-
766.67,-587.30,1728.57
738.10,-460.32,1200.00
665.08,-252.38,1096.83
614.29,-15.87,963.49
458.73,206.35,792.06
384.13,311.11,792.06
152.38,463.49,839.68
-30.16,531.75,793.65
-198.41,536.51,811.11
-428.57,563.49,1012.70
-398.41,488.89,915.87
-404.76,453.97,888.89
-307.94,436.51,966.67
-49.21,153.97,961.90
-77.78,200.00,1149.21
80.95,-71.43,1044.44
-96.83,30.16,1011.11
157.14,-253.97,1014.29
133.33,-355.56,982.54
-3.17,-204.76,973.02
109.52,-331.75,941.27
-1.59,-149.21,973.02
252.38,-295.24,1092.06
-23.81,106.35,1014.29
201.59,28.57,1017.46
252.38,6.35,974.60
22.22,304.76,1011.11
326.98,47.62,1038.10
157.14,236.51,871.43
4.76,280.95,947.62
98.41,234.92,914.29
26.98,365.08,987.30
-,-,-
379.36,-177.78,1658.73
484.13,-380.95,1088.89
580.95,-379.36,966.67
565.08,-247.62,1039.68
457.14,-20.64,819.05
428.57,157.14,865.08
125.40,414.29,892.06
153.97,434.92,966.67
52.38,484.13,912.70
7.94,533.33,965.08
-76.19,504.76,1015.87
-176.19,428.57,965.08
-222.22,390.48,996.83
-228.57,353.97,942.86
-104.76,238.10,998.41
-49.21,107.94,1038.10
-128.57,80.95,1036.51
-146.03,-53.97,992.06
-117.46,-142.86,942.86
-47.62,-230.16,996.83
53.97,-258.73,947.62
176.19,-436.51,1025.40
-131.75,-44.44,942.86
355.56,-425.40,1069.84
147.62,-157.14,1060.32
80.95,23.81,992.06
414.29,-255.56,1066.67
96.83,109.52,895.24
277.78,25.40,969.84
228.57,171.43,971.43
-23.81,326.98,939.68
-,-,-
428.57,131.75,1480.95
182.54,-196.83,887.30
553.97,-485.71,1269.84
485.71,-326.98,1117.46
592.06,-298.41,1085.71
631.75,-50.79,995.24
452.38,263.49,869.84
352.38,403.17,812.70
98.41,606.35,768.25
7.94,606.35,757.14
-122.22,631.75,865.08
-125.40,563.49,885.71
-76.19,428.57,942.86
-117.46,377.78,915.87
-146.03,306.35,946.03
-150.79,328.57,1019.05
-22.22,149.21,1068.25
-96.83,157.14,1041.27
-44.44,-28.57,1041.27
-106.35,-174.60,922.22
26.98,-250.79,911.11
57.14,-323.81,914.29
-52.38,-76.19,990.48
436.51,-509.52,1036.51
-15.87,-79.36,965.08
301.59,-255.56,1071.43
226.98,-144.44,920.64
28.57,133.33,1012.70
406.35,-19.05,1019.05
365.08,23.81,1066.67
252.38,207.94,914.29
298.41,176.19,990.48
176.19,277.78,863.49
-,-,-
914.29,-223.81,1755.56
690.48,-120.64,963.49
541.27,171.43,833.33
406.35,280.95,784.13
153.97,538.10,863.49
73.02,534.92,788.89
-47.62,641.27,846.03
-177.78,657.14,814.29
-206.35,561.90,834.92
-203.17,528.57,1019.05
-120.64,358.73,887.30
-76.19,179.36,961.90
-119.05,198.41,1038.10
-3.17,-44.44,1087.30
-79.36,-30.16,1015.87
157.14,-376.19,1074.60
-55.56,-230.16,1071.43
-23.81,-250.79,1039.68
-47.62,-149.21,1020.64
106.35,-279.36,993.65
130.16,-277.78,995.24
-26.98,4.76,969.84
306.35,-284.13,966.67
22.22,98.41,947.62
250.79,-42.86,947.62
253.97,47.62,963.49
76.19,250.79,963.49
206.35,171.43,858.73
-22.22,407.94,933.33
-,-,-
274.60,50.79,1704.76
276.19,-253.97,1044.44
455.56,-280.95,971.43
684.13,-355.56,1120.63
553.97,-55.56,947.62
557.14,106.35,988.89
403.17,365.08,885.71
328.57,387.30,766.67
131.75,638.10,785.71
4.76,504.76,838.10
-180.95,306.35,934.92
-142.86,461.90,968.25
-174.60,365.08,1015.87
-3.17,304.76,920.64
-157.14,326.98,1142.86
-220.64,274.60,1060.32
0.00,-26.98,1120.63
-4.76,-158.73,992.06
-19.05,-233.33,1023.81
-20.64,-246.03,898.41
23.81,-223.81,1044.44
128.57,-380.95,1012.70
-47.62,-104.76,934.92
223.81,-325.40,987.30
-1.59,-53.97,909.52
174.60,-103.17,1046.03
276.19,-104.76,936.51
184.13,73.02,993.65
304.76,-1.59,985.71
182.54,233.33,961.90
161.90,228.57,971.43
106.35,353.97,815.87
-,-,-
311.11,0.00,1709.52
206.35,-252.38,1020.64
461.90,-377.78,1044.44
561.90,-282.54,1096.83
631.75,-126.98,1044.44
503.17,106.35,941.27
455.56,280.95,847.62
385.71,403.17,841.27
174.60,561.90,860.32
58.73,588.89,817.46
-3.17,463.49,992.06
-146.03,528.57,941.27
-255.56,487.30,917.46
-396.83,476.19,947.62
-246.03,330.16,946.03
-174.60,228.57,1061.90
-204.76,157.14,1038.10
-103.17,20.64,1038.10
-15.87,-249.21,960.32
-128.57,-131.75,988.89
130.16,-358.73,988.89
-25.40,-196.83,922.22
130.16,-120.64,1061.90
355.56,-409.52,971.43
-42.86,-6.35,1046.03
33.33,-49.21,936.51
128.57,-71.43,944.44
20.64,120.64,958.73
301.59,-28.57,960.32
130.16,226.98,973.02
157.14,173.02,987.30
152.38,206.35,914.29
-46.03,309.52,992.06
76.19,261.90,961.90
-,-,-
438.10,-225.40,1725.40
403.17,-279.36,1092.06
488.89,-225.40,1017.46
590.48,-152.38,1096.83
479.36,49.21,939.68
492.06,103.17,841.27
328.57,363.49,782.54
301.59,304.76,731.75
-53.97,538.10,865.08
-180.95,565.08,911.11
-300.00,657.14,960.32
-349.21,566.67,965.08
-176.19,377.78,742.86
-19.05,233.33,1039.68
-28.57,101.59,1014.29
-120.64,150.79,1061.90
-17.46,-42.86,1074.60
-100.00,-100.00,920.64
-180.95,-96.83,961.90
-130.16,-225.40,911.11
-195.24,-131.75,1015.87
-26.98,-279.36,968.25
-79.36,-253.97,919.05
3.17,-174.60,1014.29
53.97,-252.38,969.84
-53.97,73.02,939.68
312.70,-326.98,1049.21
201.59,-22.22,911.11
361.90,-125.40,1015.87
273.02,-17.46,893.65
22.22,285.71,963.49
174.60,182.54,961.90
7.94,365.08,1012.70
-50.79,333.33,947.62
-,-,-
226.98,-142.86,1701.59
331.75,-249.21,1123.81
655.56,-426.98,1136.51
633.33,-282.54,1020.64
609.52,-155.56,961.90
457.14,176.19,815.87
282.54,406.35,817.46
274.60,403.17,766.67
-76.19,660.32,890.48
-220.64,612.70,893.65
-322.22,658.73,890.48
-379.36,584.13,896.83
-203.17,430.16,939.68
-277.78,406.35,936.51
-103.17,231.75,988.89
331.75,30.16,971.43
-171.43,152.38,1144.44
-77.78,-104.76,939.68
-122.22,-126.98,1047.62
3.17,-322.22,1014.29
-30.16,-219.05,987.30
74.60,-307.94,942.86
9.52,-204.76,914.29
100.00,-177.78,938.10
133.33,-142.86,922.22
173.02,-50.79,1065.08
201.59,9.52,947.62
379.36,6.35,1017.46
226.98,184.13,1044.44
133.33,339.68,912.70
152.38,279.36,960.32
-,-,-
309.52,-19.05,1623.81
212.70,-358.73,1049.21
509.52,-404.76,1090.48
565.08,-322.22,1092.06
507.94,-46.03,966.67
441.27,182.54,946.03
455.56,260.32,812.70
360.32,439.68,892.06
206.35,360.32,792.06
128.57,479.36,865.08
-19.05,457.14,896.83
-325.40,507.94,865.08
-355.56,558.73,969.84
-326.98,452.38,1012.70
-125.40,276.19,1019.05
-69.84,176.19,1039.68
-30.16,71.43,1093.65
-103.17,60.32,969.84
30.16,-174.60,1012.70
-44.44,-222.22,963.49
-66.67,-253.97,884.13
-17.46,-219.05,958.73
-25.40,-184.13,1012.70
111.11,-231.75,1014.29
131.75,-225.40,996.83
182.54,-130.16,1023.81
309.52,-252.38,990.48
125.40,6.35,963.49
226.98,-42.86,1011.11
255.56,7.94,920.64
123.81,182.54,936.51
211.11,134.92,887.30
79.36,350.79,963.49
-,-,-
414.29,-76.19,1671.43
276.19,-258.73,1061.90
615.87,-430.16,1119.05
607.94,-255.56,1200.00
466.67,-26.98,1017.46
458.73,95.24,893.65
357.14,303.17,895.24
287.30,309.52,769.84
155.56,455.56,738.10
-26.98,533.33,888.89
-125.40,465.08,834.92
-128.57,407.94,1071.43
-279.36,504.76,992.06
-153.97,198.41,1017.46
-204.76,230.16,969.84
-79.36,126.98,1017.46
-46.03,-30.16,1117.46
-126.98,-20.64,946.03
52.38,-279.36,987.30
-104.76,-276.19,987.30
-55.56,-271.43,896.83
76.19,-360.32,985.71
200.00,-433.33,915.87
26.98,-150.79,914.29
439.68,-504.76,965.08
76.19,-46.03,892.06
406.35,-296.83,1065.08
274.60,-123.81,966.67
180.95,34.92,992.06
339.68,-25.40,1019.05
231.75,123.81,868.25
-,-,-
306.35,20.64,1676.19
282.54,-330.16,963.49
538.10,-385.71,1146.03
717.46,-431.75,1223.81
453.97,-79.36,974.60
484.13,-3.17,890.48
331.75,233.33,790.48
280.95,312.70,787.30
103.17,425.40,760.32
-46.03,409.52,788.89
-304.76,580.95,707.94
-480.95,687.30,836.51
-507.94,615.87,861.90
-253.97,428.57,914.29
-223.81,387.30,988.89
-144.44,280.95,1085.71
-100.00,157.14,1063.49
-3.17,-30.16,1041.27
47.62,-300.00,1023.81
-20.64,7.94,1019.05
26.98,-355.56,1038.10
-53.97,-200.00,1042.86
226.98,-426.98,1069.84
-47.62,-146.03,985.71
-47.62,-96.83,963.49
53.97,-106.35,909.52
71.43,-100.00,939.68
77.78,-71.43,892.06
176.19,-49.21,914.29
57.14,158.73,914.29
228.57,85.71,961.90
173.02,182.54,988.89
-77.78,434.92,998.41
28.57,382.54,1046.03
47.62,298.41,947.62
