-,-,-
338.10,-223.81,1500.00
20.64,174.60,914.29
-176.19,401.59,1063.49
-376.19,414.29,1177.78
-276.19,-125.40,1065.08
-179.36,-376.19,1176.19
-19.05,-655.56,961.90
276.19,-788.89,1088.89
233.33,-603.17,944.44
607.94,-579.36,1096.83
658.73,-333.33,1023.81
592.06,-150.79,1011.11
534.92,-3.17,914.29
377.78,179.36,861.90
309.52,301.59,806.35
153.97,404.76,709.52
-28.57,584.13,860.32
-200.00,588.89,888.89
-274.60,530.16,1036.51
-280.95,365.08,1220.63
-253.97,23.81,1068.25
-,-,-
333.33,260.32,1517.46
-201.59,482.54,1047.62
-253.97,225.40,1096.83
-258.73,-130.16,890.48
-204.76,-325.40,1068.25
103.17,-684.13,809.52
387.30,-788.89,1320.63
301.59,-790.48,869.84
636.51,-765.08,1328.57
639.68,-487.30,946.03
587.30,-204.76,711.11
592.06,77.78,736.51
439.68,480.95,744.44
325.40,487.30,734.92
157.14,634.92,792.06
-101.59,631.75,765.08
-222.22,582.54,868.25
-404.76,536.51,1119.05
-379.36,280.95,1195.24
-255.56,-28.57,1166.67
-,-,-
125.40,479.36,1177.78
-301.59,131.75,1017.46
-126.98,-353.97,1112.70
-130.16,-557.14,1036.51
-153.97,-477.78,1014.29
47.62,-587.30,1022.22
-30.16,-246.03,1141.27
314.29,-477.78,960.32
560.32,-225.40,1301.59
538.10,-206.35,895.24
480.95,-20.64,1073.02
334.92,228.57,896.83
206.35,234.92,717.46
182.54,531.75,863.49
-1.59,480.95,758.73
-123.81,644.44,836.51
-230.16,458.73,869.84
-282.54,458.73,946.03
-382.54,276.19,1119.05
-228.57,-71.43,1115.87
-,-,-
258.73,285.71,1452.38
-173.02,412.70,995.24
-230.16,357.14,968.25
-296.83,233.33,914.29
-247.62,-122.22,968.25
52.38,-425.40,914.29
390.48,-555.56,1323.81
358.73,-728.57,920.64
406.35,-511.11,1196.83
484.13,-525.40,944.44
465.08,-449.21,873.02
536.51,-234.92,814.29
592.06,-125.40,819.05
709.52,23.81,766.67
487.30,353.97,888.89
388.89,255.56,757.14
301.59,504.76,973.02
23.81,614.29,887.30
-73.02,534.92,988.89
-98.41,436.51,1098.41
-169.84,328.57,1139.68
-204.76,150.79,1173.02
-101.59,-144.44,1095.24
-,-,-
301.59,334.92,1404.76
-73.02,607.94,996.83
-95.24,509.52,942.86
-131.75,-19.05,990.48
-196.83,-203.17,1190.48
31.75,-679.36,1049.21
185.71,-714.29,1139.68
-4.76,-460.32,969.84
282.54,-511.11,963.49
338.10,-376.19,965.08
407.94,-430.16,792.06
561.90,-255.56,1000.00
479.36,-98.41,960.32
453.97,-19.05,861.90
333.33,584.13,846.03
303.17,131.75,792.06
260.32,476.19,936.51
100.00,338.10,760.32
98.41,490.48,963.49
-49.21,530.16,922.22
-79.36,534.92,1123.81
-231.75,403.17,1125.40
-131.75,109.52,1222.22
-153.97,-152.38,1163.49
-,-,-
279.36,363.49,1203.17
-100.00,436.51,1042.86
-176.19,277.78,990.48
-30.16,-149.21,1142.86
22.22,-380.95,1193.65
176.19,-588.89,1036.51
201.59,-604.76,866.67
331.75,-588.89,1088.89
439.68,-626.98,868.25
453.97,-479.36,934.92
682.54,-500.00,790.48
679.36,-176.19,866.67
682.54,57.14,766.67
506.35,207.94,836.51
539.68,336.51,788.89
303.17,509.52,911.11
209.52,428.57,842.86
157.14,588.89,1042.86
-93.65,509.52,1088.89
3.17,382.54,1090.48
-122.22,228.57,1200.00
-131.75,60.32,1085.71
-,-,-
104.76,-350.79,1655.56
-95.24,260.32,996.83
-152.38,311.11,1046.03
-179.36,136.51,1088.89
-171.43,-282.54,871.43
-119.05,-333.33,895.24
23.81,-582.54,990.48
49.21,-428.57,969.84
453.97,-601.59,1011.11
330.16,-477.78,1046.03
300.00,-400.00,946.03
560.32,-509.52,869.84
434.92,-171.43,995.24
509.52,-207.94,744.44
480.95,30.16,971.43
338.10,107.94,787.30
336.51,149.21,838.10
203.17,304.76,938.10
4.76,384.13,866.67
-68.25,352.38,1073.02
-128.57,352.38,1149.21
-,-,-
231.75,182.54,1603.17
-23.81,311.11,1022.22
-100.00,263.49,1023.81
-250.79,211.11,1147.62
-119.05,-247.62,1177.78
101.59,-584.13,1122.22
58.73,-684.13,914.29
58.73,-253.97,911.11
133.33,-577.78,1041.27
161.90,-507.94,860.32
350.79,-422.22,895.24
409.52,-423.81,782.54
461.90,-228.57,842.86
588.89,-28.57,947.62
558.73,-41.27,844.44
403.17,276.19,1023.81
306.35,200.00,833.33
185.71,384.13,949.21
58.73,406.35,973.02
-98.41,511.11,1066.67
-155.56,384.13,1141.27
-200.00,231.75,1096.83
-273.02,6.35,1114.29
-146.03,-274.60,1093.65
-,-,-
176.19,49.21,1580.95
-128.57,257.14,1022.22
-73.02,-50.79,1177.78
-93.65,-349.21,1147.62
-173.02,-357.14,1063.49
47.62,-660.32,1144.44
57.14,-603.17,915.87
207.94,-658.73,911.11
230.16,-525.40,866.67
428.57,-330.16,1071.43
609.52,-403.17,990.48
663.49,-249.21,993.65
687.30,-130.16,885.71
534.92,-76.19,763.49
487.30,198.41,814.29
434.92,201.59,734.92
223.81,434.92,687.30
98.41,593.65,912.70
-100.00,657.14,892.06
-279.36,666.67,1012.70
-307.94,506.35,1090.48
-307.94,250.79,1066.67
-,-,-
201.59,-226.98,1607.94
-96.83,434.92,995.24
-122.22,361.90,938.10
-301.59,407.94,917.46
-357.14,130.16,1042.86
-180.95,-200.00,1022.22
-1.59,-450.79,1271.43
0.00,-539.68,917.46
80.95,-509.52,1115.87
200.00,-512.70,1063.49
238.10,-409.52,1011.11
403.17,-426.98,1141.27
309.52,-201.59,1063.49
380.95,-31.75,1038.10
336.51,-76.19,820.64
307.94,101.59,763.49
284.13,249.21,941.27
222.22,314.29,771.43
158.73,436.51,912.70
77.78,455.56,919.05
47.62,452.38,990.48
-100.00,336.51,1044.44
-182.54,306.35,1063.49
-273.02,-28.57,1065.08
-,-,-
187.30,-455.56,1646.03
50.79,77.78,817.46
-73.02,377.78,971.43
-173.02,533.33,968.25
-307.94,380.95,963.49
-333.33,23.81,1090.48
-222.22,-425.40,1092.06
-22.22,-603.17,1085.71
53.97,-585.71,998.41
130.16,-609.52,1014.29
182.54,-479.36,895.24
433.33,-536.51,996.83
561.90,-485.71,814.29
536.51,-231.75,914.29
630.16,-74.60,811.11
388.89,98.41,795.24
407.94,233.33,892.06
428.57,177.78,866.67
300.00,463.49,993.65
79.36,387.30,869.84
25.40,553.97,1036.51
-177.78,285.71,1022.22
-282.54,323.81,1047.62
-355.56,173.02,1146.03
-,-,-
180.95,-385.71,1546.03
-23.81,333.33,968.25
-73.02,438.10,961.90
-276.19,412.70,1066.67
-407.94,158.73,992.06
-301.59,-206.35,1122.22
-103.17,-533.33,919.05
234.92,-733.33,1176.19
209.52,-687.30,842.86
226.98,-580.95,915.87
606.35,-553.97,995.24
406.35,-358.73,817.46
715.87,-282.54,893.65
720.64,-153.97,884.13
633.33,26.98,711.11
561.90,312.70,1017.46
407.94,252.38,663.49
300.00,557.14,966.67
82.54,504.76,841.27
-25.40,539.68,942.86
-177.78,387.30,1041.27
-204.76,352.38,1011.11
-280.95,238.10,1114.29
-180.95,-22.22,1146.03
-230.16,-282.54,912.70
-,-,-
-331.75,325.40,885.71
-409.52,109.52,1020.64
-233.33,-398.41,846.03
-193.65,-530.16,1039.68
52.38,-553.97,1009.52
203.17,-663.49,1095.24
230.16,-253.97,1111.11
204.76,-279.36,1047.62
434.92,-274.60,1096.83
339.68,-104.76,896.83
542.86,-274.60,866.67
515.87,71.43,1074.60
380.95,131.75,782.54
358.73,201.59,817.46
201.59,411.11,884.13
126.98,330.16,817.46
4.76,458.73,995.24
-144.44,503.17,941.27
-173.02,380.95,1061.90
-253.97,177.78,998.41
-296.83,200.00,1012.70
-,-,-
84.13,-177.78,1655.56
-104.76,277.78,909.52
-360.32,430.16,947.62
-425.40,47.62,1146.03
-196.83,-487.30,1044.44
-80.95,-561.90,1115.87
174.60,-890.48,939.68
258.73,-711.11,912.70
225.40,-561.90,949.21
436.51,-601.59,807.94
407.94,-282.54,966.67
606.35,-277.78,911.11
561.90,-103.17,807.94
534.92,104.76,841.27
411.11,174.60,733.33
280.95,384.13,834.92
203.17,406.35,766.67
69.84,412.70,890.48
23.81,404.76,841.27
-122.22,338.10,987.30
-250.79,463.49,1088.89
-436.51,411.11,1241.27
-303.17,153.97,1195.24
-,-,-
200.00,22.22,1650.79
-152.38,284.13,1019.05
-204.76,287.30,1017.46
-422.22,258.73,1195.24
-153.97,-355.56,973.02
-103.17,-626.98,995.24
-174.60,-658.73,1046.03
234.92,-707.94,860.32
-103.17,-426.98,1088.89
338.10,-511.11,922.22
276.19,-280.95,885.71
363.49,-182.54,795.24
558.73,-326.98,917.46
765.08,-71.43,988.89
406.35,196.83,1020.64
414.29,6.35,739.68
350.79,306.35,1063.49
128.57,301.59,838.10
53.97,376.19,836.51
-147.62,553.97,1011.11
-223.81,528.57,969.84
-247.62,452.38,1023.81
-284.13,309.52,1068.25
-304.76,57.14,1015.87
-,-,-
258.73,123.81,1677.78
-76.19,303.17,961.90
-147.62,282.54,987.30
-277.78,176.19,1268.25
-168.25,-246.03,1020.64
3.17,-607.94,1019.05
23.81,-558.73,1038.10
230.16,-807.94,917.46
149.21,-550.79,1011.11
257.14,-433.33,1063.49
311.11,-403.17,944.44
365.08,-307.94,941.27
409.52,-226.98,858.73
485.71,-149.21,814.29
463.49,123.81,893.65
363.49,149.21,784.13
285.71,326.98,865.08
98.41,431.75,842.86
-49.21,528.57,833.33
-66.67,488.89,915.87
-180.95,479.36,996.83
-349.21,565.08,1117.46
-307.94,311.11,1192.06
-277.78,106.35,1115.87
-195.24,-257.14,1073.02
-,-,-
131.75,-50.79,1785.71
-104.76,288.89,934.92
-153.97,304.76,987.30
-357.14,223.81,1019.05
-200.00,-76.19,1220.63
-171.43,-587.30,988.89
-120.64,-534.92,1112.70
-68.25,-558.73,896.83
-3.17,-501.59,941.27
128.57,-503.17,973.02
280.95,-487.30,820.64
365.08,-449.21,942.86
531.75,-352.38,912.70
614.29,-250.79,860.32
665.08,-17.46,887.30
512.70,30.16,634.92
403.17,385.71,842.86
255.56,338.10,790.48
174.60,487.30,871.43
1.59,482.54,834.92
-120.64,585.71,1047.62
-146.03,428.57,1017.46
-296.83,380.95,1117.46
-322.22,276.19,1019.05
-195.24,-80.95,1161.90
-120.64,-401.59,969.84
-,-,-
130.16,-196.83,1684.13
-150.79,280.95,946.03
-228.57,401.59,1019.05
-296.83,247.62,887.30
-246.03,-76.19,888.89
-171.43,-253.97,1139.68
150.79,-530.16,973.02
304.76,-579.36,892.06
276.19,-476.19,1195.24
407.94,-528.57,920.64
406.35,-476.19,846.03
639.68,-449.21,917.46
715.87,-298.41,941.27
684.13,-44.44,961.90
538.10,158.73,707.94
480.95,22.22,611.11
384.13,428.57,844.44
157.14,512.70,809.52
104.76,565.08,944.44
-95.24,592.06,938.10
-98.41,436.51,892.06
-176.19,452.38,1122.22
-231.75,257.14,1139.68
-153.97,-98.41,1141.27
-177.78,-177.78,1049.21
-155.56,-279.36,1019.05
-,-,-
130.16,-122.22,1733.33
-146.03,279.36,988.89
-220.64,360.32,1090.48
-358.73,357.14,987.30
-630.16,-69.84,944.44
82.54,-384.13,869.84
252.38,-736.51,857.14
311.11,-601.59,884.13
357.14,-534.92,1073.02
503.17,-560.32,946.03
330.16,-300.00,1020.64
465.08,-196.83,912.70
692.06,-284.13,819.05
738.10,-274.60,682.54
538.10,82.54,758.73
387.30,157.14,709.52
463.49,252.38,795.24
157.14,430.16,863.49
134.92,409.52,863.49
-44.44,428.57,963.49
-144.44,534.92,992.06
-196.83,309.52,1009.52
-247.62,363.49,985.71
-358.73,223.81,1066.67
-244.44,-20.64,988.89
-223.81,-279.36,998.41
-123.81,-422.22,941.27
-,-,-
53.97,80.95,1733.33
-198.41,282.54,890.48
-203.17,328.57,992.06
-228.57,149.21,969.84
-198.41,-179.36,912.70
-168.25,-303.17,920.64
211.11,-553.97,1252.38
0.00,-255.56,1015.87
231.75,-461.90,974.60
511.11,-525.40,1063.49
338.10,-196.83,996.83
452.38,-277.78,896.83
509.52,-150.79,912.70
458.73,76.19,909.52
507.94,47.62,815.87
504.76,230.16,895.24
326.98,325.40,841.27
285.71,258.73,785.71
253.97,407.94,860.32
77.78,279.36,887.30
-31.75,485.71,947.62
-203.17,390.48,969.84
-222.22,511.11,1012.70
-323.81,263.49,993.65
-284.13,207.94,941.27
-334.92,30.16,1019.05
-,-,-
103.17,247.62,1679.37
-180.95,436.51,920.64
-180.95,328.57,915.87
-250.79,334.92,1047.62
-120.64,-153.97,1071.43
-157.14,-271.43,1012.70
-28.57,-480.95,1020.64
130.16,-584.13,922.22
101.59,-358.73,1074.60
253.97,-553.97,920.64
360.32,-225.40,1147.62
465.08,-282.54,965.08
485.71,-304.76,809.52
531.75,76.19,966.67
455.56,50.79,842.86
484.13,125.40,768.25
357.14,250.79,871.43
309.52,176.19,780.95
228.57,355.56,966.67
71.43,328.57,912.70
50.79,355.56,992.06
-123.81,430.16,947.62
-207.94,279.36,1047.62
-279.36,225.40,969.84
-349.21,107.94,1139.68
-323.81,-153.97,914.29
-,-,-
71.43,111.11,1628.57
-149.21,385.71,1017.46
-177.78,382.54,1022.22
-200.00,284.13,992.06
-155.56,7.94,992.06
-130.16,-326.98,998.41
-93.65,-407.94,1092.06
-17.46,-525.40,942.86
-20.64,-425.40,973.02
125.40,-450.79,863.49
228.57,-479.36,949.21
306.35,-222.22,1047.62
331.75,-225.40,946.03
382.54,-177.78,871.43
415.87,122.22,996.83
539.68,52.38,896.83
403.17,-71.43,768.25
200.00,384.13,995.24
123.81,158.73,865.08
-73.02,507.94,1012.70
-73.02,401.59,890.48
-104.76,388.89,1014.29
-233.33,484.13,941.27
-277.78,206.35,915.87
-246.03,223.81,1014.29
-,-,-
76.19,236.51,1649.21
-247.62,379.36,965.08
-279.36,306.35,1060.32
-304.76,80.95,896.83
-180.95,-74.60,1019.05
-96.83,-349.21,792.06
134.92,-384.13,1419.05
28.57,-507.94,941.27
203.17,-509.52,1138.10
174.60,-357.14,985.71
228.57,-230.16,936.51
334.92,-231.75,839.68
355.56,-22.22,909.52
504.76,28.57,834.92
538.10,185.71,992.06
407.94,179.36,742.86
301.59,485.71,961.90
261.90,404.76,871.43
22.22,566.67,917.46
-25.40,476.19,968.25
-250.79,434.92,987.30
-269.84,506.35,1095.24
-282.54,198.41,1039.68
-253.97,-23.81,1042.86
-225.40,-280.95,1044.44
-,-,-
157.14,74.60,1631.75
-122.22,282.54,941.27
-177.78,385.71,965.08
-206.35,355.56,966.67
-279.36,85.71,968.25
-201.59,-169.84,941.27
-300.00,-230.16,871.43
-219.05,-328.57,838.10
100.00,-500.00,969.84
258.73,-352.38,1038.10
455.56,-523.81,1069.84
480.95,-423.81,1195.24
334.92,-352.38,968.25
365.08,-322.22,912.70
457.14,-147.62,1090.48
609.52,-176.19,858.73
587.30,-52.38,833.33
539.68,133.33,757.14
430.16,250.79,839.68
307.94,538.10,915.87
125.40,487.30,882.54
-3.17,517.46,888.89
-73.02,438.10,885.71
-147.62,333.33,917.46
-453.97,388.89,966.67
-355.56,150.79,939.68
-425.40,123.81,961.90
-,-,-
180.95,28.57,1701.59
-47.62,209.52,839.68
-76.19,384.13,965.08
-125.40,430.16,907.94
-168.25,285.71,946.03
-223.81,207.94,995.24
-223.81,-255.56,1020.64
-257.14,-276.19,1146.03
-273.02,-652.38,990.48
-207.94,-355.56,960.32
6.35,-407.94,1161.90
123.81,-382.54,1120.63
311.11,-457.14,996.83
431.75,-357.14,965.08
514.29,-126.98,1074.60
633.33,-247.62,938.10
512.70,-42.86,938.10
480.95,173.02,939.68
365.08,74.60,784.13
385.71,382.54,946.03
276.19,304.76,812.70
258.73,503.17,1041.27
77.78,460.32,909.52
-15.87,490.48,890.48
-119.05,355.56,871.43
-203.17,303.17,892.06
-298.41,207.94,892.06
-309.52,-22.22,1093.65
-438.10,-174.60,1017.46
-244.44,-230.16,1000.00
-,-,-
126.98,133.33,1655.56
-155.56,301.59,834.92
-184.13,433.33,887.30
-155.56,453.97,963.49
-155.56,200.00,939.68
-126.98,-20.64,988.89
-157.14,-201.59,1022.22
-71.43,-511.11,988.89
4.76,-550.79,1165.08
77.78,-503.17,990.48
204.76,-485.71,1015.87
103.17,-334.92,1087.30
426.98,-360.32,1061.90
407.94,-195.24,949.21
585.71,-206.35,993.65
709.52,-182.54,896.83
561.90,53.97,858.73
634.92,147.62,744.44
411.11,336.51,846.03
207.94,411.11,833.33
204.76,531.75,936.51
-101.59,558.73,836.51
-68.25,480.95,941.27
-201.59,403.17,866.67
-280.95,260.32,1015.87
-271.43,226.98,1042.86
-200.00,-44.44,1149.21
-179.36,-133.33,1038.10
-196.83,-425.40,968.25
-,-,-
52.38,134.92,1569.84
-46.03,331.75,1014.29
-174.60,452.38,865.08
-153.97,338.10,960.32
-147.62,-30.16,938.10
-247.62,-200.00,1177.78
-206.35,-507.94,1123.81
-26.98,-626.98,871.43
50.79,-331.75,1169.84
177.78,-606.35,834.92
257.14,-309.52,833.33
615.87,-400.00,995.24
666.67,-512.70,833.33
784.13,-257.14,1017.46
685.71,-230.16,966.67
531.75,-69.84,809.52
487.30,279.36,995.24
452.38,155.56,734.92
255.56,338.10,734.92
209.52,436.51,839.68
47.62,404.76,785.71
-20.64,577.78,1014.29
6.35,487.30,1117.46
-3.17,277.78,1047.62
-98.41,206.35,1096.83
-98.41,-103.17,1047.62
-69.84,-476.19,1044.44
-142.86,-534.92,919.05
-,-,-
350.79,153.97,1682.54
1.59,231.75,882.54
53.97,352.38,968.25
-77.78,353.97,993.65
-222.22,53.97,1188.89
-92.06,-323.81,1246.03
-25.40,-728.57,1123.81
33.33,-587.30,1223.81
28.57,-507.94,861.90
149.21,-612.70,769.84
171.43,-403.17,841.27
434.92,-449.21,795.24
452.38,-255.56,1050.79
515.87,-207.94,811.11
607.94,-271.43,915.87
668.25,-106.35,836.51
577.78,79.36,960.32
436.51,-71.43,665.08
530.16,258.73,922.22
400.00,352.38,985.71
209.52,436.51,869.84
79.36,584.13,1014.29
23.81,406.35,965.08
-157.14,480.95,1087.30
-230.16,182.54,995.24
-296.83,-50.79,1049.21
-301.59,-273.02,1115.87
-,-,-
106.35,350.79,1500.00
-22.22,465.08,1042.86
-104.76,461.90,1019.05
-195.24,353.97,938.10
-276.19,47.62,961.90
-153.97,-152.38,1042.86
-96.83,-661.90,1066.67
152.38,-550.79,1125.40
204.76,-741.27,987.30
280.95,-707.94,936.51
325.40,-377.78,1068.25
538.10,-509.52,936.51
453.97,-253.97,920.64
504.76,-92.06,717.46
555.56,123.81,1039.68
512.70,55.56,715.87
460.32,185.71,744.44
382.54,461.90,836.51
225.40,414.29,787.30
149.21,660.32,941.27
-74.60,611.11,890.48
-147.62,682.54,1011.11
-223.81,501.59,1012.70
-279.36,276.19,1346.03
-247.62,223.81,1174.60
-252.38,-279.36,1000.00
-,-,-
125.40,200.00,1652.38
-23.81,485.71,990.48
-146.03,425.40,973.02
-182.54,201.59,1042.86
-325.40,46.03,968.25
-247.62,-301.59,987.30
73.02,-555.56,1069.84
98.41,-579.36,887.30
180.95,-631.75,1090.48
280.95,-504.76,869.84
561.90,-480.95,998.41
685.71,-587.30,990.48
688.89,-311.11,965.08
692.06,-333.33,660.32
661.90,-204.76,712.70
690.48,98.41,682.54
541.27,333.33,909.52
355.56,431.75,685.71
153.97,638.10,920.64
101.59,668.25,1012.70
-100.00,566.67,911.11
-101.59,630.16,1100.00
-207.94,412.70,1066.67
-201.59,106.35,1041.27
-128.57,-204.76,1090.48
-169.84,-453.97,987.30
-,-,-
57.14,228.57,1601.59
-80.95,336.51,941.27
-149.21,409.52,936.51
-201.59,101.59,963.49
-157.14,53.97,1092.06
-225.40,-198.41,1066.67
260.32,-679.36,1068.25
338.10,-734.92,949.21
338.10,-738.10,846.03
541.27,-638.10,942.86
403.17,-326.98,888.89
731.75,-384.13,919.05
741.27,-398.41,788.89
709.52,25.40,738.10
661.90,123.81,758.73
511.11,79.36,588.89
452.38,274.60,657.14
228.57,482.54,841.27
44.44,401.59,760.32
50.79,477.78,917.46
-176.19,534.92,1095.24
-201.59,439.68,1112.70
-200.00,282.54,1249.21
-176.19,80.95,1174.60
-209.52,-155.56,1069.84
-,-,-
149.21,82.54,1582.54
-169.84,384.13,965.08
-79.36,331.75,1042.86
-223.81,353.97,885.71
-203.17,28.57,768.25
149.21,-330.16,1296.83
204.76,-379.36,969.84
538.10,-793.65,949.21
325.40,-487.30,1093.65
436.51,-600.00,938.10
509.52,-455.56,942.86
479.36,-273.02,847.62
815.87,-506.35,784.13
765.08,-119.05,884.13
709.52,28.57,663.49
633.33,133.33,965.08
403.17,453.97,695.24
176.19,658.73,768.25
-96.83,693.65,742.86
-222.22,712.70,814.29
-269.84,511.11,866.67
-222.22,480.95,866.67
-306.35,334.92,1022.22
-225.40,133.33,961.90
-207.94,0.00,942.86
-174.60,-201.59,1119.05
-53.97,-255.56,1071.43
-,-,-
253.97,330.16,1622.22
-104.76,563.49,965.08
-146.03,606.35,973.02
-274.60,357.14,1019.05
-125.40,-3.17,1166.67
53.97,-434.92,1036.51
409.52,-934.92,1165.08
307.94,-679.36,1042.86
336.51,-636.51,1117.46
382.54,-423.81,998.41
334.92,-280.95,947.62
430.16,-303.17,861.90
426.98,-247.62,812.70
531.75,-44.44,915.87
482.54,-77.78,787.30
479.36,126.98,868.25
360.32,230.16,768.25
257.14,284.13,784.13
207.94,357.14,761.90
3.17,479.36,866.67
-46.03,507.94,860.32
-195.24,360.32,973.02
-177.78,352.38,1074.60
-601.59,328.57,1166.67
-406.35,-53.97,1098.41
-,-,-
100.00,252.38,1522.22
-147.62,407.94,895.24
-120.64,377.78,885.71
-153.97,260.32,1000.00
-146.03,60.32,920.64
-123.81,-280.95,988.89
71.43,-636.51,895.24
131.75,-638.10,1119.05
250.79,-601.59,1090.48
198.41,-406.35,1139.68
301.59,-457.14,863.49
403.17,-458.73,939.68
690.48,-398.41,919.05
617.46,-249.21,887.30
587.30,-23.81,896.83
455.56,57.14,741.27
328.57,312.70,869.84
255.56,388.89,858.73
47.62,438.10,809.52
0.00,609.52,914.29
-155.56,434.92,809.52
-222.22,533.33,941.27
-331.75,433.33,1044.44
-279.36,109.52,1100.00
-273.02,-200.00,1115.87
-,-,-
130.16,282.54,1607.94
-119.05,439.68,985.71
-123.81,355.56,987.30
-173.02,130.16,988.89
-68.25,-269.84,1171.43
-49.21,-641.27,1047.62
22.22,-658.73,1015.87
74.60,-658.73,911.11
7.94,-484.13,944.44
306.35,-539.68,809.52
511.11,-460.32,987.30
636.51,-433.33,885.71
657.14,-407.94,860.32
682.54,-307.94,790.48
565.08,-49.21,768.25
479.36,55.56,817.46
431.75,158.73,809.52
273.02,285.71,768.25
150.79,480.95,785.71
7.94,733.33,966.67
-153.97,695.24,996.83
-146.03,612.70,1096.83
-122.22,433.33,1141.27
-171.43,133.33,1117.46
-171.43,-222.22,987.30
-,-,-
150.79,276.19,1577.78
-74.60,465.08,1015.87
-50.79,336.51,966.67
-280.95,236.51,968.25
-300.00,-201.59,1126.98
-82.54,-422.22,971.43
126.98,-480.95,1223.81
104.76,-385.71,836.51
325.40,-587.30,1049.21
380.95,-788.89,611.11
555.56,-509.52,911.11
784.13,-509.52,869.84
709.52,-246.03,915.87
795.24,-50.79,841.27
631.75,-20.64,687.30
480.95,58.73,709.52
358.73,433.33,811.11
203.17,509.52,769.84
-44.44,784.13,861.90
84.13,706.35,911.11
-125.40,563.49,998.41
-206.35,403.17,1011.11
-155.56,98.41,1149.21
-103.17,-279.36,1071.43
-,-,-
252.38,106.35,1622.22
-74.60,379.36,968.25
-74.60,430.16,963.49
-103.17,431.75,1020.64
-68.25,-23.81,1117.46
-47.62,-509.52,888.89
363.49,-819.05,1195.24
406.35,-814.29,1015.87
452.38,-582.54,1173.02
430.16,-533.33,907.94
457.14,-300.00,936.51
565.08,-271.43,707.94
709.52,-233.33,912.70
782.54,22.22,809.52
533.33,111.11,714.29
530.16,252.38,784.13
336.51,330.16,884.13
157.14,407.94,793.65
206.35,528.57,887.30
-93.65,561.90,939.68
-153.97,426.98,1049.21
-247.62,434.92,1088.89
-223.81,100.00,1174.60
-179.36,-231.75,1100.00
-,-,-
185.71,233.33,1601.59
-123.81,355.56,895.24
-52.38,307.94,996.83
-179.36,203.17,1023.81
-150.79,-23.81,1071.43
22.22,-326.98,1146.03
-26.98,-507.94,960.32
71.43,-458.73,942.86
130.16,-404.76,942.86
261.90,-358.73,1014.29
336.51,-407.94,839.68
428.57,-171.43,915.87
593.65,-307.94,685.71
761.90,-169.84,819.05
863.49,53.97,893.65
588.89,80.95,787.30
490.48,414.29,842.86
204.76,460.32,895.24
157.14,379.36,871.43
-76.19,509.52,987.30
-174.60,384.13,1038.10
-225.40,390.48,1146.03
-203.17,130.16,1246.03
-96.83,-195.24,1142.86
-122.22,-355.56,1087.30
-,-,-
331.75,77.78,1525.40
-73.02,414.29,1046.03
-73.02,334.92,974.60
-79.36,311.11,993.65
-196.83,177.78,1069.84
176.19,-430.16,834.92
236.51,-638.10,942.86
438.10,-811.11,992.06
279.36,-663.49,944.44
285.71,-611.11,971.43
438.10,-653.97,769.84
439.68,-358.73,861.90
758.73,-539.68,636.51
733.33,-247.62,657.14
707.94,-53.97,766.67
590.48,80.95,896.83
433.33,123.81,815.87
355.56,388.89,968.25
226.98,209.52,887.30
98.41,330.16,922.22
3.17,279.36,971.43
-100.00,261.90,1098.41
-374.60,280.95,1112.70
-422.22,-31.75,1095.24
-,-,-
73.02,109.52,1525.40
-69.84,487.30,939.68
-103.17,453.97,961.90
-69.84,309.52,987.30
-225.40,82.54,911.11
-123.81,-273.02,946.03
-103.17,-452.38,1115.87
23.81,-612.70,914.29
101.59,-550.79,987.30
303.17,-536.51,1022.22
358.73,-504.76,939.68
382.54,-333.33,1014.29
577.78,-409.52,844.44
585.71,-104.76,1020.64
534.92,82.54,915.87
439.68,106.35,792.06
431.75,73.02,784.13
284.13,431.75,760.32
133.33,715.87,820.64
-80.95,661.90,793.65
-155.56,514.29,961.90
-279.36,607.94,990.48
-301.59,358.73,1115.87
-276.19,-104.76,919.05
-,-,-
109.52,463.49,1423.81
-128.57,482.54,961.90
-106.35,365.08,1020.64
-182.54,134.92,947.62
-173.02,-101.59,995.24
1.59,-636.51,811.11
147.62,-653.97,1404.76
179.36,-709.52,965.08
131.75,-534.92,995.24
385.71,-706.35,944.44
325.40,-309.52,920.64
611.11,-284.13,909.52
633.33,-173.02,1044.44
642.86,-152.38,884.13
580.95,126.98,895.24
439.68,288.89,839.68
307.94,382.54,709.52
177.78,460.32,790.48
101.59,607.94,860.32
1.59,561.90,885.71
-223.81,606.35,911.11
-260.32,463.49,1015.87
-333.33,384.13,1071.43
-233.33,20.64,1117.46
-196.83,-300.00,1020.64
-,-,-
26.98,230.16,1500.00
-155.56,414.29,838.10
-228.57,485.71,965.08
-250.79,330.16,882.54
-487.30,131.75,771.43
-68.25,-350.79,1085.71
277.78,-677.78,938.10
507.94,-911.11,995.24
428.57,-530.16,1044.44
536.51,-590.48,871.43
707.94,-450.79,895.24
685.71,-274.60,768.25
719.05,-120.64,760.32
560.32,-25.40,460.32
388.89,453.97,863.49
277.78,357.14,866.67
282.54,311.11,961.90
249.21,406.35,1114.29
98.41,280.95,1068.25
1.59,336.51,1073.02
-125.40,285.71,1193.65
-3.17,57.14,1088.89
-157.14,-46.03,1138.10
-76.19,-347.62,942.86
-103.17,-430.16,861.90
-,-,-
149.21,158.73,1520.63
-76.19,252.38,1014.29
-123.81,249.21,998.41
-147.62,107.94,992.06
-246.03,-96.83,871.43
-98.41,-407.94,947.62
206.35,-631.75,1039.68
173.02,-504.76,969.84
228.57,-450.79,949.21
358.73,-500.00,815.87
585.71,-450.79,923.81
715.87,-455.56,865.08
771.43,-273.02,985.71
731.75,-49.21,920.64
606.35,-128.57,641.27
458.73,211.11,690.48
279.36,439.68,757.14
184.13,514.29,790.48
-74.60,666.67,812.70
-144.44,617.46,766.67
-249.21,612.70,809.52
-296.83,607.94,865.08
-352.38,528.57,917.46
-323.81,226.98,1012.70
-,-,-
128.57,182.54,1606.35
-126.98,485.71,917.46
-195.24,460.32,911.11
-244.44,401.59,961.90
-257.14,80.95,866.67
-253.97,-307.94,942.86
-76.19,-455.56,1346.03
55.56,-633.33,968.25
153.97,-561.90,1061.90
179.36,-384.13,988.89
303.17,-376.19,1076.19
439.68,-331.75,987.30
514.29,-222.22,992.06
566.67,-125.40,947.62
509.52,109.52,1011.11
480.95,-25.40,763.49
460.32,206.35,744.44
336.51,433.33,766.67
157.14,533.33,760.32
-3.17,690.48,809.52
-225.40,706.35,817.46
-204.76,711.11,911.11
-384.13,504.76,963.49
-406.35,357.14,961.90
-,-,-
122.22,250.79,1503.17
-120.64,330.16,888.89
-150.79,461.90,888.89
-155.56,350.79,888.89
-226.98,203.17,861.90
-271.43,-103.17,939.68
-106.35,-352.38,1115.87
-46.03,-501.59,1014.29
157.14,-661.90,1050.79
326.98,-579.36,1088.89
338.10,-538.10,1090.48
428.57,-482.54,1046.03
385.71,-355.56,863.49
465.08,-180.95,914.29
553.97,-119.05,868.25
514.29,31.75,806.35
384.13,355.56,857.14
363.49,380.95,765.08
225.40,458.73,709.52
107.94,685.71,812.70
44.44,460.32,809.52
-76.19,590.48,914.29
-204.76,592.06,1014.29
-182.54,326.98,1017.46
-274.60,363.49,1088.89
-180.95,28.57,1073.02
-,-,-
128.57,430.16,1520.63
-228.57,504.76,946.03
-198.41,331.75,896.83
-155.56,212.70,971.43
-247.62,-69.84,969.84
-126.98,-246.03,987.30
-146.03,-404.76,941.27
82.54,-650.79,1095.24
158.73,-630.16,966.67
353.97,-528.57,1252.38
430.16,-347.62,1093.65
457.14,-274.60,1022.22
585.71,-179.36,920.64
560.32,-71.43,893.65
617.46,-25.40,860.32
507.94,177.78,793.65
453.97,284.13,765.08
403.17,433.33,785.71
101.59,766.67,741.27
-98.41,636.51,638.10
-233.33,860.32,711.11
-434.92,736.51,731.75
-407.94,606.35,807.94
-530.16,612.70,866.67
-333.33,182.54,987.30
-,-,-
57.14,326.98,1453.97
-173.02,411.11,869.84
-152.38,482.54,971.43
-92.06,334.92,871.43
-117.46,7.94,911.11
47.62,-257.14,1401.59
-28.57,-533.33,1122.22
-74.60,-458.73,1165.08
-98.41,-352.38,1019.05
25.40,-423.81,939.68
182.54,-282.54,1015.87
333.33,-452.38,869.84
611.11,-512.70,565.08
860.32,-231.75,998.41
785.71,98.41,1088.89
455.56,182.54,771.43
377.78,534.92,914.29
184.13,538.10,736.51
147.62,565.08,795.24
126.98,557.14,844.44
7.94,411.11,915.87
128.57,404.76,1198.41
-47.62,276.19,1252.38
49.21,-73.02,1095.24
-1.59,-246.03,1165.08
-,-,-
280.95,-104.76,1631.75
-44.44,260.32,961.90
-95.24,357.14,1020.64
-176.19,406.35,1015.87
-196.83,177.78,1042.86
-176.19,-3.17,965.08
-44.44,-231.75,1087.30
158.73,-550.79,909.52
280.95,-580.95,1201.59
331.75,-577.78,1014.29
274.60,-422.22,946.03
428.57,-352.38,947.62
414.29,-282.54,912.70
612.70,-303.17,809.52
588.89,28.57,1047.62
534.92,28.57,888.89
460.32,157.14,884.13
312.70,255.56,858.73
228.57,388.89,814.29
131.75,409.52,812.70
28.57,536.51,922.22
-71.43,579.36,998.41
-131.75,480.95,1039.68
-225.40,377.78,1100.00
-200.00,47.62,1101.59
-147.62,-296.83,938.10
-,-,-
180.95,-147.62,1622.22
-52.38,274.60,936.51
-101.59,388.89,984.13
-106.35,438.10,909.52
-174.60,380.95,890.48
-277.78,109.52,857.14
-103.17,-347.62,996.83
53.97,-477.78,1096.83
109.52,-612.70,1046.03
201.59,-557.14,1347.62
349.21,-538.10,1041.27
325.40,-504.76,987.30
436.51,-325.40,941.27
434.92,-233.33,920.64
582.54,-249.21,869.84
668.25,-117.46,895.24
536.51,152.38,895.24
380.95,174.60,661.90
223.81,488.89,815.87
100.00,487.30,887.30
55.56,585.71,1015.87
-1.59,492.06,1011.11
-22.22,365.08,1063.49
-101.59,173.02,1173.02
-247.62,-93.65,1066.67
-295.24,-379.36,1066.67
-,-,-
284.13,107.94,1531.75
-1.59,330.16,966.67
-3.17,357.14,1015.87
-149.21,507.94,1071.43
-231.75,185.71,1098.41
-149.21,-150.79,1093.65
-147.62,-507.94,917.46
153.97,-833.33,1092.06
231.75,-633.33,966.67
403.17,-677.78,1012.70
512.70,-582.54,885.71
479.36,-282.54,912.70
555.56,-309.52,736.51
538.10,55.56,865.08
639.68,-52.38,738.10
539.68,280.95,784.13
388.89,357.14,738.10
414.29,382.54,939.68
273.02,285.71,1000.00
98.41,328.57,1073.02
25.40,257.14,1061.90
-42.86,125.40,1146.03
-133.33,101.59,1071.43
-206.35,57.14,1203.17
-176.19,-106.35,1050.79
-196.83,-206.35,984.13
