-,-,-
280.9,-176.1,1168.2
636.5,-434.9,1023.8
715.8,-193.6,1036.5
846.0,53.9,944.4
814.2,338.1,561.9
539.6,741.2,842.8
161.9,993.6,682.5
-53.9,1066.6,1112.7
-222.2,993.6,1041.2
-353.9,858.7,936.5
-195.2,560.3,1120.6
-46.0,174.6,1065.0
-47.6,6.3,1042.8
174.6,-349.2,1042.8
31.7,-249.2,946.0
403.1,-452.3,817.4
149.2,-206.3,969.8
253.9,-204.7,784.1
284.1,-46.0,895.2
404.7,71.4,1014.2
404.7,225.4,938.1
360.3,355.5,1044.4
-,-,-
225.4,-553.9,920.6
719.0,-584.1,1115.8
739.6,-233.3,1046.0
509.5,152.3,682.5
352.3,580.9,809.5
123.8,760.3,687.3
-123.8,895.2,946.0
-539.6,869.8,834.9
-577.7,665.0,915.8
-658.7,488.8,868.2
-458.7,226.9,1096.8
-377.7,-101.5,1038.1
-301.5,-355.5,1014.2
106.3,-476.1,812.7
-126.9,-552.3,914.2
-42.8,-687.3,712.7
74.6,-512.7,1044.4
331.7,-550.7,1088.8
1.5,-152.3,1050.7
236.5,-131.7,1117.4
122.2,47.6,934.9
-25.4,200.0,987.3
28.5,150.7,941.2
-,-,-
765.0,-276.1,1398.4
788.8,49.2,966.6
660.3,365.0,641.2
415.8,819.0,634.9
176.1,1076.1,658.7
-77.7,1225.4,714.2
-304.7,1119.0,884.1
-180.9,744.4,811.1
-228.5,661.9,1015.8
-96.8,209.5,946.0
-174.6,6.3,1049.2
4.7,-273.0,947.6
-53.9,-252.3,947.6
160.3,-377.7,809.5
49.2,-228.5,969.8
301.5,-325.4,811.1
106.3,60.3,1090.4
409.5,-95.2,965.0
261.9,179.3,1015.8
325.4,276.1,1012.7
300.0,430.1,1039.6
-,-,-
403.1,-457.1,1038.1
612.7,-401.5,1066.6
812.7,-149.2,1071.4
758.7,234.9,865.0
528.5,592.0,768.2
173.0,865.0,741.2
-122.2,888.8,811.1
-400.0,885.7,744.4
-357.1,734.9,858.7
-501.5,707.9,944.4
-123.8,390.4,1147.6
-196.8,131.7,1120.6
-222.2,53.9,1066.6
53.9,-350.7,1041.2
-207.9,-353.9,736.5
304.7,-704.7,1023.8
-73.0,-507.9,733.3
28.5,-333.3,949.2
160.3,-300.0,888.8
274.6,-98.4,1069.8
382.5,-28.5,922.2
200.0,280.9,1017.4
-,-,-
236.5,-401.5,1166.6
377.7,-423.8,1020.6
763.4,-382.5,1063.4
538.1,58.7,819.0
460.3,355.5,685.7
257.1,739.6,739.6
-4.7,911.1,898.4
-282.5,865.0,990.4
-536.5,738.1,942.8
-539.6,514.2,1038.1
-484.1,277.7,1114.2
-526.9,-28.5,946.0
-300.0,-101.5,1144.4
-126.9,-433.3,793.6
-171.4,-379.3,868.2
-74.6,-450.7,765.0
126.9,-498.4,942.8
257.1,-480.9,988.8
200.0,-253.9,1069.8
103.1,-4.7,1085.7
122.2,49.2,820.6
182.5,198.4,1192.0
-,-,-
617.4,-501.5,1041.2
838.1,-273.0,1144.4
738.1,182.5,911.1
555.5,557.1,860.3
403.1,763.4,815.8
103.1,860.3,890.4
-130.1,834.9,868.2
-457.1,784.1,819.0
-514.2,657.1,807.9
-461.9,580.9,887.3
-385.7,325.4,938.1
-480.9,47.6,949.2
-384.1,-126.9,969.8
25.4,-498.4,861.9
-122.2,-426.9,839.6
230.1,-607.9,893.6
80.9,-450.7,911.1
304.7,-433.3,993.6
158.7,-226.9,915.8
207.9,-25.4,996.8
428.5,-57.1,1074.6
174.6,233.3,1069.8
230.1,234.9,1117.4
-,-,-
479.3,-398.4,819.0
966.6,-453.9,1066.6
766.6,153.9,995.2
839.6,458.7,934.9
582.5,769.8,792.0
326.9,911.1,758.7
-44.4,946.0,834.9
-152.3,734.9,736.5
-301.5,661.9,784.1
-507.9,565.0,914.2
-300.0,361.9,1114.2
-226.9,152.3,1017.4
-358.7,46.0,760.3
-126.9,-120.6,787.3
80.9,-403.1,709.5
276.1,-403.1,1123.8
757.1,-761.9,998.4
279.3,-103.1,1038.1
734.9,-374.6,1060.3
352.3,30.1,1036.5
300.0,201.5,1066.6
230.1,309.5,896.8
-,-,-
184.1,-447.6,1165.0
704.7,-612.7,1201.5
809.5,-484.1,892.0
684.1,73.0,741.2
439.6,639.6,661.9
79.3,971.4,784.1
-49.2,1017.4,882.5
-422.2,858.7,960.3
-766.6,842.8,741.2
-812.7,615.8,820.6
-509.5,325.4,1088.8
-358.7,-44.4,1011.1
-328.5,-350.7,963.4
-198.4,-433.3,1039.6
-44.4,-557.1,871.4
-19.0,-528.5,922.2
109.5,-560.3,885.7
55.5,-282.5,888.8
360.3,-274.6,1100.0
96.8,79.3,914.2
201.5,198.4,1088.8
-,-,-
630.1,-423.8,1166.6
941.2,-353.9,1063.4
1060.3,-47.6,1061.9
769.8,606.3,847.6
633.3,838.1,558.7
333.3,1149.2,860.3
-28.5,1241.2,861.9
-174.6,998.4,820.6
-300.0,769.8,942.8
-225.4,452.3,961.9
-50.7,231.7,1171.4
-77.7,-20.6,1088.8
47.6,-203.1,1019.0
301.5,-452.3,814.2
103.1,-252.3,973.0
539.6,-406.3,963.4
660.3,-350.7,1120.6
260.3,28.5,971.4
411.1,46.0,888.8
282.5,174.6,1063.4
382.5,274.6,887.3
306.3,336.5,1038.1
-,-,-
277.7,-549.2,1044.4
615.8,-634.9,1046.0
734.9,-260.3,1146.0
614.2,250.7,914.2
382.5,606.3,736.5
258.7,717.4,811.1
-79.3,834.9,793.6
-355.5,760.3,871.4
-588.8,717.4,895.2
-690.4,711.1,985.7
-509.5,463.4,1038.1
-526.9,134.9,990.4
-330.1,-128.5,1115.8
1.5,-603.1,971.4
-25.4,-453.9,1019.0
-3.1,-584.1,787.3
28.5,-528.5,706.3
365.0,-628.5,966.6
234.9,-282.5,969.8
231.7,-55.5,1115.8
330.1,96.8,1074.6
-,-,-
333.3,-534.9,1242.8
733.3,-612.7,1241.2
736.5,-353.9,971.4
587.3,76.1,490.4
98.4,668.2,734.9
-152.3,884.1,811.1
-555.5,984.1,717.4
-687.3,836.5,911.1
-804.7,692.0,796.8
-680.9,561.9,1147.6
-682.5,365.0,1149.2
-430.1,-231.7,1146.0
-1.5,-690.4,949.2
236.5,-966.6,661.9
-147.6,-631.7,809.5
331.7,-831.7,871.4
103.1,-460.3,987.3
52.3,-169.8,1022.2
247.6,4.7,1141.2
-,-,-
668.2,-480.9,1374.6
784.1,-379.3,1317.4
590.4,125.4,707.9
306.3,604.7,741.2
28.5,809.5,663.4
-249.2,966.6,536.5
-458.7,936.5,968.2
-665.0,841.2,920.6
-658.7,606.3,995.2
-385.7,150.7,1146.0
-326.9,7.9,1241.2
-252.3,-331.7,1139.6
-42.8,-422.2,841.2
84.1,-677.7,765.0
-274.6,-453.9,809.5
314.2,-663.4,820.6
52.3,-269.8,844.4
201.5,-201.5,1017.4
249.2,-17.4,1139.6
98.4,209.5,1046.0
-,-,-
588.8,-404.7,1050.7
844.4,-257.1,1100.0
846.0,126.9,911.1
588.8,641.2,792.0
280.9,896.8,636.5
-44.4,1046.0,682.5
-360.3,990.4,919.0
-474.6,834.9,811.1
-604.7,658.7,941.2
-714.2,409.5,1019.0
-403.1,74.6,1019.0
-477.7,-98.4,858.7
-55.5,-323.8,1041.2
334.9,-706.3,909.5
-53.9,-331.7,895.2
477.7,-584.1,963.4
207.9,-325.4,846.0
377.7,-198.4,1119.0
404.7,-22.2,896.8
128.5,307.9,1147.6
-,-,-
890.4,-485.7,1071.4
1019.0,-171.4,1176.1
911.1,334.9,815.8
711.1,742.8,782.5
466.6,1019.0,807.9
98.4,1117.4,819.0
-71.4,1023.8,939.6
-249.2,861.9,739.6
-247.6,665.0,936.5
-100.0,257.1,1012.7
-277.7,185.7,1014.2
-25.4,-123.8,1068.2
76.1,-352.3,947.6
26.9,-357.1,663.4
257.1,-500.0,1219.0
209.5,-353.9,780.9
233.3,-203.1,1046.0
612.7,-123.8,1149.2
200.0,285.7,968.2
536.5,303.1,1020.6
-,-,-
838.1,-731.7,1268.2
917.4,-536.5,968.2
934.9,50.7,817.4
507.9,661.9,515.8
209.5,995.2,768.2
-201.5,1150.7,863.4
-309.5,1020.6,941.2
-530.1,934.9,892.0
-509.5,663.4,939.6
-304.7,253.9,1068.2
-180.9,-98.4,1114.2
-101.5,-300.0,1092.0
131.7,-574.6,665.0
-93.6,-450.7,863.4
507.9,-784.1,860.3
33.3,-358.7,1090.4
460.3,-436.5,992.0
301.5,-100.0,1017.4
177.7,204.7,1020.6
306.3,233.3,1069.8
-,-,-
480.9,-485.7,973.0
1173.0,-612.7,1274.6
939.6,-6.3,1217.4
631.7,479.3,680.9
631.7,634.9,763.4
225.4,971.4,768.2
55.5,971.4,866.6
-253.9,1019.0,892.0
-503.1,944.4,1038.1
-406.3,706.3,966.6
-104.7,207.9,1061.9
-128.5,-20.6,1125.4
3.1,-326.9,919.0
101.5,-461.9,1041.2
-47.6,-487.3,785.7
250.7,-615.8,939.6
306.3,-634.9,1088.8
180.9,-223.8,812.7
639.6,-219.0,1203.1
285.7,249.2,936.5
185.7,382.5,963.4
-,-,-
530.1,-677.7,1150.7
815.8,-626.9,1088.8
838.1,-71.4,639.6
563.4,531.7,768.2
533.3,834.9,792.0
-23.8,1223.8,1098.4
-280.9,1112.7,1022.2
-585.7,863.4,1063.4
-753.9,733.3,757.1
-301.5,303.1,1174.6
-52.3,-203.1,858.7
-453.9,-100.0,1073.0
-30.1,-531.7,630.1
-123.8,-484.1,1098.4
74.6,-612.7,690.4
250.7,-582.5,1117.4
438.1,-628.5,1071.4
101.5,-169.8,912.7
512.7,-174.6,1198.4
279.3,106.3,838.1
107.9,412.7,1138.1
-,-,-
352.3,-330.1,1068.2
857.1,-536.5,1171.4
942.8,-182.5,1015.8
807.9,388.8,860.3
690.4,760.3,617.4
450.7,1042.8,763.4
76.1,1115.8,868.2
-301.5,1168.2,1071.4
-298.4,990.4,1073.0
-76.1,658.7,1087.3
7.9,106.3,1050.7
100.0,-174.6,1063.4
98.4,-295.2,1073.0
282.5,-461.9,758.7
385.7,-653.9,934.9
225.4,-453.9,942.8
631.7,-660.3,915.8
436.5,-400.0,1096.8
338.1,-180.9,893.6
557.1,-20.6,963.4
336.5,234.9,1012.7
309.5,403.1,938.1
-,-,-
580.9,-274.6,1022.2
914.2,-407.9,866.6
869.8,22.2,971.4
838.1,434.9,920.6
865.0,663.4,914.2
580.9,890.4,934.9
173.0,995.2,1046.0
-146.0,896.8,990.4
-28.5,693.6,884.1
-150.7,428.5,1250.7
0.0,130.1,1087.3
-28.5,-146.0,1014.2
25.4,-285.7,736.5
355.5,-477.7,915.8
555.5,-665.0,690.4
350.7,-384.1,988.8
869.8,-588.8,984.1
533.3,-152.3,1049.2
661.9,-46.0,1163.4
480.9,263.4,1063.4
357.1,385.7,1087.3
-,-,-
412.7,-588.8,1147.6
642.8,-607.9,1142.8
714.2,-271.4,868.2
609.5,334.9,838.1
149.2,869.8,784.1
-231.7,1069.8,893.6
-457.1,1022.2,1023.8
-631.7,815.8,890.4
-815.8,782.5,987.3
-630.1,363.4,1000.0
-503.1,-73.0,915.8
-534.9,-258.7,765.0
-93.6,-684.1,942.8
-3.1,-761.9,836.5
-50.7,-584.1,1174.6
207.9,-584.1,868.2
-157.1,-171.4,844.4
225.4,-174.6,1147.6
153.9,79.3,1019.0
-,-,-
507.9,-533.3,1142.8
809.5,-360.3,1014.2
590.4,287.3,936.5
236.5,769.8,788.8
-77.7,988.8,936.5
-476.1,1092.0,939.6
-763.4,946.0,915.8
-793.6,741.2,887.3
-539.6,307.9,911.1
-333.3,-26.9,1122.2
-257.1,-376.1,685.7
-77.7,-612.7,1047.6
-131.7,-638.1,765.0
-206.3,-433.3,1319.0
98.4,-477.7,1038.1
-123.8,-152.3,939.6
301.5,-207.9,1144.4
100.0,122.2,1019.0
55.5,301.5,1098.4
22.2,361.9,987.3
-,-,-
920.6,-309.5,998.4
704.7,336.5,990.4
136.5,893.6,715.8
-228.5,1071.4,1042.8
-534.9,988.8,993.6
-707.9,836.5,966.6
-707.9,588.8,961.9
-484.1,150.7,1039.6
-200.0,-252.3,990.4
-257.1,-352.3,1088.8
161.9,-638.1,815.8
-1.5,-485.7,912.7
231.7,-582.5,868.2
180.9,-387.3,866.6
533.3,-349.2,1298.4
306.3,47.6,985.7
6.3,363.4,1076.1
73.0,353.9,892.0
-79.3,512.7,1044.4
-,-,-
988.8,-333.3,1371.4
1046.0,-19.0,1038.1
844.4,485.7,738.1
663.4,814.2,687.3
303.1,1068.2,844.4
-130.1,1085.7,890.4
-298.4,817.4,915.8
-358.7,539.6,866.6
-144.4,223.8,1047.6
-42.8,47.6,1119.0
25.4,-69.8,1036.5
230.1,-274.6,965.0
209.5,-330.1,966.6
284.1,-306.3,963.4
401.5,-376.1,895.2
430.1,-276.1,1019.0
607.9,-225.4,998.4
511.1,55.5,1088.8
479.3,126.9,985.7
-,-,-
360.3,-398.4,1114.2
763.4,-384.1,1088.8
917.4,-177.7,1401.5
795.2,233.3,769.8
458.7,731.7,582.5
30.1,1100.0,590.4
-400.0,1168.2,655.5
-601.5,985.7,639.6
-634.9,820.6,1014.2
-449.2,484.1,763.4
-376.1,206.3,915.8
-463.4,-79.3,998.4
-149.2,-350.7,987.3
-104.7,-379.3,1088.8
4.7,-579.3,887.3
257.1,-611.1,971.4
228.5,-434.9,1063.4
504.7,-258.7,1036.5
306.3,47.6,898.4
363.4,325.4,1092.0
147.6,507.9,965.0
-,-,-
460.3,-463.4,1020.6
846.0,-552.3,1146.0
763.4,-82.5,819.0
690.4,382.5,611.1
512.7,807.9,644.4
207.9,1039.6,846.0
-119.0,1088.8,985.7
-306.3,965.0,1017.4
-376.1,730.1,1073.0
-74.6,355.5,1046.0
-144.4,-42.8,1120.6
-155.5,-206.3,1068.2
82.5,-430.1,1012.7
233.3,-652.3,841.2
234.9,-560.3,1015.8
326.9,-553.9,836.5
123.8,-233.3,863.4
660.3,-246.0,990.4
234.9,149.2,1011.1
531.7,200.0,1115.8
428.5,231.7,820.6
-,-,-
609.5,-477.7,1085.7
1241.2,-828.5,1014.2
1217.4,-247.6,709.5
1017.4,639.6,619.0
617.4,1147.6,719.0
300.0,1223.8,963.4
33.3,1100.0,992.0
-222.2,836.5,1014.2
-157.1,484.1,1241.2
82.5,277.7,1073.0
-53.9,-201.5,944.4
-98.4,-306.3,868.2
180.9,-539.6,914.2
101.5,-457.1,715.8
330.1,-482.5,1076.1
565.0,-525.4,812.7
453.9,-255.5,1146.0
919.0,-322.2,965.0
539.6,223.8,990.4
528.5,390.4,1122.2
-,-,-
1093.6,-484.1,1039.6
1171.4,-146.0,920.6
941.2,534.9,741.2
512.7,1014.2,715.8
26.9,1223.8,787.3
-157.1,1088.8,836.5
-179.3,888.8,946.0
-98.4,555.5,1112.7
-49.2,158.7,1042.8
-230.1,-71.4,1122.2
153.9,-509.5,1044.4
211.1,-663.4,946.0
363.4,-634.9,946.0
657.1,-730.1,839.6
260.3,-173.0,860.3
631.7,-174.6,963.4
400.0,174.6,1066.6
361.9,301.5,966.6
560.3,260.3,985.7
-,-,-
414.2,-423.8,919.0
785.7,-434.9,1122.2
731.7,-20.6,1092.0
630.1,334.9,709.5
455.5,641.2,744.4
157.1,842.8,796.8
-206.3,893.6,995.2
-358.7,793.6,936.5
-688.8,742.8,1087.3
-377.7,379.3,992.0
-257.1,-49.2,1047.6
-331.7,-173.0,1063.4
100.0,-580.9,793.6
307.9,-755.5,911.1
430.1,-711.1,1223.8
339.6,-509.5,819.0
326.9,-258.7,1147.6
353.9,-93.6,860.3
249.2,211.1,1046.0
258.7,223.8,968.2
-,-,-
633.3,-501.5,1039.6
719.0,-423.8,917.4
561.9,77.7,941.2
509.5,411.1,758.7
230.1,760.3,865.0
-144.4,888.8,757.1
-409.5,868.2,785.7
-480.9,655.5,785.7
-552.3,565.0,1020.6
-480.9,252.3,1098.4
-460.3,-95.2,1098.4
-103.1,-507.9,1174.6
-23.8,-741.2,838.1
-22.2,-677.7,993.6
352.3,-842.8,833.3
123.8,-506.3,809.5
504.7,-404.7,707.9
277.7,234.9,1263.4
465.0,309.5,1192.0
74.6,555.5,888.8
-,-,-
455.5,-196.8,923.8
615.8,-80.9,971.4
539.6,230.1,719.0
330.1,536.5,806.3
47.6,815.8,842.8
-379.3,915.8,961.9
-631.7,841.2,788.8
-712.7,712.7,860.3
-682.5,287.3,885.7
-428.5,-147.6,1050.7
-506.3,-379.3,993.6
46.0,-663.4,1020.6
73.0,-766.6,963.4
123.8,-580.9,992.0
153.9,-425.4,936.5
250.7,-122.2,987.3
198.4,74.6,1368.2
182.5,280.9,1096.8
174.6,349.2,1044.4
-,-,-
480.9,-530.1,1196.8
866.6,-350.7,1114.2
920.6,106.3,758.7
633.3,792.0,665.0
377.7,988.8,663.4
7.9,1222.2,1093.6
-207.9,1176.1,961.9
-406.3,911.1,946.0
-425.4,734.9,966.6
-282.5,58.7,863.4
-453.9,-20.6,1039.6
1.5,-504.7,973.0
128.5,-609.5,965.0
125.4,-453.9,1092.0
352.3,-558.7,912.7
209.5,-250.7,993.6
465.0,-226.9,820.6
301.5,184.1,914.2
330.1,253.9,1069.8
353.9,365.0,920.6
-,-,-
631.7,-92.0,993.6
530.1,415.8,758.7
225.4,739.6,812.7
-153.9,992.0,911.1
-433.3,915.8,990.4
-707.9,784.1,966.6
-838.1,426.9,1066.6
-561.9,80.9,1147.6
-357.1,-249.2,996.8
-203.1,-384.1,1096.8
226.9,-730.1,734.9
-96.8,-452.3,1117.4
614.2,-839.6,990.4
98.4,-80.9,1061.9
431.7,-4.7,1100.0
49.2,387.3,969.8
-96.8,377.7,868.2
-,-,-
815.8,-663.4,1198.4
842.8,-326.9,1020.6
820.6,236.5,736.5
506.3,841.2,607.9
126.9,1250.7,914.2
-168.2,1217.4,838.1
-398.4,1093.6,768.2
-311.1,817.4,860.3
-480.9,504.7,969.8
-228.5,26.9,1163.4
-153.9,-179.3,1301.5
-104.7,-452.3,923.8
-349.2,-552.3,920.6
73.0,-628.5,869.8
58.7,-382.5,838.1
282.5,-458.7,965.0
590.4,-311.1,990.4
222.2,201.5,1092.0
401.5,198.4,968.2
125.4,388.8,1022.2
-,-,-
739.6,-550.7,1015.8
787.3,-200.0,592.0
707.9,309.5,784.1
455.5,815.8,782.5
25.4,1069.8,1090.4
-233.3,988.8,996.8
-273.0,733.3,1020.6
-487.3,684.1,1195.2
-384.1,282.5,1146.0
-206.3,-226.9,1074.6
-279.3,-360.3,890.4
357.1,-860.3,893.6
-19.0,-536.5,841.2
358.7,-582.5,965.0
303.1,-300.0,963.4
434.9,-223.8,1087.3
588.8,25.4,936.5
153.9,384.1,969.8
-,-,-
871.4,-431.7,893.6
898.4,160.3,939.6
506.3,819.0,565.0
82.5,1201.5,892.0
-460.3,1323.8,888.8
-560.3,1069.8,761.9
-679.3,744.4,890.4
-457.1,234.9,1038.1
-323.8,28.5,1344.4
-100.0,-453.9,793.6
-19.0,-574.6,738.1
20.6,-657.1,947.6
73.0,-533.3,639.6
204.7,-476.1,1074.6
255.5,-300.0,842.8
280.9,-53.9,1203.1
406.3,6.3,1019.0
123.8,358.7,995.2
258.7,274.6,1122.2
-,-,-
734.9,-385.7,963.4
738.1,-69.8,938.1
582.5,558.7,820.6
303.1,961.9,909.5
-23.8,1085.7,842.8
-280.9,963.4,1017.4
-707.9,739.6,941.2
-576.1,514.2,1112.7
-422.2,-1.5,934.9
-500.0,-53.9,965.0
-309.5,-247.6,834.9
-233.3,-326.9,958.7
-66.6,-452.3,842.8
52.3,-480.9,822.2
149.2,-404.7,1074.6
207.9,-253.9,917.4
184.1,-1.5,1173.0
511.1,-123.8,1120.6
77.7,228.5,1065.0
-,-,-
944.4,-101.5,809.5
784.1,565.0,914.2
407.9,941.2,911.1
23.8,1092.0,939.6
-320.6,1066.6,920.6
-376.1,792.0,833.3
-433.3,558.7,920.6
-176.1,261.9,1111.1
-74.6,-125.4,1063.4
103.1,-555.5,1000.0
-3.1,-579.3,942.8
352.3,-703.1,739.6
152.3,-398.4,1023.8
533.3,-398.4,793.6
684.1,-206.3,992.0
280.9,230.1,969.8
463.4,252.3,946.0
385.7,334.9,1046.0
-,-,-
787.3,-330.1,1161.9
657.1,204.7,758.7
585.7,585.7,663.4
339.6,938.1,915.8
-80.9,1061.9,911.1
-455.5,944.4,1096.8
-630.1,788.8,1139.6
-533.3,460.3,944.4
-103.1,325.4,1322.2
-69.8,-223.8,1177.7
-171.4,-423.8,1009.5
155.5,-652.3,922.2
173.0,-682.5,941.2
106.3,-476.1,860.3
253.9,-428.5,873.0
174.6,-131.7,965.0
404.7,-100.0,839.6
304.7,134.9,1087.3
-,-,-
1119.0,-531.7,963.4
806.3,47.6,860.3
560.3,604.7,844.4
361.9,865.0,865.0
33.3,971.4,1017.4
-171.4,866.6,914.2
-639.6,819.0,988.8
-298.4,455.5,865.0
-306.3,58.7,1219.0
-96.8,-207.9,961.9
201.5,-577.7,942.8
228.5,-687.3,784.1
606.3,-806.3,868.2
379.3,-550.7,841.2
357.1,-276.1,1076.1
565.0,-196.8,914.2
541.2,-1.5,868.2
-,-,-
401.5,815.8,846.0
106.3,1044.4,746.0
-371.4,1244.4,1047.6
-611.1,1119.0,885.7
-434.9,858.7,987.3
-422.2,387.3,969.8
-258.7,76.1,1147.6
-53.9,-426.9,1022.2
-306.3,-428.5,844.4
58.7,-636.5,1022.2
31.7,-707.9,771.4
-247.6,-407.9,1096.8
377.7,-653.9,771.4
-149.2,-15.8,965.0
285.7,-55.5,1126.9
150.7,176.1,993.6
-101.5,328.5,998.4
