-,-,-
45.6,-125.1,977.7
38.8,-230.7,993.3
186.4,-371.9,955.8
374.4,-426.4,943.0
430.7,-333.6,933.5
415.8,-179.8,807.6
473.5, 8.6,790.9
551.7,225.7,901.4
531.5,397.9,934.1
397.3,498.1,900.3
272.2,515.7,897.1
177.9,475.1,891.5
27.2,502.9,962.1
-88.9,485.7,995.0
-182.2,417.2,999.4
-276.5,403.0,1106.8
-290.9,320.1,1081.1
-275.5,217.9,1069.6
-233.6,108.6,1126.0
-168.9,-9.7,1099.7
-133.4,-149.5,1056.7
-164.3,-237.0,966.3
-139.3,-348.0,881.2
-57.0,-451.8,888.0
38.7,-446.1,940.2
213.9,-456.3,911.5
290.3,-379.6,979.1
343.8,-277.1,1030.9
415.7,-209.5,1032.3
365.6,-105.8,1016.4
296.9,-15.0,937.1
249.3,85.5,924.3
212.3,171.2,930.9
-,-,-
53.0,-128.7,1029.5
158.6,-261.2,1006.8
261.8,-342.4,958.1
419.4,-413.1,825.6
617.6,-284.4,861.7
646.3,92.5,1021.8
465.9,420.3,982.7
313.6,589.6,897.5
152.6,702.5,859.6
-2.3,701.3,835.9
-48.9,610.1,908.8
-108.4,504.8,945.0
-237.3,426.8,936.7
-309.2,290.7,957.8
-361.0,233.8,1009.8
-466.6,231.5,1020.4
-392.1,106.3,1018.4
-283.5,-93.8,975.8
-267.1,-215.9,972.4
-184.5,-307.4,1024.1
-246.6,-291.7,937.3
-162.0,-297.1,978.6
46.2,-389.2,996.8
35.4,-283.8,976.0
171.8,-261.7,1005.1
330.0,-286.6,1052.7
280.1,-243.9,1029.5
312.1,-231.4,942.9
283.4,-68.8,933.1
306.4,52.9,974.6
310.7,105.6,991.3
229.4,144.5,952.2
180.6,159.4,915.0
122.6,177.1,919.4
82.3,203.0,919.0
-,-,-
20.2,-240.1,968.4
176.8,-371.7,1001.9
382.1,-410.0,1083.0
505.8,-327.4,1060.3
552.0,-165.8,936.2
486.7,110.9,848.7
352.7,426.7,833.7
311.0,532.9,762.4
279.0,605.4,737.7
246.7,667.2,841.2
222.3,641.3,934.2
138.5,581.8,983.0
21.9,524.4,1024.8
-141.8,518.5,1092.3
-264.1,463.0,1085.7
-358.2,377.4,1062.8
-348.9,204.0,1008.2
-299.8, 9.1,958.8
-287.3,-109.9,998.7
-186.6,-263.1,964.1
-198.2,-303.2,1014.1
-82.9,-435.7,924.0
83.9,-536.6,788.0
223.3,-432.1,889.5
455.9,-441.9,882.0
516.5,-375.5,920.4
563.4,-232.1,957.3
586.9,-145.0,933.1
468.7,-12.1,950.4
333.2,131.4,932.1
225.9,224.0,949.9
176.9,259.7,963.9
-,-,-
-13.6,-86.7,1009.2
64.9,-180.7,1048.1
234.4,-330.6,995.4
426.9,-427.8,971.7
562.4,-386.2,943.2
543.2,-193.7,854.7
500.3,83.2,850.0
381.0,369.9,841.3
319.7,527.9,783.4
386.6,565.8,862.5
285.8,597.6,934.9
227.5,532.4,992.1
135.0,439.4,1008.3
-59.0,393.1,992.3
-173.6,345.4,1006.8
-290.5,313.7,1002.5
-380.2,287.6,969.8
-374.2,237.7,981.2
-290.8,137.3,982.2
-242.4,38.3,962.0
-255.6,-49.0,974.8
-273.6,-154.3,957.2
-179.9,-278.0,909.0
53.2,-419.9,925.8
175.4,-452.2,942.5
268.8,-398.9,995.5
399.9,-357.1,1038.7
440.9,-290.3,1014.7
473.9,-226.2,995.9
465.8,-153.3,956.4
376.8,-40.0,932.8
321.5,49.9,895.9
218.5,164.9,923.6
132.4,259.3,967.4
-,-,-
96.4,-61.4,956.7
105.4,-167.0,1008.0
103.7,-323.6,1037.1
313.7,-486.1,979.8
573.6,-490.6,980.1
572.5,-256.5,935.2
508.1,52.4,879.3
425.3,283.7,806.8
328.1,432.2,755.4
327.5,532.3,883.7
168.6,626.3,953.6
35.2,608.0,937.3
-35.6,529.2,938.5
-121.9,445.9,1005.4
-182.2,344.6,1040.0
-331.3,281.1,1061.0
-408.5,224.0,1000.6
-417.0,198.0,961.9
-414.7,159.0,1008.0
-247.5,12.9,965.0
-171.6,-96.7,1079.1
-160.2,-207.2,1130.1
-126.3,-323.2,1014.2
-119.1,-346.6,963.0
-37.7,-360.4,943.7
-4.0,-311.0,910.2
59.1,-263.6,901.8
153.4,-183.6,874.8
241.7,-34.7,947.5
396.7,39.7,1014.8
430.8,80.2,1035.3
395.4,118.7,1035.6
320.6,162.8,951.9
177.9,232.2,940.4
128.8,265.0,913.0
-,-,-
-14.1,-91.5,952.9
-10.6,-196.1,963.4
40.1,-281.8,1006.1
186.5,-336.2,990.5
382.9,-298.8,949.8
567.3,-219.7,865.8
638.1,-33.5,865.6
555.4,277.5,919.3
424.1,456.7,873.2
277.8,591.6,884.9
122.1,723.1,936.1
-16.5,703.6,896.1
-108.2,589.0,946.3
-187.7,470.5,990.4
-259.4,390.0,1030.9
-309.6,294.0,1073.9
-329.9,203.1,1057.4
-332.3,106.3,1023.4
-340.0,-0.3,1021.7
-329.4,-105.8,1045.2
-266.5,-210.9,1021.3
-269.5,-251.0,995.3
-281.0,-244.2,930.4
-154.1,-296.3,911.7
-34.9,-308.9,929.5
75.5,-333.4,903.4
190.9,-359.6,913.9
219.8,-273.3,953.7
265.7,-152.0,967.4
355.4,-51.4,983.9
358.2,45.8,974.7
341.9,104.7,964.7
287.5,151.9,938.1
206.7,210.4,913.3
131.2,261.5,953.9
-,-,-
157.7,-481.0,865.6
384.0,-455.6,913.0
490.0,-259.4,1037.2
559.1,-86.8,964.7
576.8,116.0,853.3
579.1,298.0,779.8
563.9,480.7,819.4
459.8,620.6,934.0
272.1,654.1,956.4
29.3,633.7,936.0
-186.6,588.0,975.8
-332.6,530.7,1064.9
-416.8,397.7,1083.3
-431.6,276.3,1009.3
-363.7,113.9,1021.1
-292.0,-38.1,1042.7
-300.6,-102.0,1049.1
-251.0,-164.5,1080.5
-164.8,-234.3,1099.5
-23.2,-361.2,970.6
113.5,-403.5,923.5
221.5,-371.2,939.1
299.3,-305.3,931.1
303.5,-199.9,934.9
330.3,-132.5,891.5
339.0,-63.2,884.2
342.7,17.2,944.8
269.3,80.2,954.1
195.9,101.9,897.9
151.7,156.2,940.9
-,-,-
29.2,-14.2,992.5
10.6,-71.0,964.8
 9.5,-140.1,978.2
-1.0,-246.7,907.8
25.9,-424.4,697.1
346.9,-474.5,765.2
706.7,-242.0,1120.9
698.9,111.3,1305.4
533.7,304.0,1094.9
437.2,386.9,879.4
366.1,472.8,815.7
236.1,544.7,791.2
143.1,573.6,865.7
 7.5,556.9,920.9
-133.7,464.6,968.9
-180.1,370.8,1047.9
-259.4,302.5,1056.5
-335.5,245.3,1033.0
-378.3,190.0,955.1
-392.0,114.6,910.1
-382.2,12.1,931.9
-356.7,-77.2,924.3
-311.0,-155.5,956.7
-243.2,-217.2,971.4
-120.0,-273.9,997.1
-77.9,-276.1,934.5
-13.6,-253.1,921.8
123.2,-266.2,894.8
176.6,-199.2,972.1
272.2,-138.3,1052.2
261.4,-83.2,965.8
287.9,-29.8,979.5
342.7,15.1,958.5
250.8,123.3,942.4
218.0,214.6,970.0
123.0,318.8,979.9
-,-,-
45.4,-21.7,923.6
 7.1,-31.5,953.7
20.9,-106.0,1018.4
93.2,-247.5,1062.6
265.2,-429.5,994.2
424.3,-494.9,905.2
452.7,-344.1,891.8
470.4,-128.9,860.7
422.4,131.4,869.1
331.0,352.5,887.1
266.3,453.7,899.9
210.4,482.9,956.9
182.7,478.9,947.2
95.6,458.4,998.3
-20.6,387.4,998.5
-104.5,309.7,1000.7
-182.8,238.1,1006.2
-281.7,201.9,971.4
-378.5,207.9,947.9
-457.5,232.3,930.3
-472.0,189.9,940.0
-385.4,19.6,946.7
-331.1,-126.3,927.9
-313.5,-196.4,913.9
-203.5,-255.3,949.6
-129.0,-280.5,926.7
-12.9,-280.2,985.4
208.3,-340.3,985.5
262.7,-290.7,967.6
356.0,-216.2,1059.0
372.4,-144.3,978.9
329.9,-44.9,953.4
381.0,-14.4,936.7
293.1,70.9,886.2
225.1,178.5,944.5
138.4,268.2,981.2
41.6,299.2,982.8
-,-,-
10.9,-7.3,992.0
-5.1,-85.8,972.0
-31.6,-168.1,992.0
-47.4,-181.8,1009.2
34.5,-176.4,1016.6
244.0,-219.4,974.8
432.1,-209.7,910.0
579.9,-113.9,910.5
600.0,67.4,918.5
502.8,256.1,913.9
508.8,364.6,920.2
450.2,436.6,917.8
266.2,515.8,894.8
49.0,557.2,911.0
-95.1,520.0,923.1
-178.3,482.9,937.1
-247.9,440.0,956.3
-302.2,391.8,963.4
-350.2,330.4,910.8
-353.6,244.6,909.5
-350.5,136.1,932.9
-358.7,22.2,924.3
-312.1,-107.9,930.8
-338.1,-181.1,963.8
-321.9,-157.2,1002.8
-85.3,-250.6,969.5
58.8,-283.6,970.2
209.1,-299.7,995.1
326.6,-315.5,974.1
270.4,-209.8,1003.7
331.2,-174.4,1007.7
344.9,-122.4,968.4
373.2,-63.3,974.5
332.4, 3.8,951.6
193.8,133.7,955.5
119.3,267.8,1009.9
54.0,309.0,1010.2
-,-,-
31.6,41.4,983.8
 7.2,-18.4,1004.5
-13.8,-132.5,1030.8
51.2,-306.3,987.2
188.4,-448.5,963.1
372.0,-389.8,977.0
594.2,-213.4,940.6
590.6, 0.3,821.1
442.6,242.5,750.9
419.7,379.8,812.4
420.2,478.4,931.5
377.6,535.4,972.2
269.3,544.4,988.1
78.0,530.9,986.0
-83.4,490.9,973.9
-236.6,479.6,1028.2
-346.0,455.5,1029.5
-433.2,429.6,1005.8
-430.7,305.9,965.3
-419.4,163.7,914.8
-426.2,43.7,952.5
-219.1,-185.1,988.6
-8.7,-395.9,1043.8
-2.1,-437.7,961.9
25.6,-400.0,980.5
95.0,-349.0,1004.4
187.2,-291.8,981.8
294.1,-245.3,1004.8
219.8,-127.2,894.3
204.2,-37.7,936.0
324.6,-12.1,985.2
263.3,110.0,981.1
140.0,219.0,955.2
61.2,280.4,950.4
-,-,-
40.9, 9.0,971.2
48.1,-86.6,994.4
89.3,-213.5,1037.9
200.8,-355.3,1015.6
318.6,-406.8,975.2
400.6,-322.9,921.5
430.0,-146.1,865.5
473.5,-18.3,810.2
433.6,164.8,782.7
361.4,362.7,861.0
303.0,517.6,961.0
261.5,595.5,1012.0
281.8,514.7,943.2
224.8,452.2,956.2
97.6,427.0,1009.7
-116.2,430.5,1016.5
-316.0,472.1,1066.2
-367.8,409.8,1037.8
-385.1,319.4,979.8
-290.0,170.7,1028.3
-129.8,-79.2,1058.0
-207.2,-241.7,971.8
-235.2,-320.3,951.9
-45.7,-477.1,900.0
-6.0,-504.3,907.5
86.3,-515.7,902.6
215.4,-525.0,892.3
250.0,-436.3,934.7
265.2,-336.4,845.6
278.1,-207.4,899.2
362.5,-124.5,963.8
286.8, 4.3,929.7
253.8,90.8,977.4
225.3,143.7,951.5
127.9,189.1,942.9
-,-,-
33.4,-8.6,962.3
-62.8,-6.6,950.6
-168.5,-73.2,927.6
-164.5,-225.6,895.5
29.1,-345.7,895.9
495.9,-350.4,1070.2
782.7,-227.7,1166.1
687.7,-41.9,983.2
517.7,176.0,865.7
407.6,382.3,891.0
309.1,548.8,922.1
253.9,566.1,918.7
219.5,518.3,904.9
137.9,470.1,889.2
53.0,441.6,900.3
 3.2,438.5,979.6
-56.0,397.6,977.1
-174.4,373.1,980.4
-324.2,355.8,1017.4
-416.8,291.9,994.2
-370.1,160.9,998.3
-326.5,-3.4,1057.1
-411.7,-132.2,1056.4
-341.6,-292.7,1005.0
-185.5,-428.3,903.8
-142.0,-423.4,867.4
34.6,-477.2,821.9
104.7,-423.2,847.2
145.1,-313.0,851.4
262.8,-239.0,854.3
298.0,-115.9,919.5
335.1,-55.1,922.1
317.4,37.9,941.4
262.3,138.3,979.6
203.2,196.7,991.5
-,-,-
48.4,-50.3,966.5
-17.5,-95.4,966.5
-71.9,-216.8,981.1
-5.1,-400.7,933.0
246.2,-537.2,895.2
545.4,-509.5,933.9
718.7,-326.9,850.7
631.7,79.3,822.7
509.7,444.0,852.0
437.6,649.2,864.6
331.3,793.3,931.8
270.5,750.6,918.9
216.6,634.3,933.1
127.4,471.3,922.3
-49.5,365.1,923.9
-208.8,307.3,1002.3
-229.3,257.9,1024.4
-307.1,218.1,1040.4
-324.2,118.9,1064.3
-328.4,68.7,1055.5
-364.7,43.9,1036.8
-250.9,-67.2,1062.9
-129.8,-276.6,1003.5
-124.0,-384.0,964.7
-89.7,-416.0,967.9
-17.4,-456.9,889.3
82.7,-464.9,923.2
171.7,-421.6,879.3
205.9,-306.9,861.3
297.6,-212.9,962.4
342.4,-114.9,961.9
321.9,-21.9,962.6
327.6,67.4,1003.7
234.1,155.8,987.4
-,-,-
22.7,-39.3,995.5
 7.0,-86.1,1025.6
-8.0,-220.9,1025.1
-1.3,-377.5,1053.4
192.6,-517.2,997.3
525.2,-546.5,831.0
635.5,-278.2,780.3
513.4,75.8,728.3
446.5,301.8,762.1
431.6,463.9,869.3
436.2,600.9,1003.8
366.3,631.9,1068.0
137.7,586.8,976.2
-54.3,516.1,948.0
-248.8,447.8,962.1
-358.7,411.8,961.8
-427.6,403.5,957.2
-470.0,369.9,931.7
-320.3,200.4,937.4
-364.3,145.4,1100.4
-348.0,-21.2,1143.3
-126.5,-394.0,1030.2
-68.5,-557.6,988.0
 6.4,-605.9,947.7
53.5,-577.8,959.7
31.0,-419.5,884.8
177.4,-261.9,820.0
388.0,-170.9,906.3
451.1,-92.6,939.8
451.2,-40.2,946.0
364.5,32.7,945.7
287.6,101.3,922.3
190.4,194.9,989.5
54.3,290.3,1073.3
-,-,-
83.3,-58.2,973.7
64.9,-51.0,950.4
-8.9,-65.3,957.8
-66.0,-204.9,993.2
-5.5,-450.7,926.2
311.3,-634.6,834.6
597.3,-484.7,941.6
575.3,-96.0,1033.0
438.7,237.7,943.5
434.8,395.7,865.4
482.1,522.7,909.1
380.7,663.3,941.6
186.9,684.4,914.9
 9.4,641.8,926.3
-207.9,587.1,924.1
-390.0,536.7,928.6
-459.2,516.9,991.5
-453.8,431.7,941.9
-436.4,291.8,940.6
-386.1,128.7,949.8
-331.0,-62.1,954.1
-163.8,-343.8,997.5
-52.4,-497.4,1021.6
-49.8,-470.3,1055.5
86.5,-485.5,1028.2
146.9,-413.7,1090.6
218.1,-329.9,1075.1
271.8,-276.0,914.7
202.3,-114.9,900.3
272.2,-34.5,909.7
301.6, 0.5,964.3
184.3,110.6,990.5
55.8,214.8,927.2
 1.9,277.3,944.2
-30.9,312.4,988.6
-,-,-
-4.0,-36.9,966.2
-26.4,-68.7,959.2
-33.9,-181.0,957.7
58.5,-355.1,962.4
216.6,-439.4,993.7
257.2,-373.9,1038.9
277.0,-278.6,939.5
411.0,-111.3,850.5
441.2,154.6,852.1
384.1,373.0,801.2
359.5,513.4,869.6
330.8,608.3,989.3
217.9,616.0,1011.9
58.4,554.7,1038.5
-81.9,472.1,1014.9
-207.3,411.5,975.0
-313.5,385.9,948.6
-445.3,399.2,919.1
-463.4,331.6,945.1
-308.4,118.0,956.5
-257.3,-55.8,993.0
-209.5,-217.4,1024.7
-128.4,-342.3,1044.8
-81.0,-395.5,984.6
56.3,-455.8,997.6
121.1,-431.1,979.9
126.7,-349.1,904.3
244.7,-269.8,994.1
252.2,-158.6,979.1
289.9,-80.8,921.9
367.3,-40.6,945.1
279.6,65.8,952.9
182.2,152.1,986.9
120.6,187.8,970.3
-,-,-
21.8,-81.6,978.7
70.8,-181.8,975.2
151.8,-277.4,937.7
230.2,-298.9,937.1
354.8,-290.8,911.4
496.5,-143.5,951.0
529.9,68.7,971.6
422.6,231.5,870.6
337.7,357.3,846.0
240.6,475.8,910.3
110.5,535.2,954.7
 8.4,481.9,996.3
-85.5,411.2,977.3
-213.6,403.1,1040.7
-285.1,357.9,1011.0
-397.1,344.5,996.1
-380.4,243.7,978.8
-340.6,132.6,950.9
-350.5,46.5,950.1
-301.8,-62.6,987.5
-221.6,-191.9,992.2
-116.2,-285.4,1022.7
28.2,-405.5,984.2
107.7,-442.1,968.5
170.3,-383.6,998.2
247.8,-332.5,938.6
357.8,-282.8,964.1
438.2,-243.9,923.8
304.3,-113.7,853.2
157.9,26.7,876.6
128.9,113.8,902.6
124.5,166.6,939.7
100.5,185.1,949.5
38.6,230.9,976.1
-,-,-
77.3,-144.8,991.6
104.6,-214.5,981.4
183.0,-276.1,940.0
323.3,-314.0,886.0
454.3,-230.7,927.2
479.9,-90.6,924.9
488.1,32.7,888.6
499.0,134.7,914.8
442.1,235.0,880.0
399.8,331.8,884.5
258.0,441.8,986.4
110.2,485.8,1007.6
11.7,438.5,932.3
-187.5,446.7,916.1
-334.5,427.0,934.3
-373.6,344.6,929.9
-415.1,265.1,930.3
-419.3,142.1,930.1
-328.2, 1.5,899.0
-273.9,-38.4,941.0
-230.7,-47.6,992.0
-183.6,-73.1,1026.5
-194.5,-61.2,1099.7
-173.8,-129.5,1093.5
-145.2,-197.1,1105.9
-15.4,-299.2,1058.3
125.4,-344.8,957.1
271.0,-308.3,941.2
371.9,-269.4,853.4
329.4,-139.5,859.3
-,-,-
68.4,61.3,992.4
48.3,19.3,985.9
28.9,-58.0,1000.1
63.2,-185.4,985.0
160.5,-302.7,931.4
289.7,-314.2,880.6
411.3,-207.3,885.5
554.4,-92.5,811.8
652.6,80.6,850.7
596.2,260.2,924.1
437.2,429.2,931.0
266.9,542.4,964.7
90.7,560.2,957.9
-67.5,577.3,1009.9
-181.1,541.2,1028.6
-282.1,497.1,1028.0
-330.8,427.4,998.1
-289.9,282.0,962.2
-292.9,154.2,997.1
-273.8,-5.7,1034.6
-201.7,-184.8,1048.5
-128.1,-313.0,1022.0
-10.6,-412.0,1000.0
73.2,-477.2,965.3
91.2,-452.1,972.7
166.4,-393.2,1003.0
207.3,-328.6,981.8
232.8,-232.0,977.4
258.7,-151.5,924.1
241.6,-69.2,961.0
323.1,-89.4,942.4
312.1,-76.8,822.6
261.0,16.5,867.5
233.6,109.3,909.4
-,-,-
63.1,-30.9,994.2
32.8,-103.6,996.1
27.0,-241.1,998.8
179.1,-454.3,933.2
331.2,-506.2,889.8
403.4,-346.2,884.4
461.1,-113.6,906.4
485.0,97.6,912.0
505.8,302.8,888.6
496.5,493.9,932.5
351.1,629.9,919.2
158.3,712.1,971.3
67.6,628.1,1016.2
 6.6,483.2,953.1
-111.6,435.2,987.1
-196.4,329.2,924.7
-278.8,197.9,863.7
-416.9,149.8,959.7
-487.7,81.8,1012.5
-416.4,-88.0,997.2
-292.8,-287.6,964.3
-232.4,-436.0,844.8
-197.5,-500.1,829.2
 5.3,-596.3,768.5
152.1,-510.3,902.8
287.8,-403.4,1055.5
405.0,-370.0,1056.4
386.5,-229.7,1067.7
391.4,-143.1,1004.7
395.5,-98.3,938.7
366.4,-60.4,870.6
294.8,13.9,883.6
233.2,94.0,932.5
165.4,119.2,923.7
103.9,160.3,951.2
-,-,-
29.2,-88.7,982.2
47.7,-207.9,986.6
129.7,-344.4,1010.2
236.7,-422.2,992.6
374.9,-424.6,912.9
470.5,-268.0,872.1
535.1,-22.9,884.6
549.8,234.1,919.8
429.0,495.3,923.0
318.0,621.1,918.8
232.3,626.3,935.5
88.5,593.2,929.8
-32.6,502.9,955.6
-167.7,435.2,986.4
-306.3,358.1,967.1
-397.2,284.2,945.9
-391.8,189.2,945.1
-351.4,54.4,929.0
-318.3,-80.8,963.5
-234.5,-215.5,1014.0
-192.5,-285.3,918.2
-196.5,-273.6,829.4
-112.3,-270.5,875.1
23.4,-266.7,978.1
225.8,-328.1,984.3
317.6,-300.9,1026.9
327.7,-212.8,1100.0
387.3,-204.5,1002.2
411.8,-181.9,944.2
441.9,-171.2,950.0
411.3,-141.7,860.1
344.1,-59.1,872.4
281.7,38.7,931.1
196.2,129.7,959.2
-,-,-
22.5,-51.9,993.5
33.1,-210.1,988.5
147.4,-387.7,986.2
271.6,-415.9,985.1
437.8,-337.7,936.0
539.3,-193.1,868.0
546.1,-9.0,798.4
586.4,208.1,833.1
549.6,405.8,916.1
455.4,513.1,894.1
335.5,560.0,912.1
150.4,585.5,928.8
-31.0,595.7,980.7
-151.2,543.8,988.3
-318.4,541.4,983.2
-450.0,521.7,996.6
-431.1,397.6,1010.5
-339.9,204.5,975.5
-264.7,-28.3,882.4
-305.1,-144.1,880.0
-263.5,-249.5,921.8
-152.2,-319.7,1013.2
-135.3,-331.1,1034.5
-20.5,-380.5,979.1
88.1,-365.2,989.1
121.9,-286.4,978.3
234.1,-237.5,960.3
259.8,-149.1,983.0
278.1,-94.2,949.1
299.1,-53.7,918.6
246.4,33.0,921.4
223.5,97.0,939.0
169.3,167.1,987.5
-,-,-
38.2,-43.2,976.9
35.3,-105.1,1012.5
68.5,-248.9,1009.0
180.5,-433.2,947.6
282.5,-507.0,871.5
468.6,-499.3,828.7
610.9,-289.6,883.2
572.0,72.1,871.2
493.2,358.7,793.7
415.0,598.7,887.2
343.7,713.2,958.9
295.3,710.4,980.7
249.5,547.0,954.2
75.5,416.1,893.1
-151.7,408.0,959.2
-256.8,336.3,997.7
-278.4,254.5,1015.0
-276.6,180.7,1020.1
-259.3,76.7,1007.7
-241.6,-44.5,1004.3
-260.5,-137.6,1035.7
-213.9,-279.0,997.3
-171.1,-391.8,921.6
-154.1,-427.0,908.6
-83.7,-431.6,890.4
 0.5,-384.3,920.2
64.5,-291.4,919.3
85.0,-184.8,932.7
190.2,-182.7,905.2
291.6,-187.0,884.5
353.3,-123.6,967.1
345.0,-60.7,940.3
178.3,42.2,927.9
151.3,146.5,995.5
220.3,227.6,1060.9
-,-,-
66.3, 4.5,978.1
55.9,-29.5,988.4
71.2,-166.5,954.4
112.7,-340.1,946.2
241.1,-471.6,972.9
428.3,-521.4,894.6
594.8,-372.2,843.9
657.1,-81.8,823.3
592.8,269.6,858.8
481.6,555.8,910.8
347.2,731.6,959.6
235.3,749.4,984.1
114.1,675.2,978.5
-33.4,610.0,1021.9
-158.5,455.8,998.5
-221.5,324.2,970.4
-222.0,256.2,1001.2
-235.2,164.6,969.9
-253.7,77.9,1014.1
-255.1,-97.5,963.0
-319.9,-239.3,901.4
-301.5,-340.2,951.7
-250.6,-436.9,905.0
-225.1,-449.8,864.2
-125.2,-439.3,872.5
-41.2,-385.4,848.0
88.9,-350.4,870.9
275.8,-321.0,1072.1
276.6,-204.4,1077.2
220.9,-107.1,955.8
301.3,-87.5,979.3
300.1,-39.2,930.7
255.1,27.4,904.1
250.0,78.5,935.4
154.0,160.1,971.6
-,-,-
25.9,11.0,973.6
-0.8,-49.0,1007.6
17.8,-195.6,1039.4
139.2,-413.7,969.5
356.7,-509.9,928.2
618.3,-481.7,877.4
717.3,-284.0,770.1
658.1,43.1,756.0
561.7,323.6,837.2
409.7,537.1,930.3
289.2,614.8,968.2
177.0,603.0,958.3
29.9,588.8,998.3
-106.2,483.1,963.8
-188.4,393.6,926.6
-258.6,401.4,1018.9
-335.5,386.1,1024.5
-295.5,287.4,1020.5
-210.2,126.7,1015.9
-254.7,-12.7,958.7
-253.9,-145.5,929.4
-132.4,-288.8,1011.9
-65.5,-375.2,996.9
33.7,-411.1,985.1
169.5,-443.7,933.8
147.8,-321.2,882.7
273.4,-261.0,955.1
347.9,-197.6,1000.3
252.9,-32.3,1023.6
292.3,-4.1,964.6
268.9,35.8,905.3
248.6,83.1,938.2
211.8,120.3,890.0
126.1,207.7,926.2
114.4,239.2,989.0
-,-,-
65.8, 7.4,991.5
34.8,-24.5,992.6
19.0,-109.5,1019.1
89.6,-279.5,1024.7
237.7,-436.2,960.1
384.1,-421.4,949.9
462.3,-265.3,973.7
485.6,-102.8,908.0
427.5,85.2,838.8
370.8,262.1,856.5
346.5,348.2,876.5
291.6,423.0,918.6
280.2,420.3,940.7
232.1,394.2,973.5
98.8,388.6,1011.4
-36.4,377.3,995.1
-244.5,400.0,1025.4
-379.1,381.4,977.0
-419.2,307.5,906.1
-411.2,181.8,913.1
-308.1,18.7,956.1
-226.1,-118.7,1048.5
-117.8,-277.9,981.7
-89.8,-340.1,992.7
-10.7,-393.8,972.6
114.3,-446.6,918.9
146.9,-375.7,987.3
209.6,-282.1,967.9
282.1,-196.8,992.2
284.9,-113.1,1034.6
202.7,-65.3,905.1
305.9,-106.6,890.8
361.5,-82.8,972.1
296.4,-8.0,944.7
232.1,84.6,957.3
-,-,-
38.6,-102.9,983.8
19.5,-328.6,1027.0
225.5,-600.9,985.1
462.8,-557.5,967.2
494.8,-266.9,917.4
461.4,50.1,827.7
514.3,298.6,863.1
587.7,468.2,916.1
536.1,622.0,1007.0
350.8,666.2,1013.3
134.2,583.6,920.0
-82.5,477.6,925.9
-243.8,369.5,898.9
-349.0,310.1,917.0
-427.1,303.7,969.0
-396.0,244.7,955.4
-330.9,134.0,937.1
-332.3,67.0,1005.7
-262.7,-105.2,937.1
-174.2,-300.3,897.1
-91.3,-416.0,927.5
-33.6,-412.0,964.9
43.8,-366.7,999.9
163.6,-358.4,992.4
192.9,-289.4,1055.0
196.0,-234.8,1045.2
217.6,-205.8,977.3
263.7,-207.4,909.8
325.9,-204.5,919.4
330.6,-149.3,953.9
297.6,-78.7,884.3
260.5,10.4,929.9
215.7,75.4,965.4
146.5,133.7,945.3
-,-,-
48.2,-98.4,971.3
16.6,-197.8,1002.8
36.2,-349.5,981.5
147.8,-473.6,948.6
304.9,-476.4,911.1
520.9,-348.7,862.3
690.2,-140.2,863.3
726.1,152.4,887.8
689.6,411.9,906.1
554.3,600.3,961.4
380.2,724.2,1002.1
128.1,749.0,995.2
-74.8,657.3,907.5
-171.5,514.0,788.8
-267.2,440.7,805.2
-425.8,416.8,839.5
-516.1,324.9,815.6
-447.2,128.3,908.6
-340.5,-72.7,1077.2
-206.2,-331.0,1085.4
-148.7,-490.2,1045.4
-156.4,-519.1,904.2
-5.6,-558.6,878.0
61.6,-483.7,904.6
84.5,-344.1,937.4
177.2,-238.0,998.1
279.6,-185.8,1021.9
357.1,-115.7,1053.2
321.6,-13.1,1028.9
293.4,29.6,971.4
277.1,50.2,942.4
241.3,74.2,945.2
186.4,128.5,913.3
123.9,188.6,953.6
129.3,201.1,954.3
-,-,-
66.4, 0.1,992.8
56.1,-75.6,966.7
66.6,-204.6,982.4
148.6,-360.2,980.0
321.8,-483.1,930.0
471.7,-417.6,957.7
537.3,-186.6,970.7
616.0,30.2,871.5
601.8,293.3,849.2
483.5,557.6,844.9
357.9,729.9,883.8
222.7,747.1,923.4
90.9,685.0,914.0
-116.1,647.2,963.7
-229.4,519.8,917.4
-284.0,417.1,895.3
-355.3,389.3,975.8
-288.6,260.8,987.5
-211.8,84.1,976.4
-216.8,-85.1,1003.0
-163.7,-261.3,1006.9
-89.0,-380.9,1018.0
-22.0,-431.3,995.5
50.5,-419.5,966.1
130.8,-402.3,922.8
247.1,-369.1,970.7
346.3,-305.8,940.8
308.4,-176.3,867.6
314.2,-85.9,975.3
392.7,-62.3,962.8
379.7,-16.0,920.5
371.6,11.8,930.1
312.6,87.4,937.5
242.9,154.9,968.0
207.3,163.2,937.8
158.0,193.1,937.3
-,-,-
40.3,-17.0,993.5
15.0,-107.9,1023.7
18.7,-275.6,1065.6
124.3,-466.5,1012.0
309.2,-526.2,942.6
498.5,-417.5,890.7
631.7,-166.2,790.4
605.7,158.3,721.7
547.5,423.8,782.8
484.0,596.9,917.1
346.6,715.0,968.4
176.7,777.7,973.8
34.8,716.5,985.9
-34.5,548.1,933.5
-160.6,465.2,933.9
-274.0,410.6,956.2
-292.0,338.7,944.8
-301.6,250.3,946.6
-263.7,111.8,950.3
-166.6,-73.0,932.9
-157.9,-168.3,987.1
-63.9,-288.8,1025.4
 1.4,-396.3,985.7
-26.6,-380.8,928.0
68.7,-390.8,951.1
100.7,-321.6,979.3
152.3,-257.4,944.4
240.9,-209.9,957.5
274.0,-156.3,993.2
333.8,-150.8,970.8
275.1,-63.0,934.7
277.1,-28.9,932.3
302.8,-5.7,950.9
227.7,72.7,946.6
198.7,102.6,957.1
157.8,143.5,947.9
103.1,196.1,964.5
74.4,220.1,1011.9
-,-,-
56.7,14.0,973.8
40.8,-44.6,995.8
18.6,-156.0,1031.5
93.4,-332.5,1013.6
233.4,-438.5,960.5
343.8,-373.7,954.7
418.5,-210.8,934.4
477.4,18.9,890.1
592.3,241.7,897.4
679.0,439.9,945.2
509.5,665.2,982.4
180.2,760.6,918.3
-38.1,686.3,861.8
-196.9,565.7,866.1
-333.7,478.6,858.0
-461.3,463.6,893.3
-540.3,446.1,870.0
-516.4,413.2,803.9
-397.0,276.2,842.0
-288.5,89.2,946.6
-215.1,-102.3,1055.5
-135.0,-284.4,1083.5
-70.7,-376.3,1005.8
-19.2,-394.4,962.1
 6.7,-355.8,946.8
 8.1,-285.8,922.7
91.9,-254.2,1011.1
166.4,-149.7,1099.4
189.3,-26.7,1008.0
244.2,-21.7,997.6
224.1,11.5,994.3
156.6,84.6,927.2
171.0,117.2,946.7
160.4,128.5,948.3
126.8,154.9,919.5
103.5,183.8,937.7
-,-,-
39.3,-4.8,980.6
32.4,-42.6,1003.3
23.6,-134.4,1004.0
82.6,-271.3,982.2
249.9,-408.1,934.9
456.1,-413.3,934.2
675.6,-263.6,955.3
760.8,-21.8,907.6
673.7,251.9,906.6
549.3,437.3,852.8
422.7,589.7,896.8
259.4,682.6,985.0
121.6,620.1,930.1
-22.4,542.0,948.8
-183.0,468.8,979.2
-279.6,395.3,1015.3
-338.1,355.3,1029.4
-327.4,259.0,1037.0
-281.4,120.5,1068.0
-216.5,-80.1,1056.5
-56.3,-329.2,1057.8
-3.1,-453.9,1061.1
-18.7,-473.4,952.1
-5.8,-485.9,849.5
 4.9,-427.4,852.8
40.7,-347.6,750.0
134.3,-238.2,815.1
325.3,-155.8,984.3
398.0,-42.8,1040.7
456.6,24.7,1119.6
410.7,64.6,1077.3
215.6,153.7,964.4
178.0,183.8,927.2
139.6,232.2,908.6
-,-,-
61.5,-96.0,997.8
63.7,-228.0,982.5
134.3,-398.1,964.6
318.4,-519.5,916.4
453.3,-429.9,953.1
560.0,-238.3,927.2
622.5, 1.2,875.9
551.8,280.6,831.8
469.7,512.2,799.5
359.8,654.6,812.0
157.2,758.4,888.0
-5.4,712.3,934.3
-163.5,593.2,938.7
-316.0,524.2,993.1
-351.3,419.4,1005.2
-292.7,278.8,978.3
-228.5,127.7,1005.8
-214.7,20.8,982.5
-205.4,-61.4,984.5
-214.2,-129.6,1057.8
-191.2,-225.8,989.8
-13.2,-386.4,956.7
51.0,-427.9,947.0
108.8,-421.6,950.3
272.2,-424.0,928.7
288.5,-319.2,962.8
370.8,-239.6,1010.4
379.6,-137.8,953.3
326.2,-39.1,956.9
380.1,-22.0,948.1
283.7,80.0,915.3
175.3,172.9,910.9
128.5,234.5,941.7
-,-,-
84.5, 1.3,1003.5
73.8, 5.9,980.9
26.0, 6.7,937.7
-1.1,-58.8,941.7
34.1,-202.0,972.4
170.4,-383.9,974.4
383.5,-478.1,969.6
465.7,-339.1,1012.4
461.2,-108.7,991.7
515.1,26.6,914.7
458.4,214.1,894.9
341.3,420.4,874.2
261.7,546.0,841.1
201.1,635.1,896.9
145.7,650.5,938.1
20.6,608.7,900.4
-120.9,570.6,918.5
-189.8,478.9,931.3
-272.2,376.3,900.2
-340.9,282.0,885.1
-348.7,186.8,930.9
-319.7,79.7,1012.2
-270.5,-23.7,1062.1
-235.4,-152.9,1100.6
-207.9,-282.9,1006.9
-179.2,-335.1,948.1
-58.8,-402.9,966.5
45.9,-428.8,999.5
172.1,-379.3,999.3
388.9,-355.7,986.1
476.5,-265.7,1018.1
473.1,-128.5,964.9
-,-,-
43.4,50.1,980.4
33.1,52.9,980.4
26.2,33.5,946.6
35.9,13.5,934.4
33.5,-22.2,945.2
-36.0,-103.6,1012.0
-18.1,-315.3,1041.0
190.4,-522.5,1017.8
452.9,-500.4,1014.2
625.0,-283.4,952.1
637.2,72.7,930.3
592.3,346.5,876.0
452.2,544.8,841.3
254.7,707.6,916.1
85.1,748.9,965.8
-125.3,748.2,1013.6
-285.7,678.5,964.9
-360.1,572.3,920.8
-323.6,413.4,933.8
-189.2,166.7,960.5
-229.4,-11.4,1068.2
-228.3,-209.7,1117.8
-131.6,-422.2,1072.7
-119.5,-499.1,1018.6
-11.5,-572.7,927.7
-36.7,-489.1,993.8
33.1,-396.5,1012.9
244.1,-378.7,980.7
221.0,-228.2,998.8
265.6,-140.1,919.0
293.7,-34.9,951.0
235.5,75.8,987.3
186.0,112.5,896.9
104.9,156.0,916.5
94.6,146.5,881.4
75.3,192.7,954.2
-,-,-
40.9,-157.2,995.7
52.5,-327.6,1005.1
125.1,-494.3,1006.3
289.8,-542.7,981.9
447.0,-408.8,872.6
466.2,-126.2,744.2
477.3,147.1,699.1
488.8,417.4,833.0
520.0,597.4,985.4
442.1,652.1,1026.4
208.4,632.6,1008.3
26.1,532.2,961.3
-190.4,490.6,994.7
-316.9,434.4,1033.2
-278.5,312.6,1018.2
-200.7,140.8,1001.7
-164.6,26.7,973.0
-220.2,-56.4,953.3
-238.6,-184.7,972.4
-251.1,-249.2,1054.1
-106.0,-350.0,986.8
14.1,-384.9,1004.7
107.3,-390.3,1028.7
213.8,-400.4,969.0
225.9,-313.3,1045.5
340.5,-284.9,985.9
337.3,-190.8,944.6
248.9,-70.3,993.9
249.9,-13.1,902.9
227.7,66.2,936.3
229.7,109.7,952.4
124.5,191.7,924.0
-,-,-
-6.6,-105.2,970.2
18.8,-292.3,969.5
139.8,-542.8,892.3
363.3,-621.5,889.8
439.6,-375.6,1025.2
467.1,-113.2,908.8
554.7,128.9,807.0
565.4,403.5,843.2
452.7,647.6,885.3
258.0,765.2,971.3
111.5,679.9,958.1
-23.0,551.6,982.9
-194.9,445.6,1042.2
-265.7,332.3,1036.7
-251.2,222.5,1048.2
-186.2,79.2,1058.8
-163.6,-33.2,1084.2
-188.5,-77.4,1188.4
-87.4,-214.8,1200.4
-95.0,-293.3,1102.9
-8.9,-390.2,962.5
135.5,-470.3,937.6
101.9,-390.5,916.6
193.8,-363.0,830.4
207.0,-260.8,842.9
132.2,-106.1,865.9
308.2,-121.2,907.5
417.6,-121.6,972.6
339.5, 8.8,1021.0
281.5,78.8,1012.6
191.3,150.8,1001.0
115.4,215.3,1025.6
-,-,-
21.6,-82.0,966.3
-7.4,-207.9,989.9
80.6,-418.0,992.0
347.2,-594.3,911.6
522.4,-454.2,931.6
526.1,-120.1,972.5
501.2,165.7,904.4
438.5,355.9,832.7
351.6,461.8,846.7
226.3,558.7,946.0
 4.4,669.4,1084.9
-87.7,595.0,1074.2
-123.9,453.5,999.3
-198.7,371.9,1024.0
-263.5,276.3,1001.2
-330.8,146.6,1013.0
-431.4,22.5,1047.1
-294.3,-121.7,1139.3
-114.1,-282.7,1157.2
-56.4,-378.8,952.6
94.4,-472.2,908.9
176.9,-474.2,903.6
152.6,-390.1,804.9
243.3,-329.7,884.7
408.7,-236.6,1006.0
439.1,-100.5,1023.3
360.5,12.8,1048.4
318.9,93.2,1052.0
273.2,129.7,963.1
236.9,156.0,934.5
176.2,213.4,944.2
92.0,264.1,947.3
42.3,285.4,977.9
-,-,-
40.2,-65.9,997.5
86.0,-231.6,1003.9
180.9,-457.0,969.8
396.8,-606.8,927.0
514.5,-430.9,975.3
567.4,-140.6,907.6
604.1,136.1,845.4
606.3,410.7,782.9
594.7,652.0,784.6
334.3,913.7,1009.6
-29.6,912.1,1058.6
-249.4,728.0,1012.6
-366.8,544.9,985.4
-232.6,260.2,938.7
-27.7,-5.3,1018.5
-75.9,-74.4,1082.4
-154.3,-116.0,1090.2
-94.2,-224.8,1157.9
-147.2,-241.6,1091.5
-106.4,-280.2,972.8
37.4,-348.2,983.6
95.7,-355.0,999.4
207.8,-373.2,939.0
218.1,-260.1,945.3
268.1,-136.6,975.1
364.9,-69.4,961.6
348.9,16.5,983.4
334.7,68.5,978.6
267.1,119.8,902.9
211.2,194.1,914.2
177.7,251.3,969.2
