-,-,-
35.6,10.8,992.2
-7.6,-9.7,1006.7
-32.5,-123.7,1032.8
39.1,-328.2,1052.4
178.8,-495.7,998.6
301.7,-462.5,945.0
436.1,-257.0,973.6
539.4,-11.6,943.9
601.4,214.7,923.6
621.3,379.2,920.7
545.9,518.6,875.9
418.3,609.1,818.8
250.9,660.4,866.4
62.1,646.1,922.3
-120.4,565.2,943.7
-310.1,502.6,944.7
-510.3,523.4,963.5
-529.7,476.4,947.2
-420.0,306.8,980.3
-286.7,95.1,1036.2
-153.6,-99.0,1040.9
-169.5,-200.6,989.4
-55.8,-317.9,971.7
63.5,-447.6,910.7
146.0,-421.2,968.8
290.2,-423.5,959.3
310.8,-322.6,986.1
325.3,-173.5,1007.7
394.5,-114.0,955.5
396.0, 6.3,991.9
375.3,108.5,993.3
259.1,223.0,981.6
-,-,-
57.8,-19.6,982.3
22.7,-100.8,984.0
19.2,-263.9,1022.4
129.5,-465.0,1036.5
327.8,-599.8,1002.1
552.5,-596.5,936.1
806.4,-405.0,853.5
920.7,108.6,854.3
794.5,590.9,760.0
615.0,865.2,747.5
444.1,968.6,861.8
292.2,838.0,847.0
72.4,692.8,862.3
-214.1,666.4,919.4
-377.0,617.9,900.4
-423.7,539.9,876.1
-323.6,420.1,886.3
-103.1,222.1,943.9
30.5,48.7,1080.6
59.5,-127.1,1116.3
-5.8,-217.2,1142.9
-88.9,-266.9,1077.6
-119.8,-344.0,960.6
-45.2,-435.5,934.8
 3.6,-479.7,855.4
93.4,-420.2,879.0
202.8,-328.0,913.7
303.9,-230.3,991.7
396.6,-183.0,1001.8
365.6,-72.0,942.4
365.0,21.4,1004.2
290.0,93.9,970.8
188.9,194.3,973.9
184.0,237.8,986.7
-,-,-
75.0,19.1,975.9
47.3,18.1,990.1
20.0,-67.2,995.0
 4.6,-227.1,1007.5
112.3,-425.4,985.7
354.6,-529.4,972.3
531.3,-408.7,962.2
665.2,-197.5,896.7
703.3,116.9,901.3
629.0,404.3,890.4
559.8,576.6,878.9
453.1,657.4,861.3
265.5,663.9,886.8
101.9,628.6,969.9
-62.1,545.1,971.0
-249.8,450.6,928.6
-407.8,444.0,963.4
-493.7,417.3,929.4
-443.6,325.2,924.1
-286.8,148.5,986.3
-111.9,-77.3,994.4
-76.9,-235.9,1072.0
-81.0,-352.3,1034.5
-27.9,-361.5,1050.8
72.7,-378.7,999.7
278.2,-415.8,1011.8
353.2,-340.5,1013.2
395.3,-249.3,958.0
408.7,-70.8,985.9
368.7,100.3,962.9
341.6,208.4,972.1
241.4,324.7,959.1
191.9,351.4,950.1
-,-,-
104.7,28.8,980.3
92.2,27.2,975.2
46.4,-7.2,974.1
27.7,-119.2,1007.6
124.1,-332.5,1021.1
323.7,-501.2,998.9
482.1,-408.1,994.7
580.8,-173.3,932.4
656.0,111.3,935.6
659.8,365.1,912.2
592.2,510.1,846.4
430.5,647.5,877.4
225.6,683.2,877.0
62.8,651.8,938.4
-86.8,600.8,957.4
-203.9,509.9,902.9
-343.4,500.3,916.1
-455.3,486.7,881.2
-414.3,362.1,888.8
-332.5,159.5,943.8
-270.7,-43.5,972.2
-184.7,-260.3,987.8
-100.5,-368.6,1047.8
-14.6,-465.0,978.9
58.4,-493.8,994.8
53.7,-415.3,956.6
204.5,-353.2,973.0
269.7,-240.8,1004.0
251.2,-74.2,988.1
364.5,-6.5,1022.3
329.3,89.5,974.3
228.8,191.8,970.3
175.5,238.1,939.0
-,-,-
61.7,39.8,968.9
69.8,54.6,984.1
91.7,55.0,986.3
59.6,47.2,968.0
40.1,-41.9,973.3
53.3,-189.8,981.1
193.7,-344.2,1025.5
394.3,-421.2,1026.5
507.4,-328.4,968.9
559.8,-122.7,911.3
544.4,172.7,873.3
510.9,396.2,849.4
436.4,567.6,886.8
309.1,648.3,905.4
231.3,551.0,868.5
105.7,491.3,860.0
-39.8,396.3,906.2
-155.3,334.4,927.7
-330.6,423.5,977.7
-461.2,451.7,994.2
-474.8,397.9,992.2
-400.3,239.6,970.2
-346.1,78.4,921.6
-284.0,-53.1,963.5
-42.8,-325.4,979.2
70.7,-439.2,976.2
211.5,-444.3,1046.8
286.2,-418.2,1002.7
337.5,-333.6,1011.5
430.4,-247.3,1060.1
371.5,-122.3,944.3
419.1,-7.9,997.8
376.4,143.8,990.2
257.2,299.0,967.5
-,-,-
108.3,-4.0,962.3
94.0,12.2,954.4
83.3, 1.5,944.3
34.3,-33.5,978.4
 8.4,-163.0,1018.1
120.7,-383.8,1035.8
240.1,-478.4,1014.3
332.5,-365.2,971.5
529.2,-247.1,862.4
614.9,47.0,835.2
551.4,384.7,848.6
507.5,564.1,879.5
445.6,655.8,921.0
332.7,666.3,928.7
207.5,601.3,912.6
104.8,497.0,947.6
-51.1,416.4,963.2
-216.7,372.6,962.3
-327.9,311.6,891.0
-425.8,318.0,912.9
-372.1,252.3,979.8
-303.0,88.4,961.3
-244.6,-41.3,995.2
-112.8,-203.8,1042.8
-48.4,-351.0,1013.6
-56.0,-378.2,960.7
35.7,-400.5,995.4
147.1,-415.9,974.7
241.5,-378.7,986.9
388.2,-314.8,1035.7
366.8,-195.6,925.3
359.1,-29.8,936.9
420.1,72.1,956.6
352.6,217.6,934.3
-,-,-
110.7,32.5,977.1
95.9,36.3,966.9
46.4,27.9,956.5
-33.5,-28.3,965.8
-99.5,-135.8,1019.0
81.1,-388.1,993.9
485.0,-618.7,887.7
772.6,-411.9,959.0
712.0,52.6,1001.6
496.9,381.6,861.1
412.0,569.3,768.9
366.6,660.7,766.7
352.5,666.3,812.1
309.6,560.3,816.4
203.0,486.6,863.2
 5.1,480.4,922.2
-157.5,435.2,936.4
-285.7,474.9,971.7
-375.6,470.8,1025.7
-327.0,346.5,1049.6
-332.5,217.7,1045.4
-378.5,108.3,992.5
-298.5,-52.2,981.7
-224.0,-228.6,925.0
-269.3,-370.7,713.1
-140.9,-442.6,796.7
70.1,-385.8,935.9
320.3,-315.4,1056.9
472.7,-242.8,1136.0
435.3,-143.1,1050.0
415.1,-52.5,1044.1
387.2,20.6,996.1
329.4,101.4,969.8
242.4,196.3,941.3
152.5,287.3,964.1
-,-,-
106.5,19.1,972.4
94.2, 7.9,965.5
53.9,-16.2,954.1
 6.0,-101.1,948.7
35.1,-270.8,984.8
213.4,-485.1,1004.0
477.3,-522.5,1027.0
694.3,-335.7,973.4
721.7,43.7,916.9
668.8,392.6,862.1
665.8,593.5,836.7
554.8,696.3,803.8
327.0,724.5,769.2
158.7,667.3,846.4
 3.9,599.3,947.4
-169.4,562.9,991.6
-300.9,525.8,982.1
-383.9,467.4,926.5
-352.1,372.9,912.9
-269.3,219.7,900.1
-187.3,34.4,894.5
-101.9,-134.3,968.6
-96.1,-227.4,994.9
-43.7,-271.5,1033.9
62.2,-352.1,1024.0
93.4,-340.7,1021.4
209.5,-328.6,1037.2
298.9,-296.6,1014.9
353.7,-213.8,1012.5
435.2,-156.6,981.3
358.8,21.2,957.0
301.6,168.3,942.8
293.6,181.0,935.9
213.9,225.4,946.4
126.6,289.4,955.9
-,-,-
93.6, 6.9,978.1
86.4,16.0,979.0
43.8, 2.6,994.7
-21.0,-72.8,1018.9
101.1,-292.6,1069.6
389.7,-554.4,1063.9
589.0,-614.7,954.1
624.0,-390.9,848.1
562.3,-49.9,742.1
519.2,307.9,764.6
493.4,565.8,839.0
496.1,646.4,917.4
422.6,622.2,952.5
176.1,573.2,918.5
-30.6,517.9,914.1
-177.1,449.0,867.6
-304.6,435.9,881.8
-378.5,473.0,943.1
-315.9,413.7,998.8
-175.2,220.0,992.3
-210.2,49.6,927.1
-243.2,-94.9,943.0
-215.1,-227.4,1018.9
-180.6,-299.7,989.5
-132.0,-344.5,985.3
-43.0,-377.5,968.1
69.1,-329.5,959.9
202.3,-264.0,986.0
275.6,-148.2,999.7
304.4,-31.9,974.7
358.3, 7.3,960.9
324.6,101.3,927.6
344.2,148.0,954.4
357.2,161.2,1006.5
-,-,-
146.1, 8.3,959.2
125.7,21.4,960.2
82.1,-4.7,968.5
67.8,-125.1,984.0
97.5,-315.2,995.8
294.3,-522.1,990.6
599.9,-525.3,977.2
727.9,-261.8,915.1
649.3,38.9,750.3
691.1,262.6,711.5
674.6,508.5,818.9
481.5,727.7,886.8
308.6,743.0,892.8
161.4,655.3,930.3
14.4,583.5,921.7
-172.7,522.9,937.8
-286.1,442.0,967.4
-330.3,364.2,923.6
-332.8,320.5,914.4
-281.9,221.4,916.8
-234.7,62.0,991.9
-167.8,-144.8,1029.3
-73.7,-266.5,1061.0
45.5,-342.3,1051.3
145.4,-364.4,1034.2
280.6,-389.8,1001.3
373.3,-357.0,1012.2
369.0,-214.2,1018.0
312.3,-109.5,925.7
257.2,79.3,983.9
297.5,194.0,998.7
283.1,231.0,888.3
296.5,262.1,897.2
243.0,309.5,903.8
179.4,327.1,917.2
-,-,-
92.4,20.0,954.1
45.2,28.9,965.5
-18.0,-56.6,994.2
65.8,-271.1,999.7
318.8,-472.1,972.4
498.4,-471.0,955.6
585.5,-348.4,875.8
647.8,-71.1,828.8
582.1,304.3,856.3
480.2,560.2,901.1
458.9,667.1,895.8
382.5,725.3,893.5
294.6,709.7,927.9
170.6,617.7,985.0
-28.5,517.7,1030.5
-248.2,443.5,1014.6
-485.6,366.5,927.2
-526.7,305.5,936.1
-413.0,80.1,934.2
-347.8,-213.2,924.6
-349.6,-319.8,923.7
-266.0,-365.2,924.0
-244.1,-364.5,882.9
-137.4,-371.2,911.6
32.2,-384.0,939.0
107.7,-281.4,932.6
235.5,-205.4,950.8
280.1,-120.2,961.1
264.2,-12.2,1004.7
286.7,80.6,1013.5
228.1,207.0,1034.5
153.9,292.3,1051.3
121.3,303.7,994.2
-,-,-
78.5,-12.2,970.0
48.6, 8.5,980.3
35.0,-34.8,962.7
-26.6,-101.3,965.1
-64.3,-210.2,944.0
122.7,-350.9,1001.3
382.7,-436.2,1029.0
474.8,-355.0,955.9
622.5,-204.2,880.7
715.8,50.1,834.3
711.2,333.3,782.9
675.0,596.1,845.5
500.9,778.9,937.1
365.5,785.7,930.7
280.4,710.8,945.8
151.9,591.5,960.2
-38.6,497.0,967.0
-236.2,433.4,938.9
-332.3,364.8,972.8
-328.8,279.5,956.6
-236.4,135.1,958.2
-165.8,-75.0,1003.2
-161.5,-192.9,1104.9
-147.4,-325.3,1076.5
-170.5,-343.2,991.8
-25.5,-333.8,947.5
168.4,-329.5,937.2
285.6,-280.1,908.0
411.2,-246.3,952.9
413.8,-130.2,1011.4
380.2,-48.2,942.1
376.4,13.2,954.7
323.7,133.6,998.9
264.6,204.4,939.3
235.5,243.4,955.2
160.0,270.0,940.6
107.4,297.2,971.0
102.0,254.8,997.6
-,-,-
97.9,48.5,976.0
63.1,56.6,956.3
-20.9,31.5,970.2
-138.4,-94.7,1033.2
 0.3,-369.0,997.0
398.4,-577.2,924.7
690.3,-483.7,939.3
686.0,-148.7,908.7
553.9,176.2,835.9
472.4,374.1,820.6
464.2,453.2,861.8
440.5,546.0,960.9
374.1,634.6,1014.8
273.3,568.4,919.2
100.9,503.0,887.3
-34.1,489.5,941.8
-164.0,492.2,1010.9
-270.1,463.8,1005.6
-294.1,364.2,1001.5
-243.7,178.3,988.2
-207.8,-6.8,1014.3
-206.8,-172.1,1031.4
-95.7,-359.3,1021.0
-89.7,-414.7,970.7
-52.0,-389.2,939.3
67.8,-385.3,905.9
124.4,-262.4,962.0
237.0,-188.0,954.8
292.5,-106.2,926.5
357.7,-2.6,991.9
393.9,79.9,977.1
316.6,211.9,1037.3
270.7,256.8,1051.9
140.8,312.7,959.3
89.8,305.1,947.9
-,-,-
112.1, 0.7,974.0
31.9, 6.0,946.7
-24.5,-94.8,979.6
27.8,-300.3,996.9
210.2,-503.3,934.7
569.4,-638.6,819.7
890.7,-476.3,778.7
900.3,18.0,859.4
716.9,467.5,890.2
542.4,700.2,853.2
421.2,777.6,886.2
323.1,695.0,898.2
145.3,629.0,929.6
-16.9,527.1,961.0
-93.6,380.7,983.3
-164.6,300.9,1026.8
-196.4,217.5,1027.8
-175.0,95.8,1059.6
-219.7,-41.2,985.5
-270.9,-110.6,980.9
-219.8,-164.4,1032.7
-200.3,-178.6,1012.1
-148.8,-190.9,992.9
-89.1,-205.5,974.0
-38.7,-184.8,952.9
71.7,-243.8,907.1
140.9,-230.9,906.3
166.6,-80.2,913.6
297.5,-11.2,925.4
418.0,30.4,1061.4
350.8,124.1,1045.4
286.4,151.8,988.5
268.2,123.2,982.5
143.6,174.2,948.3
-,-,-
72.2,-24.2,949.9
-28.6,-65.8,1001.1
94.4,-236.9,1025.9
323.7,-420.9,908.0
480.7,-453.4,856.8
588.4,-249.3,918.9
594.8,77.3,967.0
577.7,208.8,904.7
580.3,217.4,809.1
529.5,449.1,846.2
440.0,693.7,886.9
322.2,755.2,898.4
172.7,730.2,922.0
44.6,581.6,963.0
-169.3,535.9,1033.9
-341.0,573.1,1109.6
-330.2,411.2,1042.0
-207.7,61.9,977.3
-93.0,-278.2,1008.9
-59.5,-481.7,974.2
-2.6,-608.6,897.0
64.9,-647.4,877.8
128.4,-586.0,867.1
211.4,-463.3,921.3
289.8,-319.3,943.0
333.4,-180.0,944.2
352.7,-59.1,982.2
374.3, 3.9,980.6
383.5,61.9,978.7
333.7,144.1,971.2
251.8,227.1,949.6
218.9,250.7,981.2
154.7,251.8,938.3
96.2,275.4,940.2
-,-,-
105.7,15.0,979.7
87.0, 4.1,974.7
47.7,-62.9,984.8
94.5,-210.0,1009.6
286.4,-400.3,1006.3
492.2,-513.1,865.2
695.4,-391.3,788.1
692.5,32.5,879.8
465.0,423.5,910.1
314.7,588.1,883.0
281.4,622.9,924.6
139.4,626.9,914.3
-100.1,610.5,917.3
-213.3,509.3,960.6
-305.9,437.6,995.5
-402.4,414.2,992.7
-403.5,350.5,965.2
-283.6,179.7,955.2
-182.1,27.8,953.7
-73.5,-153.0,986.0
-32.4,-268.2,1056.2
-23.8,-332.2,1013.7
60.3,-422.7,940.8
102.1,-402.4,959.1
214.5,-379.1,982.7
290.0,-280.3,1036.9
335.6,-167.5,1022.6
340.6,-67.1,915.7
319.9,55.7,915.0
335.9,131.0,957.2
265.1,221.1,960.0
237.4,242.6,984.7
141.1,276.4,980.0
78.9,235.6,961.0
-,-,-
82.2,30.8,966.0
55.8,-26.2,962.4
54.3,-174.5,1000.8
99.8,-243.0,1075.6
247.0,-276.6,1036.7
467.8,-370.9,826.2
585.4,-269.4,740.9
580.9,-18.8,708.5
650.0,195.9,690.3
691.7,496.6,874.2
580.6,800.0,1031.7
404.7,899.5,1033.8
196.9,832.4,975.1
-20.7,709.4,932.9
-200.4,632.8,958.9
-258.7,514.6,976.2
-233.3,383.3,939.8
-167.3,280.5,982.5
-150.4,93.0,1043.8
-161.0,-159.5,1025.1
-95.0,-350.7,1028.6
 3.9,-458.6,1042.1
18.0,-435.7,986.9
39.8,-353.8,1017.6
138.2,-334.9,966.3
205.7,-255.9,978.8
296.0,-185.5,976.9
315.6,-75.4,944.3
314.5,57.8,946.5
361.6,122.7,942.3
365.9,196.7,947.3
360.8,240.0,967.9
243.8,288.0,939.7
151.2,307.3,956.3
-,-,-
77.4,36.4,972.9
55.7, 9.2,996.1
15.8,-72.2,1049.4
91.3,-255.0,1053.8
306.0,-481.3,960.9
574.8,-575.3,834.5
729.1,-340.9,860.0
686.6,95.8,910.4
570.8,488.6,900.1
522.0,748.7,935.3
360.8,926.1,947.7
135.2,936.8,884.2
-20.8,791.3,837.9
-210.5,628.2,859.2
-342.4,492.7,893.8
-327.6,379.3,919.1
-267.6,252.8,1041.0
-179.2,72.9,1120.2
-107.4,-131.3,1165.9
-76.7,-321.5,1192.1
30.7,-475.2,1127.0
-47.3,-408.1,993.4
-161.1,-266.7,845.7
-90.4,-198.0,805.7
22.5,-125.6,842.8
129.9,-73.4,820.1
178.8,53.4,870.0
281.6,152.7,1011.7
335.8,185.9,1056.8
290.5,246.0,1102.8
248.3,255.3,1083.9
188.2,241.6,1022.1
146.8,213.0,951.3
-,-,-
62.0,-128.9,1006.7
74.8,-241.6,1024.0
178.0,-405.0,953.3
424.5,-504.0,891.1
640.1,-370.0,879.3
726.0,-56.0,830.4
735.9,268.2,789.9
649.4,614.1,885.5
515.9,801.6,939.0
401.4,815.7,931.4
164.5,836.0,937.7
-99.5,777.2,936.4
-277.1,670.5,915.1
-417.2,641.0,920.0
-440.5,548.0,854.6
-293.5,243.4,811.5
-319.3,11.4,844.1
-378.4,-136.1,928.4
-248.4,-338.6,960.8
-65.4,-400.9,1086.2
158.5,-472.6,1112.8
207.4,-410.8,1100.7
250.2,-346.7,1046.5
334.4,-314.7,955.5
272.4,-177.3,937.8
272.2,-91.5,869.8
249.5,90.2,908.0
327.3,189.3,959.9
279.1,301.9,932.2
187.0,378.6,957.6
-,-,-
86.1,-215.9,998.7
357.9,-431.1,1063.2
632.0,-530.9,1037.0
721.0,-308.1,985.9
735.2,33.8,845.7
682.7,371.4,722.6
549.3,663.6,717.2
380.6,924.5,763.2
168.9,1049.9,807.5
27.7,922.0,848.5
-128.0,767.4,910.7
-304.7,636.8,959.0
-418.8,525.3,994.5
-471.7,433.7,897.2
-396.3,229.1,840.6
-329.2,67.1,894.3
-243.5,-41.6,922.2
-112.4,-207.1,952.2
-53.2,-273.8,1020.8
36.8,-343.1,992.4
146.8,-330.8,1068.2
204.0,-261.3,1097.3
316.9,-242.5,1079.7
289.1,-159.0,979.3
258.8,-73.0,902.2
305.3, 0.3,961.5
272.1,109.9,950.4
250.5,187.9,1000.6
226.3,207.4,1016.4
136.3,251.5,985.3
89.1,268.4,1019.5
-,-,-
86.5,-3.3,961.7
67.7,-10.6,964.3
14.4,-70.2,986.2
39.6,-274.9,977.8
288.6,-583.8,920.9
757.8,-745.3,870.8
889.0,-367.0,915.2
709.8,192.8,949.9
581.2,577.7,982.7
484.6,765.3,956.6
319.6,806.1,842.9
93.6,802.3,773.5
-137.8,770.9,791.9
-253.2,682.2,893.1
-292.5,534.5,953.2
-318.1,433.2,998.3
-237.0,272.9,1096.7
-115.0,26.0,1082.2
-131.4,-190.1,976.8
-232.7,-320.1,942.5
-262.5,-364.6,969.9
-226.7,-358.7,924.9
-210.9,-279.3,982.4
-108.5,-262.2,975.3
92.9,-291.7,990.3
191.0,-238.7,1033.3
190.8,-160.5,955.6
233.7,-84.8,960.5
239.0,-2.7,976.6
237.4,56.5,926.6
250.3,134.3,995.0
185.5,198.7,983.9
143.3,199.7,961.8
-,-,-
-72.2,-58.7,929.0
-98.5,-120.4,963.2
55.8,-290.6,1014.3
334.0,-492.3,1033.2
613.5,-552.9,983.6
804.5,-360.6,958.2
795.4,-17.9,857.6
653.5,390.4,741.2
495.0,670.8,684.9
397.5,808.2,718.1
395.9,857.9,821.5
260.9,837.8,939.3
38.7,722.0,1006.9
-198.8,604.1,1015.9
-400.9,540.4,959.7
-479.3,480.2,867.1
-309.3,349.7,968.9
-43.2,101.7,1160.1
106.7,-137.6,1244.4
195.2,-273.6,1253.5
180.0,-305.1,1128.6
182.4,-281.7,1045.1
212.0,-267.0,974.6
237.3,-236.2,940.4
275.1,-183.1,934.3
290.6,-131.2,872.8
327.6,-92.7,895.6
325.2,-35.8,889.9
328.3,45.3,917.8
361.7,81.7,978.4
322.2,122.8,968.4
251.5,161.2,956.2
-,-,-
109.4,-83.0,969.9
89.7,-140.1,967.6
79.7,-255.7,1007.1
122.5,-416.1,980.1
269.8,-502.1,903.1
527.6,-401.3,900.1
758.0,-143.2,873.7
769.8,188.4,779.2
597.3,552.4,778.3
523.2,775.4,890.5
479.0,777.5,923.7
336.2,706.5,882.2
193.3,598.0,890.0
-5.5,508.8,887.8
-182.5,466.2,921.7
-299.9,452.4,972.0
-344.3,392.6,949.0
-263.1,218.0,927.2
-134.6,35.6,1020.4
-80.1,-86.4,1116.6
-36.2,-148.7,1136.7
16.5,-195.1,1091.9
48.6,-235.9,1059.9
65.5,-239.7,1018.3
141.5,-252.2,993.9
256.3,-235.7,1012.7
261.3,-143.9,974.9
298.5,-97.5,953.4
376.5,-117.3,921.1
409.7,-102.5,930.4
369.2,-25.5,935.2
283.3,63.2,927.1
227.0,142.9,971.5
189.4,187.5,990.2
-,-,-
124.4, 2.5,954.3
141.0,-13.6,955.4
113.2, 9.4,974.5
47.9,18.8,987.8
-8.1,-90.7,1000.3
107.0,-343.1,1055.1
327.3,-598.4,996.4
513.3,-632.3,786.3
683.8,-331.4,759.2
691.5,132.5,802.4
646.2,482.1,780.4
643.5,647.2,837.0
425.8,767.0,913.0
171.4,741.1,954.2
 5.1,559.8,973.5
-84.7,429.9,1030.7
-107.6,277.4,1002.6
-138.5,195.7,993.6
-104.9,132.5,1016.2
-58.9, 8.9,1029.6
-122.9,-29.4,1067.8
-157.5,-90.0,1061.8
-119.7,-173.3,1033.5
-80.1,-232.4,967.1
-40.3,-264.0,913.6
77.9,-281.2,945.1
215.7,-284.8,1009.4
299.0,-244.9,1025.4
355.0,-194.9,1017.6
303.0,-91.2,965.2
291.0,-22.7,924.6
302.5,19.3,917.6
298.9,58.7,919.0
264.2,100.4,924.4
210.0,159.4,947.4
-,-,-
119.3, 9.4,969.6
120.5, 4.8,958.1
99.5,23.7,965.7
74.8,29.1,965.9
32.8,-25.5,973.9
28.0,-174.6,1023.3
167.8,-439.7,1018.3
361.3,-554.8,963.7
509.7,-410.8,894.0
626.7,-177.3,843.6
615.9,112.6,816.0
604.2,339.4,849.0
532.1,519.2,908.1
381.8,640.8,944.0
247.8,582.2,890.6
55.1,528.7,886.1
-58.5,457.8,906.4
-150.2,382.6,927.2
-242.4,351.1,978.3
-268.7,309.4,975.9
-275.9,218.6,958.4
-242.7,84.6,955.0
-178.7,-71.1,960.0
-122.2,-146.8,1043.0
-31.4,-227.4,1064.1
-2.8,-275.4,1003.9
92.3,-311.3,982.4
176.0,-319.0,906.5
234.6,-218.1,1012.4
309.2,-123.2,1161.6
257.1,-53.6,1037.8
271.5,-12.4,970.8
309.5,12.5,948.6
289.2,61.2,924.2
309.8,89.8,929.2
244.9,172.6,928.8
212.8,197.4,937.4
-,-,-
133.0,10.4,974.5
142.9,-3.4,977.3
98.3,-23.8,973.0
69.6,-136.3,1005.6
140.5,-441.3,994.5
400.4,-793.3,843.7
657.1,-653.5,841.3
653.8,-127.4,912.9
542.4,309.2,896.8
527.6,547.5,917.9
476.9,698.5,973.7
360.0,711.7,939.4
235.1,600.0,883.9
90.4,509.9,892.8
-31.8,396.7,915.3
-118.3,337.4,970.9
-247.0,337.9,995.1
-299.4,273.8,959.6
-308.1,215.3,942.6
-314.9,159.6,966.8
-257.8, 2.4,949.9
-202.3,-122.0,987.4
-134.8,-211.9,1022.3
-112.9,-314.1,850.4
 2.2,-349.8,895.1
200.3,-395.2,946.4
351.5,-412.6,951.8
388.2,-315.8,1017.4
345.3,-215.3,946.9
371.7,-109.0,986.2
367.5,-28.1,944.9
298.3,57.2,927.3
-,-,-
85.5,29.4,974.8
74.8, 3.6,956.5
49.1,-74.6,968.6
34.6,-205.8,1001.0
121.7,-397.2,986.3
215.1,-523.0,971.7
487.5,-480.5,973.0
767.2,-162.6,908.7
645.7,214.4,726.0
511.0,428.8,700.9
521.3,551.5,875.6
452.8,609.5,933.2
357.9,614.2,933.1
205.7,599.4,933.5
27.0,542.2,939.0
-117.6,454.5,909.5
-237.8,384.1,876.1
-310.2,312.3,871.8
-300.0,179.6,890.0
-235.6,120.3,1029.2
-146.6,95.1,1112.2
-52.1,-26.5,1064.9
-23.1,-98.1,1038.2
17.9,-150.2,1063.2
91.5,-243.9,1038.1
233.2,-346.4,1089.2
340.3,-383.3,1140.8
265.5,-375.9,984.7
236.2,-316.7,943.3
276.0,-262.5,912.0
274.4,-196.4,856.5
277.6,-87.1,877.4
223.4,37.3,883.3
167.8,153.0,873.9
-,-,-
45.1,-17.6,947.8
-23.2,-24.6,939.6
-90.3,-45.6,945.9
-19.9,-161.9,967.4
114.6,-302.5,981.6
298.9,-401.4,977.6
482.5,-384.3,970.1
643.6,-275.3,951.4
741.7,-59.4,957.8
706.5,176.5,912.1
647.7,379.7,879.2
561.8,581.9,907.4
390.3,705.5,935.8
212.4,697.2,971.4
-11.4,635.4,925.6
-225.9,576.2,865.5
-319.9,497.7,858.1
-320.9,396.4,855.3
-283.6,267.7,885.5
-240.8,128.2,938.0
-220.6,13.9,993.2
-166.5,-127.4,1013.2
-116.8,-243.5,1043.2
-81.7,-330.6,967.6
47.4,-407.2,940.0
137.9,-411.3,967.0
243.6,-402.2,991.3
321.9,-346.6,998.7
341.2,-256.6,1001.5
350.7,-169.8,976.4
302.6,-73.5,927.9
309.0,-9.4,975.5
299.3,44.8,949.4
227.7,141.9,944.7
-,-,-
160.8,-12.9,983.7
147.6,-59.5,1010.3
132.6,-148.5,1030.2
232.7,-315.3,1000.2
443.3,-492.1,935.9
573.1,-466.8,929.6
635.6,-250.5,916.5
631.6,94.7,911.1
538.2,428.1,905.7
454.5,600.9,860.5
328.4,706.2,859.6
162.5,736.7,841.2
33.7,667.3,860.6
-69.4,573.9,935.5
-135.6,442.1,960.7
-246.6,358.6,969.7
-348.0,303.3,944.9
-339.5,203.8,916.6
-279.3,91.5,948.2
-212.4,-46.8,1009.4
-187.1,-184.5,1004.6
-209.5,-215.6,944.6
-95.4,-247.3,1035.7
39.6,-326.6,1113.4
86.0,-312.1,1069.6
192.9,-271.3,1096.8
245.0,-189.4,1080.2
308.1,-129.7,1018.4
346.6,-110.7,991.1
285.7,-11.3,899.9
306.0,76.9,934.8
334.5,111.7,978.6
-,-,-
58.3, 8.5,966.2
18.8,-93.0,976.1
85.7,-301.6,1015.2
324.3,-499.5,987.1
542.4,-480.1,936.5
581.4,-235.9,914.3
537.2,57.4,853.2
504.2,252.6,827.1
502.3,413.6,916.1
423.2,532.4,914.1
325.4,543.2,839.9
230.5,541.3,868.0
64.6,539.9,861.4
-49.3,526.3,904.5
-157.0,498.2,984.2
-242.1,449.6,991.4
-282.2,379.4,999.0
-206.3,223.1,1041.8
-167.7,27.9,1067.0
-183.9,-90.5,1078.5
-119.0,-196.0,1040.9
-74.7,-315.7,982.8
-62.3,-355.9,920.3
15.6,-352.4,932.9
153.5,-339.8,941.3
249.1,-299.5,954.5
271.5,-171.2,1005.1
259.4,-82.9,955.1
362.9,-40.4,992.5
400.5,12.8,1012.8
311.7,72.7,953.8
246.2,143.3,967.5
233.5,143.2,918.1
212.2,170.9,948.4
98.5,275.6,1009.2
-,-,-
36.7,-48.5,928.7
22.5,-215.1,963.1
116.6,-369.3,1026.9
339.3,-488.4,994.2
575.4,-474.7,934.0
720.4,-242.8,907.6
822.2,-11.3,863.2
774.7,293.6,818.2
563.5,637.8,765.0
371.1,856.9,780.9
173.7,967.4,833.4
27.2,890.7,837.1
-50.0,710.2,866.9
-178.9,586.7,918.5
-249.8,500.0,981.3
-209.1,345.6,1035.5
-109.5,132.6,1061.8
-86.7,-68.6,1037.4
-143.9,-122.7,1102.2
-175.1,-212.7,1133.8
-124.0,-330.6,1023.6
-46.0,-324.3,978.2
63.2,-295.4,1017.5
153.3,-239.0,1009.2
294.5,-189.8,1064.6
311.7,-113.0,1022.8
239.8,20.4,958.3
260.7,75.0,947.4
200.0,132.5,879.9
153.3,200.5,900.0
125.7,271.7,967.4
-,-,-
105.4, 2.8,977.3
106.9,-3.8,977.3
54.6,-6.7,953.1
 4.2,-37.6,954.6
 9.3,-163.8,982.0
95.6,-322.7,991.5
287.0,-461.5,932.6
480.5,-474.2,823.8
720.4,-302.1,813.1
776.8,99.8,923.4
667.9,436.7,931.4
482.0,653.1,899.6
286.5,782.6,898.5
147.9,791.0,933.9
32.3,718.1,955.5
-69.4,515.7,906.5
-172.9,354.5,925.7
-256.1,253.3,966.0
-302.0,197.4,1024.8
-277.8,114.8,1118.3
-241.8,-67.8,1079.2
-198.5,-225.2,1044.4
-105.0,-357.0,1041.5
-52.5,-430.8,987.7
26.0,-466.4,970.1
154.1,-511.8,916.1
267.3,-450.9,955.3
343.9,-340.3,982.8
379.0,-223.7,981.4
367.0,-75.3,972.0
330.7,46.5,931.2
309.8,165.9,964.9
232.8,266.9,934.6
162.3,322.7,953.1
110.2,304.1,943.1
-,-,-
34.2,10.9,952.0
43.6, 8.1,978.3
58.7,-34.1,992.1
32.5,-76.4,1009.9
26.6,-161.2,1019.5
77.0,-329.9,986.2
195.7,-450.4,957.9
413.3,-472.8,885.3
649.5,-307.1,842.9
629.4,61.3,819.4
520.9,360.4,788.0
411.2,585.0,852.3
345.7,675.6,943.2
285.9,660.0,1000.0
149.0,597.0,991.9
76.1,436.0,942.9
-37.1,359.0,975.9
-167.8,342.8,997.1
-217.9,300.6,979.1
-240.4,252.8,987.8
-227.4,165.6,1018.2
-237.1,-0.1,1041.5
-222.1,-165.0,1025.6
-81.2,-324.3,1003.6
-9.9,-364.0,966.8
98.6,-355.8,984.9
226.5,-365.8,1008.0
219.5,-314.5,993.7
271.3,-244.8,966.3
328.7,-61.5,973.4
430.5,27.8,1006.4
503.6,58.6,1027.9
403.7,146.9,977.5
349.3,170.2,940.3
252.3,212.9,896.5
-,-,-
115.4,-12.0,987.3
96.0,-6.6,978.8
93.6,-19.7,962.6
80.0,-35.4,954.4
46.5,-83.8,965.9
46.1,-233.8,975.3
184.1,-467.2,911.3
369.0,-502.3,942.1
494.9,-359.0,993.3
506.0,-147.1,947.7
487.2,63.7,899.0
486.5,176.3,850.5
437.2,288.9,902.2
434.6,341.9,985.7
352.7,433.1,1006.0
190.1,460.6,994.1
105.1,290.7,922.4
-69.7,243.2,938.7
-203.3,272.7,1001.6
-295.9,267.1,984.4
-386.1,267.2,1014.9
-279.4,124.0,1055.6
-173.1,-39.1,1041.5
-99.8,-172.9,1067.9
11.7,-351.4,987.5
139.9,-462.7,1018.0
217.8,-478.8,1050.0
259.6,-436.7,1000.1
318.8,-363.6,1013.0
327.0,-284.8,954.3
338.8,-190.3,930.0
358.3,-128.2,876.4
356.3,-31.9,892.3
360.4,76.9,930.9
323.6,157.1,927.7
289.3,166.8,934.6
195.0,205.0,926.9
-,-,-
110.5, 9.7,977.2
80.7,-12.8,970.3
24.7,-95.7,976.1
34.6,-244.9,1022.6
172.7,-434.5,1007.2
434.3,-537.7,942.9
556.5,-395.3,889.3
491.3,-93.6,851.3
437.5,115.3,738.3
549.1,253.3,701.0
649.6,462.4,885.2
582.2,676.1,1003.3
430.3,745.5,954.3
238.5,680.0,924.6
113.3,578.9,963.5
-57.8,458.5,983.4
-210.8,384.6,1021.1
-245.2,355.4,1033.4
-291.1,323.0,987.5
-212.0,213.1,1013.9
-169.3,86.4,1004.0
-140.5, 6.5,1055.0
15.3,-200.3,1093.8
-41.9,-266.8,1046.2
11.9,-309.3,1040.2
101.1,-360.5,1014.5
111.1,-275.6,1026.6
280.8,-310.6,1044.0
289.0,-240.4,1002.5
316.0,-176.4,936.4
330.7,-101.5,926.9
247.7,16.5,891.8
279.1,38.2,910.4
293.7,94.1,969.6
215.0,222.2,963.1
-,-,-
90.3,-6.7,968.7
54.8,-2.0,979.7
42.7,-89.0,984.3
59.3,-295.4,976.8
128.8,-522.9,941.3
423.6,-650.7,899.9
715.6,-444.0,913.9
724.8,-12.8,900.7
580.4,335.5,810.8
542.8,499.7,812.2
680.5,491.4,846.0
664.7,469.0,805.7
455.0,472.1,825.2
217.1,471.3,906.0
-27.2,513.4,991.1
-232.1,541.2,1072.9
-271.8,428.0,1081.6
-247.9,353.4,1069.8
-144.2,245.1,1064.4
-37.0,83.9,1049.9
-13.9,-66.2,1036.5
-7.4,-178.7,1071.3
-22.9,-244.5,1084.9
18.7,-332.5,1009.3
94.8,-409.4,943.0
195.3,-456.8,922.2
310.6,-477.5,887.9
288.8,-304.1,939.9
428.4,-222.3,940.3
497.1,-122.2,954.0
398.9, 1.7,901.8
451.9,34.4,946.4
400.4,140.0,960.8
282.2,220.1,917.0
217.8,264.5,958.6
143.4,280.3,952.0
132.4,225.8,937.1
-,-,-
72.3,33.4,967.5
97.2,24.7,977.2
106.7,-3.8,957.6
82.5,-18.6,951.8
55.8,-61.1,984.6
85.7,-203.4,985.6
152.1,-336.0,978.7
224.3,-380.6,958.8
327.1,-373.9,922.2
468.4,-268.1,922.3
583.3,-57.1,946.8
595.3,143.6,919.1
519.5,320.6,836.3
407.1,447.1,785.3
299.2,510.7,836.1
237.3,499.9,896.1
144.5,472.9,982.4
36.9,451.9,1050.9
-32.7,426.9,1069.4
-98.8,378.0,1057.8
-192.3,318.9,999.3
-175.9,214.7,969.8
-137.3,97.9,955.3
-129.1,47.2,1009.7
-63.5,-70.4,1081.3
-30.8,-223.2,1056.6
-0.4,-315.7,1018.0
118.4,-378.4,1047.9
180.3,-363.3,1037.5
226.3,-342.5,1033.2
271.5,-311.0,1032.2
298.5,-273.2,941.9
427.2,-283.9,908.6
430.4,-191.3,941.0
381.6,-77.2,894.6
358.1,18.7,904.2
275.3,106.3,901.3
201.0,173.0,873.0
153.3,241.9,950.4
-,-,-
85.5,16.9,993.9
41.4,-13.9,995.7
16.8,-140.0,1023.0
81.7,-348.3,1012.0
214.8,-501.4,911.4
362.6,-460.8,849.4
518.6,-286.9,855.6
563.7, 1.3,888.7
481.9,261.2,892.5
478.8,374.1,912.1
499.3,467.1,935.8
414.0,567.1,917.8
269.9,613.7,888.1
118.6,602.0,883.9
-33.0,576.5,950.0
-179.4,586.4,1029.5
-294.4,612.5,1063.2
-355.7,530.5,939.9
-237.3,231.7,823.9
-181.1,-38.7,929.4
-168.3,-213.6,1058.9
13.5,-432.3,1190.9
-27.6,-470.0,1099.6
-110.9,-392.9,942.1
31.2,-372.1,1006.4
168.7,-319.7,1112.6
247.6,-258.5,1086.2
249.7,-216.6,955.1
247.9,-107.9,958.4
297.2,-41.2,961.8
286.9,35.1,958.8
247.0,141.1,982.9
194.8,237.3,978.9
92.0,325.3,982.2
51.0,284.3,945.7
-,-,-
54.5,-6.7,958.2
52.6,-15.5,956.2
40.6,-13.4,956.9
18.2,-19.2,938.0
-63.5,-124.3,936.2
-72.7,-278.0,1024.0
128.7,-406.8,1052.7
437.7,-421.1,1014.2
596.0,-243.0,1005.7
627.5,-39.5,909.8
670.9,152.9,823.6
664.7,384.7,793.3
611.2,541.4,764.0
429.1,713.9,764.6
251.3,802.8,850.1
90.8,768.9,946.1
-100.1,745.8,1030.1
-218.4,651.8,1019.8
-249.7,519.6,971.8
-144.7,369.3,944.1
-43.3,234.2,985.1
-34.6,131.7,1051.8
 1.6,-22.3,1147.5
27.2,-204.7,1159.1
-29.0,-286.1,1078.8
13.9,-339.6,1024.7
96.8,-301.4,1059.5
136.0,-259.6,1035.3
221.8,-245.0,1000.2
258.1,-181.5,968.3
269.6,-122.0,912.1
278.2,-22.8,892.5
299.7,115.5,947.8
305.4,216.3,1004.0
251.8,260.9,950.1
169.1,324.7,963.3
111.3,326.5,980.7
67.6,279.3,972.3
-,-,-
84.5,-1.1,959.0
72.7, 6.0,951.6
34.2,32.8,958.7
 9.4,-24.6,982.4
 4.0,-191.4,991.1
50.9,-419.6,958.8
276.4,-581.0,884.9
651.9,-538.3,856.3
793.6,-192.1,927.1
644.5,179.0,865.7
594.1,381.6,764.4
602.0,515.9,810.5
492.5,629.4,878.9
357.3,717.3,910.2
220.4,664.5,896.9
53.3,576.4,937.0
-130.3,521.9,967.8
-247.3,410.4,970.3
-253.6,326.9,1050.8
-172.7,237.9,1085.9
-79.5,107.4,1107.2
-93.3,-34.3,1077.9
-98.5,-127.3,1109.7
-46.2,-244.4,1088.5
-61.7,-277.8,1064.4
-12.4,-311.0,1045.8
21.0,-350.6,951.1
83.8,-337.9,984.9
183.6,-278.8,1013.6
238.1,-153.2,913.8
365.2,-39.6,946.8
361.0,104.6,958.7
368.4,177.8,943.6
370.2,211.3,982.9
228.9,302.3,946.7
216.2,276.5,966.6
-,-,-
125.3, 8.0,976.3
89.5,11.4,954.6
30.3,13.3,956.8
-9.0,-81.8,991.4
10.2,-259.8,1013.4
140.1,-449.0,1057.6
357.8,-508.6,1040.4
592.8,-427.5,913.5
750.9,-285.0,812.8
699.1, 3.5,768.5
554.9,284.7,714.5
548.3,451.7,713.9
535.3,635.4,816.1
512.8,799.4,974.2
386.1,783.1,1004.1
140.4,635.9,889.6
-84.7,592.3,883.8
-298.8,564.7,930.1
-398.2,470.9,942.0
-402.2,364.5,938.2
-272.8,190.2,998.2
-124.6,21.1,1072.0
-53.4,-102.9,1173.4
-11.0,-219.9,1161.6
84.5,-440.5,1083.4
169.7,-542.9,1038.0
117.9,-424.7,964.1
297.5,-402.8,976.9
357.2,-276.3,1008.2
329.8,-187.6,920.8
391.3,-87.0,912.0
341.2,110.1,932.0
322.8,201.4,961.1
208.2,311.1,949.6
156.7,334.9,942.3
149.6,300.8,953.7
-,-,-
109.1, 7.6,976.5
107.7,26.6,985.0
94.8,45.1,996.0
71.5, 0.8,970.3
35.9,-90.6,957.1
76.7,-261.7,973.5
230.8,-456.9,948.2
441.0,-511.4,876.2
734.0,-463.4,782.1
831.8,-68.5,860.2
751.0,316.3,841.7
685.3,528.3,786.3
531.3,780.6,889.8
366.1,907.4,973.6
176.8,909.5,1025.8
19.2,699.7,963.7
-107.2,471.4,922.7
-207.2,328.0,960.3
-284.8,245.0,981.8
-299.3,166.5,971.9
-246.1,99.7,1032.2
-137.4,-17.0,1091.3
-48.6,-169.7,1160.1
-88.0,-304.3,1060.0
-22.3,-419.1,1033.2
49.5,-468.2,990.5
68.1,-414.1,948.1
193.1,-343.3,957.1
337.2,-294.7,984.4
407.3,-192.9,1012.1
397.7,-59.1,971.1
354.9,83.1,998.4
326.6,157.4,993.1
212.5,263.3,958.5
157.3,303.5,956.1
132.4,293.4,960.5
108.3,269.6,969.5
-,-,-
79.4,26.9,985.9
63.5,32.5,970.3
25.6,28.6,949.0
-31.7,-40.5,963.0
-4.8,-214.6,976.8
230.8,-462.4,1002.4
539.3,-657.7,942.5
760.8,-647.8,830.7
808.0,-293.6,771.6
734.7,208.4,775.4
662.8,572.7,807.2
599.9,803.3,927.3
442.9,874.3,935.1
190.2,827.3,898.9
-74.4,772.8,979.5
-366.0,726.6,1013.0
-504.3,636.1,995.4
-508.5,496.6,922.7
-332.6,303.9,954.6
-140.4,68.4,998.4
-108.7,-130.9,1011.4
-26.7,-301.0,1103.6
-54.8,-390.6,1033.5
-16.1,-413.5,990.9
192.5,-451.7,1063.6
280.7,-392.5,1109.8
282.3,-287.8,1032.1
331.0,-181.1,992.8
406.5,-84.6,1026.3
373.7,53.1,951.8
340.8,181.0,991.5
371.2,192.5,976.7
219.3,287.3,925.7
109.3,328.3,911.3
56.2,342.5,923.6
-,-,-
94.7,32.5,974.3
75.5,62.7,964.9
53.8,84.7,961.3
-10.7,29.9,940.6
-0.6,-174.9,1009.3
217.7,-451.6,1072.6
475.8,-580.8,970.9
767.5,-555.4,808.6
925.6,-350.8,744.0
779.8,135.3,773.3
624.7,553.5,805.1
455.3,774.9,817.3
305.1,888.6,866.8
210.8,862.1,895.4
34.0,812.2,928.4
-136.0,702.6,1039.3
-271.5,542.6,1054.1
-381.6,391.8,953.5
-396.3,265.4,953.1
-339.3,126.4,997.0
-355.8,-65.1,1035.5
-240.1,-287.0,1097.5
-54.9,-422.0,1081.0
37.2,-393.4,1060.7
189.6,-395.8,1056.1
202.9,-313.3,1003.0
197.2,-192.4,910.3
306.3,-151.9,905.0
240.5,20.2,955.7
193.6,106.1,888.9
379.1,64.7,965.2
409.4,113.2,1015.4
276.0,163.6,919.0
203.2,196.5,911.3
-,-,-
39.8,38.1,953.3
-12.0, 7.0,1019.5
-63.1,-119.2,1110.5
88.4,-437.6,1045.0
327.5,-673.0,896.1
504.2,-608.3,790.8
751.9,-387.9,666.4
850.9,77.4,721.6
702.6,567.5,821.7
581.6,906.7,894.4
481.7,1020.2,910.9
339.4,937.1,883.4
172.9,764.9,861.8
-41.1,574.5,882.0
-230.3,486.2,1025.6
-302.4,427.5,1110.7
-279.5,301.9,1040.6
-193.5,176.9,1047.6
-140.0,43.6,1063.2
-160.0,-42.0,1075.7
-172.8,-155.0,1038.1
-25.5,-354.7,1021.3
28.4,-481.1,950.8
122.0,-495.3,978.8
246.4,-451.3,999.2
259.5,-308.8,1016.1
353.7,-153.8,1116.3
324.7,25.4,1026.5
268.6,195.3,970.8
300.7,274.2,998.3
149.8,349.6,909.5
83.9,358.2,914.4
88.0,321.7,935.6
45.8,324.2,981.3
37.7,265.3,1003.3
-,-,-
75.6,-7.5,1004.0
22.9,-93.6,953.8
61.6,-271.0,950.0
308.2,-514.2,986.9
564.8,-628.0,939.7
771.9,-562.6,848.8
732.7,-180.6,869.7
594.4,200.2,800.4
580.8,408.0,768.1
508.5,604.3,793.4
309.8,793.8,881.7
101.8,873.9,1012.8
17.0,791.6,1033.9
-7.1,663.5,1054.8
-111.7,544.4,1075.9
-157.6,351.2,1019.6
-212.9,202.8,1008.3
-196.4,55.5,1035.3
-176.7,-80.7,1042.1
-255.0,-80.5,1067.4
-225.9,-177.9,1070.8
-2.0,-428.2,1076.3
147.0,-582.3,996.3
170.3,-521.4,918.0
292.8,-421.0,989.7
287.7,-302.6,972.0
259.2,-157.3,923.1
331.0,-48.1,984.3
287.3,80.3,999.3
269.0,139.7,996.7
276.8,172.1,1031.8
201.8,230.8,977.0
123.5,260.0,955.5
66.6,249.5,951.1
-,-,-
75.4,-3.7,968.3
20.6,-46.9,969.1
-16.7,-203.6,975.6
10.1,-397.2,936.6
245.1,-570.7,889.9
673.2,-599.6,931.6
904.6,-294.4,974.4
791.8,129.0,870.6
619.4,510.2,803.0
512.5,735.6,805.9
406.3,842.9,796.4
301.7,865.9,798.1
233.0,773.1,884.1
-10.1,716.1,952.1
-332.0,660.0,995.8
-397.6,487.1,1015.8
-258.8,293.8,984.0
-113.3,75.2,1024.5
-148.3,-21.1,1071.3
-159.6,-98.9,1092.0
-111.9,-228.6,1100.9
-111.3,-336.0,985.3
30.8,-450.9,984.0
95.2,-450.0,979.6
181.8,-394.5,951.4
295.8,-348.5,1039.7
282.0,-237.3,977.4
479.7,-297.5,911.2
516.5,-222.6,970.1
320.4,14.5,915.7
319.8,87.3,902.7
289.7,165.2,970.2
244.0,209.1,945.9
195.5,248.7,956.1
106.2,286.6,984.8
-,-,-
93.3,11.8,964.2
31.2,27.8,961.6
-43.4,-58.9,988.1
 5.5,-276.9,1039.3
238.7,-560.9,1004.2
515.6,-661.4,939.9
783.8,-483.2,838.5
880.6,-94.8,720.7
705.1,353.2,673.1
546.9,639.1,722.7
518.2,784.8,905.2
509.7,783.3,970.4
393.6,686.2,946.0
66.2,687.3,998.4
-296.2,680.0,1043.9
-459.9,602.6,1073.5
-406.4,390.0,969.4
-254.7,109.9,905.8
-198.1,-52.4,999.6
-162.2,-173.0,1064.7
-40.7,-377.9,1106.4
-7.2,-484.0,1199.4
48.2,-522.5,1084.5
210.9,-496.2,1043.4
281.0,-411.8,935.9
314.9,-274.6,929.7
376.2,-198.3,913.6
399.1,-108.0,891.8
414.7,-11.4,950.0
405.3,53.1,951.8
282.7,200.4,947.6
208.9,279.0,972.9
97.7,297.1,942.4
-,-,-
-119.2, 3.3,1043.3
146.4,-262.2,1141.9
454.7,-556.7,1020.4
714.2,-637.4,873.1
818.6,-373.9,783.8
691.8, 7.7,666.8
664.2,291.1,687.4
652.3,544.4,816.2
574.6,706.2,893.8
452.9,770.3,898.6
282.0,743.5,857.7
122.2,686.8,951.3
-104.4,671.1,1028.9
-274.9,578.7,1008.0
-331.0,460.1,1010.7
-233.6,294.3,1006.6
-162.3,128.4,1058.5
-120.6,-28.2,1147.8
-24.1,-262.6,1182.0
-17.6,-420.3,1080.9
-41.7,-470.5,896.9
-21.8,-482.6,885.3
109.0,-476.6,920.0
292.8,-340.2,943.7
563.5,-246.7,1014.9
634.1,-112.9,1039.6
465.5,91.9,949.7
445.1,172.3,941.5
390.0,236.7,942.5
232.5,345.4,948.8
158.1,364.1,946.0
-,-,-
90.3,-43.6,994.0
72.6,-189.5,1009.3
175.8,-417.3,1008.0
397.0,-590.4,910.6
558.7,-477.3,865.0
677.5,-193.4,794.0
683.7,165.3,712.6
707.0,496.9,770.4
701.0,747.2,840.7
483.2,979.0,914.8
235.3,1036.5,954.2
60.5,866.6,910.3
-197.0,753.8,897.1
-386.9,622.0,896.9
-386.0,479.8,895.5
-256.5,281.0,957.5
-161.5,101.8,1036.0
-109.5,-51.5,1094.7
-78.3,-183.8,1153.6
-98.1,-242.1,1092.3
 6.2,-368.2,989.3
66.2,-377.5,994.4
141.3,-382.2,906.4
340.8,-403.2,924.4
379.3,-168.3,1092.6
400.1,-32.4,988.1
385.4,54.0,954.4
305.9,192.3,988.2
236.8,232.7,931.5
176.5,253.4,969.3
188.1,213.1,958.5
138.8,219.8,954.2
94.3,243.8,997.5
