-,-,-
100.00,-606.35,1604.76
125.40,-296.83,960.32
382.54,-506.35,961.90
512.70,-480.95,887.30
511.11,-296.83,914.29
465.08,-103.17,809.52
273.02,152.38,836.51
236.51,501.59,947.62
130.16,490.48,939.68
109.52,385.71,973.02
149.21,285.71,969.84
4.76,487.30,1092.06
-17.46,274.60,1122.22
-198.41,303.17,1046.03
-257.14,226.98,1142.86
-128.57,-69.84,998.41
-220.64,-130.16,1098.41
84.13,-633.33,769.84
134.92,-377.78,1139.68
350.79,-504.76,988.89
384.13,-484.13,895.24
260.32,76.19,1177.78
387.30,-100.00,993.65
412.70,-22.22,1012.70
411.11,33.33,1038.10
488.89,-73.02,863.49
336.51,174.60,988.89
179.36,249.21,915.87
26.98,384.13,1014.29
-17.46,306.35,944.44
-,-,-
206.35,-511.11,1555.56
150.79,-46.03,1011.11
258.73,-247.62,988.89
607.94,-661.90,934.92
641.27,-606.35,909.52
487.30,-246.03,707.94
409.52,23.81,661.90
312.70,465.08,895.24
158.73,660.32,998.41
130.16,461.90,987.30
0.00,617.46,1288.89
-120.64,409.52,1195.24
-203.17,184.13,1114.29
-104.76,74.60,1244.44
0.00,-252.38,1017.46
-128.57,-201.59,998.41
-44.44,-423.81,784.13
0.00,-246.03,863.49
203.17,-536.51,782.54
200.00,-198.41,1042.86
336.51,-447.62,936.51
301.59,-106.35,1119.05
463.49,-209.52,1119.05
460.32,-103.17,1144.44
412.70,-73.02,1020.64
326.98,4.76,990.48
284.13,100.00,988.89
200.00,230.16,992.06
107.94,303.17,941.27
60.32,200.00,885.71
-49.21,182.54,863.49
-,-,-
303.17,-26.98,1344.44
109.52,-4.76,996.83
4.76,-30.16,1046.03
234.92,-376.19,1042.86
336.51,-353.97,961.90
428.57,-195.24,1022.22
387.30,79.36,769.84
553.97,134.92,792.06
504.76,457.14,811.11
353.97,534.92,746.03
131.75,766.67,911.11
125.40,665.08,907.94
57.14,685.71,1019.05
-76.19,784.13,1088.89
-150.79,812.70,1098.41
-231.75,885.71,1114.29
-277.78,768.25,1041.27
-50.79,304.76,911.11
-298.41,150.79,934.92
-79.36,-155.56,806.35
1.59,-384.13,890.48
173.02,-398.41,838.10
433.33,-663.49,1147.62
73.02,-28.57,1061.90
330.16,-23.81,1220.63
252.38,160.32,1023.81
338.10,207.94,1066.67
504.76,111.11,944.44
276.19,336.51,920.64
209.52,433.33,974.60
55.56,587.30,1015.87
-20.64,536.51,1022.22
-,-,-
180.95,-195.24,1149.21
204.76,-625.40,969.84
411.11,-738.10,1063.49
684.13,-806.35,915.87
634.92,-379.36,971.43
584.13,-101.59,760.32
585.71,125.40,715.87
361.90,403.17,631.75
253.97,614.29,869.84
4.76,769.84,987.30
-122.22,757.14,1139.68
-155.56,631.75,1073.02
-96.83,328.57,1169.84
-76.19,258.73,990.48
-128.57,-126.98,987.30
-49.21,-257.14,1041.27
-152.38,-257.14,1047.62
-17.46,-450.79,834.92
47.62,-531.75,769.84
414.29,-758.73,1069.84
177.78,-385.71,942.86
463.49,-360.32,1177.78
434.92,-200.00,1065.08
352.38,46.03,1088.89
580.95,-146.03,1023.81
403.17,203.17,971.43
187.30,336.51,885.71
177.78,226.98,766.67
253.97,53.97,1142.86
-,-,-
357.14,-126.98,1120.63
223.81,-511.11,1025.40
407.94,-609.52,995.24
657.14,-790.48,936.51
515.87,-274.60,1098.41
426.98,-74.60,712.70
458.73,3.17,917.46
301.59,277.78,639.68
257.14,225.40,807.94
49.21,561.90,1061.90
-17.46,488.89,1144.44
-171.43,582.54,1269.84
-252.38,584.13,1265.08
-307.94,414.29,1142.86
-74.60,-79.36,1046.03
-126.98,-449.21,744.44
-98.41,-485.71,985.71
80.95,-834.92,636.51
6.35,-587.30,942.86
507.94,-1061.90,812.70
-69.84,-295.24,971.43
330.16,-525.40,1036.51
131.75,-117.46,1123.81
98.41,31.75,1088.89
300.00,-98.41,998.41
225.40,-28.57,961.90
107.94,50.79,914.29
331.75,84.13,988.89
-,-,-
0.00,-606.35,1679.37
79.36,-128.57,1014.29
130.16,-180.95,1169.84
285.71,-171.43,992.06
360.32,-153.97,946.03
487.30,-103.17,634.92
404.76,233.33,949.21
541.27,326.98,717.46
307.94,663.49,968.25
147.62,712.70,896.83
53.97,712.70,1088.89
-106.35,617.46,1017.46
-226.98,560.32,1087.30
-255.56,506.35,1141.27
-323.81,263.49,961.90
-450.79,458.73,1200.00
-179.36,-80.95,860.32
-182.54,-200.00,973.02
-44.44,-358.73,838.10
-128.57,-273.02,865.08
157.14,-504.76,839.68
22.22,-277.78,863.49
149.21,-209.52,1012.70
412.70,-301.59,1090.48
100.00,149.21,1049.21
455.56,-157.14,1123.81
306.35,101.59,917.46
279.36,261.90,1076.19
179.36,257.14,847.62
177.78,263.49,960.32
-,-,-
149.21,-530.16,1750.79
152.38,-144.44,1047.62
407.94,-300.00,1163.49
541.27,-231.75,1139.68
560.32,-120.64,839.68
512.70,147.62,788.89
504.76,406.35,793.65
282.54,584.13,609.52
223.81,820.64,915.87
-53.97,914.29,939.68
-71.43,822.22,1122.22
-204.76,760.32,1241.27
-330.16,615.87,1114.29
55.56,187.30,1163.49
-93.65,71.43,887.30
-149.21,-23.81,1071.43
-100.00,-223.81,861.90
-174.60,-179.36,974.60
-31.75,-198.41,1011.11
204.76,-550.79,842.86
-247.62,-96.83,812.70
477.78,-606.35,1173.02
7.94,160.32,1049.21
558.73,-153.97,1195.24
301.59,179.36,934.92
277.78,277.78,1017.46
298.41,249.21,973.02
123.81,360.32,811.11
133.33,225.40,988.89
-,-,-
177.78,-736.51,1671.43
260.32,-528.57,1047.62
528.57,-657.14,1012.70
539.68,-373.02,1125.40
487.30,-230.16,787.30
457.14,46.03,820.64
277.78,326.98,712.70
180.95,511.11,912.70
-53.97,617.46,1095.24
-150.79,609.52,1193.65
-271.43,536.51,1174.60
-150.79,211.11,1050.79
-123.81,100.00,1125.40
-177.78,-152.38,895.24
-182.54,-258.73,1042.86
73.02,-679.36,1063.49
-155.56,-401.59,1015.87
103.17,-638.10,992.06
-98.41,-404.76,884.13
428.57,-866.67,961.90
4.76,-250.79,911.11
125.40,-180.95,1046.03
200.00,-130.16,939.68
182.54,-28.57,885.71
309.52,-25.40,987.30
206.35,122.22,812.70
234.92,157.14,1023.81
176.19,174.60,947.62
-,-,-
211.11,-576.19,1680.95
439.68,-195.24,1046.03
430.16,-22.22,992.06
428.57,71.43,936.51
506.35,206.35,1036.51
331.75,458.73,912.70
352.38,352.38,871.43
274.60,534.92,820.64
155.56,606.35,834.92
-25.40,580.95,1046.03
-179.36,663.49,1071.43
-230.16,538.10,936.51
-349.21,585.71,996.83
-279.36,453.97,1073.02
-309.52,331.75,1014.29
-200.00,122.22,1049.21
-126.98,-17.46,1112.70
-20.64,-195.24,885.71
409.52,-584.13,1139.68
195.24,-385.71,1022.22
4.76,-22.22,1047.62
382.54,-303.17,1138.10
58.73,255.56,995.24
307.94,177.78,1092.06
406.35,209.52,1019.05
203.17,414.29,892.06
152.38,384.13,942.86
120.64,404.76,887.30
176.19,361.90,1020.64
-,-,-
309.52,-688.89,1779.37
353.97,-396.83,990.48
563.49,-528.57,534.92
536.51,-423.81,1012.70
606.35,-200.00,866.67
539.68,125.40,834.92
303.17,426.98,869.84
153.97,557.14,815.87
73.02,509.52,1020.64
-180.95,665.08,987.30
-273.02,609.52,1120.63
-228.57,384.13,1023.81
-223.81,357.14,1114.29
-71.43,-41.27,1074.60
55.56,-479.36,1014.29
-231.75,-298.41,1038.10
0.00,-457.14,1122.22
153.97,-704.76,1038.10
-68.25,-422.22,988.89
333.33,-792.06,890.48
23.81,-280.95,949.21
203.17,-282.54,1087.30
339.68,-228.57,988.89
157.14,53.97,1063.49
326.98,-28.57,898.41
336.51,52.38,990.48
106.35,276.19,915.87
98.41,284.13,963.49
22.22,200.00,860.32
-,-,-
211.11,-785.71,1755.56
461.90,-534.92,960.32
733.33,-704.76,1044.44
630.16,-358.73,965.08
590.48,-74.60,960.32
357.14,311.11,917.46
198.41,457.14,653.97
71.43,666.67,836.51
-126.98,795.24,919.05
-176.19,744.44,1169.84
-180.95,552.38,1042.86
50.79,53.97,1061.90
76.19,-46.03,1095.24
-26.98,-106.35,1088.89
-106.35,-120.64,1073.02
-153.97,-120.64,1074.60
-20.64,-309.52,1071.43
-6.35,-358.73,1012.70
131.75,-479.36,923.81
179.36,-511.11,814.29
133.33,-250.79,1119.05
479.36,-607.94,866.67
73.02,6.35,1090.48
415.87,-176.19,995.24
328.57,106.35,1017.46
128.57,353.97,1017.46
152.38,206.35,939.68
-1.59,261.90,887.30
-15.87,231.75,942.86
-,-,-
160.32,-487.30,1777.78
284.13,-373.02,1069.84
426.98,-434.92,998.41
733.33,-553.97,1176.19
590.48,-198.41,934.92
477.78,106.35,790.48
355.56,411.11,633.33
179.36,685.71,763.49
58.73,761.90,936.51
-152.38,742.86,1203.17
-103.17,528.57,1192.06
-44.44,326.98,1149.21
-203.17,211.11,1019.05
-55.56,-47.62,1019.05
-282.54,253.97,993.65
-101.59,-198.41,860.32
-257.14,-95.24,939.68
-169.84,-222.22,1300.00
52.38,-358.73,896.83
-26.98,-355.56,809.52
52.38,-382.54,920.64
174.60,-434.92,939.68
79.36,-74.60,1088.89
360.32,-225.40,1041.27
58.73,131.75,1039.68
388.89,-106.35,1022.22
506.35,57.14,992.06
277.78,211.11,934.92
360.32,180.95,988.89
107.94,365.08,965.08
103.17,376.19,973.02
-,-,-
234.92,-634.92,1798.41
465.08,-560.32,1069.84
584.13,-422.22,993.65
819.05,-606.35,809.52
644.44,-52.38,842.86
307.94,377.78,819.05
149.21,617.46,960.32
-106.35,819.05,895.24
-200.00,814.29,1019.05
-233.33,617.46,923.81
-107.94,336.51,1049.21
-77.78,49.21,973.02
-176.19,77.78,1071.43
-55.56,-80.95,946.03
-196.83,-180.95,1063.49
-333.33,-147.62,946.03
-228.57,-228.57,990.48
-142.86,-398.41,888.89
-147.62,-280.95,869.84
-46.03,-277.78,985.71
130.16,-500.00,961.90
-53.97,-73.02,1041.27
388.89,-534.92,1174.60
125.40,-98.41,1092.06
328.57,-126.98,1139.68
279.36,22.22,1066.67
306.35,98.41,1041.27
228.57,182.54,965.08
182.54,198.41,838.10
82.54,333.33,946.03
30.16,252.38,895.24
-,-,-
150.79,-406.35,1755.56
101.59,-303.17,1019.05
325.40,-460.32,1117.46
453.97,-558.73,1020.64
488.89,-480.95,973.02
485.71,-200.00,990.48
450.79,52.38,988.89
407.94,330.16,836.51
492.06,358.73,887.30
85.71,582.54,911.11
22.22,439.68,893.65
-68.25,433.33,992.06
-119.05,336.51,987.30
-169.84,204.76,1044.44
-182.54,179.36,965.08
-298.41,304.76,1092.06
-230.16,74.60,971.43
-126.98,-196.83,936.51
-150.79,-222.22,1039.68
-125.40,-430.16,806.35
-69.84,-355.56,968.25
49.21,-533.33,834.92
109.52,-274.60,1036.51
582.54,-763.49,988.89
155.56,-47.62,1090.48
592.06,-482.54,1177.78
184.13,106.35,1023.81
309.52,74.60,996.83
282.54,155.56,1042.86
74.60,339.68,915.87
130.16,182.54,865.08
98.41,198.41,866.67
74.60,176.19,942.86
-,-,-
377.78,-422.22,1779.37
225.40,-379.36,1065.08
287.30,-363.49,1141.27
409.52,-306.35,1096.83
507.94,-328.57,944.44
457.14,-96.83,833.33
436.51,49.21,785.71
257.14,284.13,763.49
206.35,377.78,839.68
133.33,452.38,861.90
-42.86,480.95,995.24
-71.43,561.90,1074.60
-204.76,380.95,961.90
-249.21,387.30,963.49
-144.44,228.57,1039.68
-249.21,252.38,1138.10
-147.62,-158.73,1049.21
-174.60,-352.38,1017.46
-374.60,-222.22,844.44
-104.76,-485.71,892.06
3.17,-630.16,846.03
-57.14,-455.56,941.27
106.35,-128.57,844.44
-146.03,-120.64,895.24
226.98,-300.00,1017.46
174.60,-74.60,988.89
185.71,23.81,1063.49
514.29,-179.36,1147.62
233.33,134.92,996.83
160.32,150.79,1041.27
103.17,126.98,914.29
-,-,-
104.76,-330.16,1703.17
155.56,-198.41,988.89
384.13,-301.59,1176.19
765.08,-479.36,1266.67
585.71,-130.16,960.32
482.54,3.17,761.90
457.14,198.41,639.68
377.78,365.08,790.48
255.56,617.46,941.27
49.21,787.30,993.65
71.43,503.17,1047.62
-96.83,553.97,966.67
-207.94,357.14,1087.30
-146.03,253.97,996.83
-155.56,260.32,1038.10
-53.97,155.56,1022.22
47.62,3.17,1022.22
-257.14,-28.57,969.84
-80.95,-323.81,966.67
-3.17,-226.98,944.44
100.00,-353.97,960.32
82.54,-95.24,968.25
360.32,-474.60,1074.60
-100.00,123.81,944.44
509.52,-253.97,1017.46
430.16,-53.97,1096.83
260.32,298.41,942.86
512.70,107.94,1019.05
279.36,403.17,914.29
98.41,584.13,971.43
-15.87,428.57,920.64
-,-,-
98.41,-326.98,1701.59
149.21,-374.60,1063.49
228.57,-453.97,1166.67
614.29,-666.67,1222.22
769.84,-612.70,1015.87
661.90,-20.64,593.65
365.08,436.51,668.25
255.56,661.90,720.64
180.95,657.14,911.11
33.33,617.46,914.29
80.95,455.56,919.05
-15.87,487.30,984.13
-130.16,350.79,993.65
-153.97,257.14,1071.43
-153.97,231.75,1065.08
-142.86,23.81,1074.60
-26.98,-130.16,1115.87
-222.22,-157.14,947.62
-79.36,-276.19,1115.87
-176.19,-280.95,917.46
-3.17,-295.24,1090.48
-3.17,-431.75,846.03
-144.44,-47.62,961.90
307.94,-525.40,1020.64
71.43,-130.16,941.27
503.17,-506.35,1071.43
200.00,98.41,1020.64
226.98,123.81,1022.22
307.94,249.21,947.62
126.98,388.89,984.13
123.81,284.13,898.41
100.00,280.95,993.65
-,-,-
236.51,-301.59,1673.02
177.78,-330.16,947.62
461.90,-322.22,1119.05
820.64,-498.41,1144.44
709.52,-277.78,820.64
653.97,4.76,863.49
488.89,403.17,815.87
125.40,742.86,811.11
131.75,682.54,784.13
-22.22,842.86,985.71
-120.64,712.70,865.08
-28.57,503.17,942.86
-106.35,403.17,947.62
-106.35,258.73,993.65
-106.35,182.54,1147.62
-125.40,26.98,1195.24
-146.03,-96.83,988.89
1.59,-512.70,1112.70
-152.38,-304.76,919.05
-44.44,-455.56,869.84
-42.86,-326.98,912.70
77.78,-309.52,887.30
226.98,-304.76,963.49
231.75,-149.21,963.49
307.94,-103.17,942.86
228.57,158.73,1049.21
515.87,-125.40,971.43
276.19,303.17,1063.49
131.75,353.97,968.25
74.60,380.95,973.02
26.98,312.70,969.84
-,-,-
98.41,-28.57,1669.84
0.00,-147.62,942.86
103.17,-228.57,1041.27
300.00,-306.35,1119.05
661.90,-476.19,1038.10
836.51,-350.79,995.24
684.13,25.40,809.52
631.75,355.56,917.46
514.29,582.54,844.44
326.98,633.33,866.67
200.00,741.27,869.84
52.38,711.11,822.22
46.03,631.75,961.90
-69.84,563.49,912.70
-173.02,357.14,1046.03
-57.14,506.35,963.49
-144.44,334.92,942.86
-122.22,234.92,942.86
-120.64,4.76,965.08
-150.79,49.21,996.83
-155.56,-128.57,990.48
-176.19,6.35,1119.05
0.00,-204.76,993.65
4.76,-106.35,1112.70
103.17,-279.36,939.68
30.16,-50.79,960.32
233.33,-173.02,987.30
274.60,-120.64,971.43
276.19,31.75,1012.70
431.75,0.00,1039.68
176.19,253.97,941.27
203.17,360.32,939.68
182.54,504.76,938.10
98.41,541.27,949.21
-,-,-
161.90,-122.22,1698.41
-69.84,-126.98,890.48
77.78,-249.21,1074.60
180.95,-282.54,1090.48
458.73,-296.83,1038.10
606.35,-380.95,971.43
555.56,-150.79,968.25
361.90,49.21,833.33
685.71,23.81,871.43
485.71,479.36,995.24
511.11,458.73,861.90
336.51,638.10,936.51
177.78,612.70,911.11
100.00,514.29,973.02
-68.25,541.27,1111.11
-203.17,487.30,1142.86
-231.75,358.73,988.89
-250.79,258.73,1061.90
-230.16,82.54,990.48
-104.76,-222.22,785.71
-298.41,-4.76,1050.79
-101.59,-304.76,919.05
-153.97,-126.98,961.90
-20.64,-296.83,1017.46
50.79,-176.19,938.10
85.71,-220.64,998.41
104.76,-152.38,944.44
280.95,-176.19,1017.46
457.14,-226.98,1093.65
261.90,158.73,1012.70
453.97,130.16,1117.46
285.71,350.79,985.71
209.52,512.70,1023.81
123.81,557.14,947.62
584.13,490.48,911.11
-,-,-
201.59,-201.59,1774.60
179.36,-298.41,961.90
282.54,-130.16,1039.68
557.14,-333.33,987.30
487.30,-28.57,960.32
895.24,-457.14,973.02
506.35,407.94,858.73
466.67,355.56,917.46
307.94,609.52,965.08
209.52,580.95,985.71
200.00,425.40,765.08
71.43,511.11,1011.11
-195.24,539.68,998.41
-228.57,438.10,1012.70
-198.41,311.11,1061.90
-71.43,209.52,911.11
-195.24,414.29,1023.81
-228.57,201.59,1271.43
-198.41,53.97,1087.30
-203.17,-180.95,1065.08
-149.21,-322.22,1120.63
-225.40,-169.84,1063.49
103.17,-538.10,965.08
-220.64,-93.65,838.10
223.81,-422.22,868.25
6.35,-17.46,1092.06
252.38,-130.16,1019.05
465.08,-252.38,1115.87
155.56,230.16,973.02
307.94,150.79,893.65
301.59,288.89,947.62
55.56,584.13,949.21
130.16,539.68,990.48
3.17,561.90,992.06
-,-,-
225.40,-276.19,1779.37
123.81,-155.56,968.25
353.97,-379.36,1012.70
457.14,-279.36,1074.60
611.11,-350.79,947.62
631.75,-231.75,860.32
742.86,-53.97,939.68
658.73,231.75,912.70
477.78,411.11,806.35
276.19,685.71,861.90
276.19,588.89,834.92
174.60,685.71,896.83
-28.57,687.30,761.90
-23.81,560.32,915.87
-182.54,588.89,1060.32
-246.03,458.73,1049.21
-130.16,234.92,1068.25
-23.81,-19.05,1342.86
23.81,-376.19,858.73
-200.00,-207.94,1068.25
-101.59,-346.03,1014.29
-219.05,-198.41,1042.86
-28.57,-374.60,1015.87
-31.75,-453.97,938.10
53.97,-406.35,971.43
158.73,-452.38,922.22
257.14,-333.33,965.08
206.35,-119.05,1090.48
382.54,-171.43,911.11
257.14,46.03,1020.64
250.79,71.43,887.30
234.92,152.38,938.10
171.43,253.97,963.49
126.98,236.51,1020.64
-,-,-
258.73,-250.79,1726.98
187.30,-282.54,990.48
406.35,-230.16,1039.68
536.51,-484.13,949.21
631.75,-422.22,1044.44
538.10,20.64,936.51
580.95,123.81,868.25
611.11,336.51,911.11
542.86,377.78,742.86
379.36,668.25,992.06
185.71,631.75,1020.64
-53.97,733.33,969.84
-17.46,458.73,992.06
-130.16,453.97,817.46
-119.05,277.78,842.86
-122.22,249.21,963.49
-50.79,173.02,1088.89
-47.62,46.03,1217.46
-71.43,-173.02,1014.29
-66.67,-400.00,1114.29
-52.38,-482.54,966.67
-28.57,-357.14,1023.81
101.59,-611.11,922.22
-158.73,-180.95,917.46
261.90,-587.30,1015.87
-25.40,-150.79,866.67
325.40,-296.83,1122.22
357.14,-273.02,890.48
109.52,136.51,938.10
406.35,-125.40,973.02
196.83,593.65,844.44
309.52,158.73,998.41
203.17,260.32,888.89
-20.64,360.32,869.84
179.36,204.76,996.83
-,-,-
311.11,-204.76,1725.40
52.38,-196.83,1044.44
284.13,-325.40,1066.67
430.16,-407.94,1139.68
536.51,-277.78,917.46
793.65,-273.02,784.13
658.73,147.62,896.83
687.30,403.17,936.51
558.73,477.78,834.92
285.71,714.29,890.48
177.78,690.48,934.92
6.35,692.06,909.52
-130.16,563.49,947.62
-284.13,488.89,914.29
-334.92,428.57,992.06
-426.98,376.19,969.84
-231.75,98.41,1044.44
-74.60,-120.64,1046.03
-103.17,-323.81,919.05
-231.75,-174.60,868.25
-147.62,-353.97,871.43
-230.16,-150.79,888.89
-23.81,-453.97,941.27
-173.02,-247.62,814.29
-44.44,-171.43,1069.84
152.38,-325.40,992.06
9.52,33.33,987.30
433.33,-306.35,1144.44
230.16,26.98,947.62
276.19,123.81,1065.08
287.30,179.36,941.27
206.35,353.97,988.89
146.03,336.51,895.24
-,-,-
209.52,-28.57,1698.41
-22.22,-119.05,941.27
125.40,-103.17,1073.02
236.51,-174.60,1120.63
484.13,-307.94,1196.83
553.97,-206.35,1150.79
487.30,-77.78,766.67
582.54,23.81,814.29
455.56,328.57,768.25
465.08,433.33,963.49
252.38,711.11,995.24
179.36,682.54,834.92
-28.57,820.64,938.10
-123.81,641.27,841.27
-273.02,615.87,944.44
-300.00,563.49,961.90
-119.05,387.30,1166.67
-174.60,304.76,938.10
-30.16,126.98,1042.86
-95.24,98.41,996.83
-201.59,160.32,1065.08
-222.22,-19.05,890.48
-323.81,25.40,911.11
-277.78,-46.03,763.49
-152.38,-119.05,811.11
-149.21,0.00,936.51
107.94,-222.22,1044.44
77.78,-71.43,1020.64
255.56,-73.02,1096.83
434.92,-128.57,1088.89
276.19,149.21,1063.49
300.00,184.13,1011.11
285.71,279.36,969.84
230.16,363.49,969.84
109.52,480.95,965.08
-,-,-
204.76,101.59,1674.60
-3.17,77.78,968.25
52.38,-119.05,966.67
274.60,-406.35,1195.24
682.54,-509.52,1269.84
615.87,-253.97,914.29
665.08,-1.59,936.51
531.75,428.57,987.30
561.90,463.49,822.22
484.13,687.30,966.67
333.33,758.73,841.27
130.16,742.86,863.49
-25.40,668.25,863.49
-152.38,584.13,812.70
-152.38,436.51,841.27
-303.17,487.30,807.94
-198.41,361.90,963.49
-173.02,306.35,1090.48
-147.62,174.60,1088.89
-120.64,25.40,1061.90
-69.84,-271.43,936.51
-196.83,-149.21,885.71
-1.59,-352.38,922.22
-3.17,-303.17,922.22
-44.44,-146.03,1060.32
384.13,-685.71,968.25
6.35,-20.64,987.30
534.92,-506.35,1011.11
250.79,-123.81,866.67
258.73,-1.59,1050.79
409.52,-69.84,1066.67
182.54,211.11,863.49
274.60,131.75,966.67
153.97,171.43,866.67
-,-,-
261.90,-49.21,1725.40
-20.64,-103.17,1012.70
252.38,-407.94,1020.64
487.30,-606.35,815.87
628.57,-487.30,947.62
682.54,-231.75,969.84
714.29,84.13,1119.05
565.08,312.70,1023.81
541.27,350.79,861.90
453.97,434.92,806.35
311.11,534.92,788.89
130.16,631.75,782.54
-69.84,606.35,795.24
-144.44,558.73,963.49
-252.38,533.33,920.64
-230.16,409.52,1125.40
-171.43,285.71,987.30
-133.33,131.75,1114.29
-193.65,107.94,1041.27
-95.24,-230.16,938.10
-104.76,-331.75,1011.11
-300.00,-179.36,839.68
-225.40,-79.36,1038.10
-71.43,-322.22,922.22
-153.97,-96.83,938.10
182.54,-404.76,1046.03
20.64,-153.97,995.24
-49.21,26.98,966.67
153.97,-144.44,961.90
207.94,101.59,1071.43
428.57,-96.83,1047.62
223.81,179.36,961.90
149.21,225.40,988.89
74.60,330.16,922.22
-,-,-
98.41,47.62,1725.40
4.76,-96.83,987.30
282.54,-298.41,1015.87
528.57,-403.17,1166.67
465.08,-226.98,1090.48
538.10,-98.41,968.25
536.51,7.94,963.49
401.59,353.97,942.86
406.35,379.36,817.46
282.54,587.30,861.90
204.76,561.90,809.52
46.03,690.48,858.73
-100.00,684.13,839.68
-128.57,514.29,909.52
-152.38,436.51,968.25
-301.59,455.56,768.25
-182.54,350.79,966.67
-53.97,184.13,1044.44
-74.60,58.73,1071.43
-144.44,-46.03,992.06
-15.87,-330.16,993.65
-153.97,-303.17,1023.81
-69.84,-333.33,965.08
126.98,-528.57,1115.87
52.38,-480.95,946.03
23.81,-174.60,992.06
379.36,-477.78,1061.90
-44.44,153.97,946.03
404.76,-169.84,998.41
209.52,184.13,987.30
230.16,225.40,942.86
376.19,123.81,969.84
133.33,334.92,887.30
130.16,403.17,968.25
107.94,377.78,993.65
74.60,338.10,939.68
-,-,-
325.40,49.21,1631.75
52.38,0.00,969.84
203.17,-306.35,946.03
585.71,-607.94,917.46
717.46,-422.22,1196.83
615.87,-49.21,960.32
633.33,180.95,1065.08
458.73,377.78,971.43
412.70,388.89,761.90
334.92,506.35,793.65
104.76,712.70,734.92
147.62,565.08,968.25
-93.65,666.67,844.44
-95.24,585.71,966.67
-126.98,439.68,909.52
-125.40,303.17,865.08
-198.41,358.73,1011.11
-98.41,96.83,1012.70
-128.57,-20.64,1096.83
-576.19,-22.22,1019.05
-201.59,-71.43,947.62
-47.62,-226.98,938.10
-77.78,-201.59,919.05
123.81,-428.57,846.03
134.92,-460.32,1014.29
271.43,-560.32,893.65
176.19,-298.41,1226.98
301.59,-350.79,1036.51
30.16,103.17,985.71
401.59,-277.78,1074.60
255.56,3.17,912.70
206.35,57.14,920.64
312.70,30.16,971.43
126.98,206.35,885.71
179.36,179.36,912.70
150.79,184.13,995.24
-,-,-
415.87,-182.54,1679.37
330.16,-349.21,919.05
401.59,-244.44,1020.64
360.32,-174.60,941.27
409.52,-28.57,1122.22
361.90,25.40,912.70
428.57,49.21,919.05
334.92,285.71,885.71
326.98,336.51,858.73
185.71,503.17,920.64
84.13,463.49,965.08
-68.25,487.30,1049.21
-176.19,404.76,912.70
-284.13,434.92,819.05
-282.54,330.16,785.71
-353.97,411.11,834.92
-249.21,287.30,971.43
-207.94,149.21,966.67
-222.22,47.62,960.32
-101.59,-304.76,998.41
-207.94,-250.79,995.24
-198.41,-304.76,971.43
-153.97,-306.35,996.83
-52.38,-349.21,996.83
47.62,-384.13,1042.86
-79.36,-130.16,939.68
6.35,-79.36,993.65
307.94,-307.94,965.08
184.13,-42.86,914.29
300.00,-44.44,1036.51
430.16,-103.17,1015.87
277.78,177.78,1011.11
260.32,198.41,1022.22
200.00,234.92,893.65
-,-,-
257.14,-171.43,1761.90
23.81,-195.24,992.06
228.57,-450.79,996.83
553.97,-657.14,1144.44
711.11,-582.54,1142.86
661.90,-460.32,914.29
430.16,-100.00,738.10
407.94,230.16,768.25
200.00,588.89,768.25
123.81,666.67,760.32
-42.86,831.75,992.06
-79.36,682.54,922.22
-126.98,606.35,990.48
-80.95,384.13,1063.49
-155.56,207.94,430.16
-203.17,253.97,842.86
-100.00,79.36,1060.32
-158.73,-30.16,1014.29
-147.62,55.56,1165.08
-22.22,-255.56,1020.64
-98.41,-95.24,1063.49
200.00,-511.11,1073.02
31.75,-336.51,965.08
180.95,-406.35,993.65
158.73,-347.62,968.25
76.19,-125.40,1023.81
282.54,-279.36,1020.64
125.40,-52.38,938.10
200.00,-53.97,1015.87
285.71,-76.19,922.22
258.73,47.62,969.84
361.90,20.64,966.67
277.78,49.21,884.13
155.56,231.75,971.43
73.02,252.38,912.70
74.60,334.92,919.05
23.81,230.16,947.62
-,-,-
260.32,-23.81,1785.71
79.36,-176.19,1020.64
361.90,-484.13,973.02
512.70,-558.73,1000.00
587.30,-480.95,1073.02
480.95,-206.35,1022.22
503.17,-96.83,912.70
455.56,130.16,987.30
412.70,306.35,885.71
284.13,490.48,809.52
155.56,566.67,860.32
49.21,561.90,768.25
-126.98,639.68,885.71
-131.75,484.13,846.03
-231.75,487.30,884.13
-203.17,403.17,968.25
-179.36,249.21,1020.64
-179.36,253.97,1069.84
-69.84,-92.06,968.25
-55.56,-231.75,946.03
-79.36,-255.56,985.71
4.76,-358.73,1042.86
-19.05,-273.02,1117.46
101.59,-382.54,1038.10
-28.57,-169.84,934.92
149.21,-311.11,1019.05
71.43,-228.57,947.62
58.73,-55.56,960.32
225.40,-147.62,966.67
223.81,-73.02,992.06
277.78,6.35,1049.21
355.56,-17.46,1115.87
233.33,82.54,1120.63
104.76,234.92,1063.49
50.79,252.38,920.64
60.32,198.41,990.48
22.22,173.02,968.25
-,-,-
411.11,-176.19,1755.56
306.35,-353.97,1065.08
536.51,-433.33,1069.84
588.89,-307.94,973.02
555.56,-53.97,958.73
563.49,49.21,893.65
482.54,385.71,939.68
426.98,407.94,793.65
182.54,685.71,914.29
80.95,604.76,939.68
-98.41,638.10,887.30
-201.59,560.32,936.51
-169.84,426.98,895.24
-220.64,361.90,963.49
-200.00,331.75,988.89
-100.00,179.36,1017.46
-96.83,98.41,1039.68
-15.87,-152.38,939.68
-177.78,-158.73,865.08
23.81,-349.21,960.32
125.40,-358.73,1044.44
152.38,-406.35,1061.90
233.33,-458.73,1061.90
76.19,-201.59,1047.62
312.70,-311.11,1022.22
212.70,-149.21,1012.70
177.78,31.75,987.30
274.60,20.64,871.43
236.51,201.59,915.87
411.11,52.38,911.11
261.90,280.95,961.90
230.16,304.76,920.64
204.76,358.73,961.90
130.16,338.10,990.48
130.16,328.57,917.46
-,-,-
461.90,-301.59,1726.98
455.56,-587.30,1042.86
542.86,-453.97,1068.25
530.16,-322.22,1012.70
514.29,-231.75,757.14
580.95,-1.59,834.92
487.30,326.98,896.83
352.38,482.54,911.11
234.92,557.14,992.06
71.43,560.32,912.70
-25.40,534.92,941.27
-144.44,452.38,963.49
-250.79,484.13,885.71
-174.60,357.14,996.83
-126.98,225.40,996.83
-74.60,147.62,1093.65
77.78,-253.97,966.67
-20.64,-250.79,1020.64
-22.22,-322.22,969.84
123.81,-507.94,988.89
47.62,-436.51,1039.68
80.95,-458.73,1012.70
26.98,-257.14,1019.05
176.19,-334.92,1068.25
31.75,-47.62,914.29
276.19,-157.14,1092.06
306.35,-123.81,965.08
282.54,22.22,998.41
303.17,-1.59,946.03
171.43,250.79,987.30
152.38,198.41,938.10
109.52,234.92,922.22
60.32,182.54,922.22
76.19,173.02,914.29
-,-,-
233.33,-125.40,1752.38
276.19,-347.62,1068.25
538.10,-625.40,992.06
614.29,-512.70,973.02
609.52,-330.16,834.92
631.75,-117.46,887.30
582.54,204.76,863.49
336.51,460.32,846.03
98.41,711.11,888.89
-49.21,709.52,934.92
-126.98,655.56,941.27
-147.62,580.95,987.30
-77.78,361.90,934.92
-231.75,580.95,984.13
1.59,250.79,1119.05
-146.03,250.79,1123.81
28.57,-25.40,1098.41
133.33,-422.22,1023.81
-96.83,-280.95,1011.11
-3.17,-380.95,887.30
-76.19,-282.54,1023.81
1.59,-374.60,922.22
-20.64,-257.14,917.46
3.17,-179.36,936.51
282.54,-326.98,1046.03
123.81,-19.05,963.49
390.48,-207.94,1069.84
384.13,-46.03,1015.87
333.33,100.00,944.44
403.17,9.52,1015.87
203.17,182.54,915.87
184.13,282.54,944.44
133.33,257.14,922.22
7.94,360.32,920.64
-,-,-
223.81,-96.83,1709.52
128.57,-171.43,1034.92
303.17,-349.21,1015.87
484.13,-531.75,992.06
482.54,-428.57,887.30
514.29,-280.95,914.29
555.56,1.59,971.43
511.11,234.92,917.46
431.75,434.92,917.46
233.33,593.65,841.27
98.41,636.51,860.32
-149.21,668.25,960.32
-247.62,536.51,841.27
-330.16,530.16,923.81
-257.14,360.32,971.43
-173.02,230.16,1020.64
-177.78,123.81,996.83
1.59,-307.94,1063.49
-119.05,-144.44,1085.71
73.02,-460.32,1022.22
-41.27,-277.78,1065.08
55.56,-377.78,1020.64
123.81,-398.41,1000.00
-66.67,-149.21,965.08
303.17,-460.32,1020.64
76.19,-119.05,1022.22
98.41,-52.38,998.41
330.16,-195.24,1042.86
200.00,53.97,871.43
253.97,60.32,990.48
231.75,95.24,890.48
80.95,284.13,946.03
52.38,209.52,865.08
46.03,260.32,895.24
-71.43,257.14,915.87
-,-,-
255.56,-307.94,1725.40
200.00,-282.54,988.89
401.59,-426.98,988.89
712.70,-480.95,1092.06
617.46,-201.59,1038.10
487.30,22.22,758.73
487.30,204.76,942.86
379.36,430.16,834.92
231.75,506.35,809.52
28.57,738.10,941.27
-55.56,582.54,912.70
23.81,541.27,987.30
58.73,460.32,1022.22
6.35,174.60,1012.70
-95.24,230.16,969.84
-52.38,171.43,987.30
-177.78,157.14,965.08
-177.78,152.38,1073.02
-279.36,-52.38,919.05
-298.41,-68.25,944.44
-323.81,125.40,963.49
6.35,-126.98,1046.03
73.02,-276.19,911.11
152.38,-174.60,1046.03
401.59,-576.19,993.65
4.76,-107.94,888.89
285.71,-398.41,993.65
128.57,-120.64,941.27
276.19,-196.83,1049.21
282.54,-42.86,1085.71
196.83,104.76,998.41
179.36,204.76,998.41
73.02,312.70,890.48
6.35,334.92,788.89
-96.83,406.35,860.32
-,-,-
280.95,-206.35,1785.71
261.90,-377.78,973.02
484.13,-525.40,1014.29
458.73,-330.16,996.83
414.29,-180.95,1012.70
479.36,-46.03,1096.83
414.29,22.22,822.22
426.98,98.41,811.11
325.40,312.70,687.30
363.49,411.11,873.02
107.94,639.68,768.25
82.54,633.33,1015.87
-274.60,636.51,942.86
-334.92,639.68,885.71
-274.60,461.90,1015.87
-203.17,276.19,1087.30
-157.14,234.92,1125.40
-100.00,-26.98,1015.87
-6.35,-347.62,968.25
-96.83,-306.35,887.30
157.14,-636.51,890.48
-28.57,-398.41,917.46
149.21,-603.17,868.25
-4.76,-296.83,998.41
52.38,-249.21,995.24
158.73,-311.11,1017.46
57.14,-47.62,998.41
328.57,-269.84,923.81
331.75,-98.41,838.10
430.16,-69.84,946.03
457.14,-73.02,942.86
157.14,257.14,1044.44
80.95,253.97,973.02
104.76,257.14,988.89
-,-,-
353.97,-23.81,1677.78
76.19,-155.56,1015.87
101.59,-195.24,917.46
355.56,-480.95,992.06
712.70,-685.71,919.05
741.27,-507.94,1011.11
409.52,149.21,892.06
411.11,150.79,811.11
384.13,384.13,1073.02
287.30,504.76,942.86
274.60,480.95,968.25
152.38,530.16,922.22
46.03,503.17,892.06
-52.38,509.52,998.41
-130.16,352.38,1038.10
-71.43,177.78,917.46
-196.83,209.52,868.25
-176.19,73.02,995.24
-146.03,52.38,1015.87
-155.56,1.59,961.90
-169.84,-147.62,946.03
-150.79,-223.81,942.86
-146.03,-300.00,987.30
-100.00,-326.98,893.65
-53.97,-282.54,998.41
33.33,-352.38,936.51
103.17,-300.00,1076.19
85.71,-253.97,993.65
31.75,-95.24,1015.87
174.60,-157.14,1049.21
209.52,-206.35,893.65
104.76,104.76,965.08
357.14,-131.75,941.27
277.78,49.21,939.68
226.98,128.57,1015.87
160.32,176.19,809.52
76.19,309.52,946.03
-19.05,312.70,912.70
-,-,-
280.95,-269.84,1634.92
23.81,-220.64,961.90
206.35,-526.98,834.92
509.52,-511.11,711.11
734.92,-355.56,1061.90
769.84,-252.38,885.71
709.52,130.16,844.44
614.29,434.92,1100.00
460.32,404.76,868.25
271.43,685.71,866.67
77.78,684.13,869.84
-52.38,661.90,793.65
-104.76,542.86,944.44
-126.98,355.56,815.87
-246.03,331.75,917.46
-250.79,307.94,914.29
-195.24,158.73,1088.89
-176.19,146.03,1073.02
-74.60,-204.76,1071.43
-52.38,-349.21,1012.70
25.40,-458.73,966.67
46.03,-476.19,917.46
98.41,-353.97,963.49
230.16,-512.70,966.67
-142.86,30.16,990.48
307.94,-477.78,995.24
106.35,-182.54,988.89
306.35,-280.95,992.06
311.11,-195.24,996.83
314.29,-26.98,963.49
428.57,-103.17,915.87
250.79,200.00,1088.89
125.40,250.79,944.44
69.84,255.56,1012.70
-47.62,330.16,942.86
-,-,-
355.56,-125.40,1722.22
130.16,-149.21,1014.29
300.00,-282.54,1022.22
461.90,-330.16,1039.68
436.51,-231.75,907.94
533.33,-76.19,946.03
580.95,98.41,942.86
488.89,380.95,993.65
484.13,487.30,1023.81
360.32,541.27,922.22
126.98,606.35,834.92
7.94,461.90,895.24
-201.59,490.48,809.52
-203.17,357.14,922.22
-333.33,406.35,914.29
-279.36,226.98,939.68
-298.41,206.35,1019.05
-153.97,100.00,1088.89
-123.81,-73.02,993.65
-69.84,-3.17,971.43
209.52,-525.40,922.22
-103.17,-258.73,868.25
180.95,-553.97,868.25
-28.57,-301.59,996.83
-28.57,-323.81,987.30
147.62,-423.81,968.25
-20.64,-180.95,1066.67
277.78,-382.54,969.84
73.02,22.22,1017.46
377.78,-180.95,987.30
512.70,-182.54,1015.87
173.02,303.17,1025.40
300.00,28.57,987.30
157.14,207.94,860.32
103.17,236.51,941.27
80.95,303.17,946.03
22.22,253.97,963.49
-,-,-
379.36,-223.81,1750.79
336.51,-328.57,1044.44
607.94,-484.13,1074.60
744.44,-450.79,946.03
641.27,-128.57,890.48
584.13,158.73,846.03
412.70,506.35,920.64
352.38,436.51,1047.62
106.35,712.70,936.51
20.64,507.94,971.43
-100.00,484.13,917.46
-247.62,485.71,947.62
-250.79,360.32,938.10
-276.19,333.33,990.48
-206.35,152.38,1136.51
-119.05,-73.02,1139.68
-93.65,-222.22,969.84
-28.57,-358.73,988.89
-69.84,-506.35,961.90
-204.76,-150.79,863.49
155.56,-604.76,1068.25
-76.19,-325.40,895.24
22.22,-298.41,993.65
76.19,-277.78,1039.68
96.83,-52.38,1014.29
360.32,-309.52,1017.46
130.16,128.57,969.84
487.30,-222.22,987.30
331.75,79.36,988.89
207.94,158.73,996.83
184.13,179.36,919.05
3.17,285.71,888.89
-42.86,311.11,939.68
-,-,-
503.17,-276.19,1723.81
438.10,-404.76,988.89
587.30,-357.14,1168.25
503.17,-101.59,1046.03
511.11,33.33,919.05
388.89,282.54,939.68
174.60,357.14,841.27
98.41,512.70,871.43
-50.79,534.92,819.05
-149.21,517.46,941.27
-204.76,479.36,987.30
-228.57,387.30,987.30
-328.57,387.30,1012.70
-284.13,276.19,973.02
-100.00,47.62,1142.86
-146.03,-180.95,934.92
-125.40,-246.03,1036.51
-19.05,-474.60,973.02
-128.57,-258.73,990.48
133.33,-538.10,1042.86
-26.98,-326.98,912.70
4.76,-204.76,934.92
150.79,-373.02,1023.81
-144.44,146.03,987.30
384.13,-330.16,985.71
200.00,-22.22,1020.64
233.33,-20.64,941.27
390.48,-131.75,1046.03
130.16,226.98,919.05
120.64,255.56,1023.81
71.43,279.36,893.65
3.17,253.97,946.03
-104.76,230.16,938.10
-,-,-
330.16,-201.59,1749.21
58.73,-222.22,946.03
353.97,-474.60,1036.51
330.16,-485.71,836.51
531.75,-484.13,1042.86
563.49,-180.95,884.13
606.35,-44.44,1015.87
534.92,363.49,1071.43
428.57,503.17,961.90
260.32,555.56,887.30
79.36,590.48,911.11
-74.60,538.10,839.68
-269.84,490.48,974.60
-325.40,234.92,842.86
-257.14,284.13,974.60
-309.52,150.79,1071.43
-79.36,-79.36,1096.83
-179.36,47.62,1168.25
-71.43,-200.00,965.08
-126.98,-180.95,966.67
-76.19,-434.92,966.67
-126.98,-223.81,936.51
47.62,-401.59,993.65
-68.25,-196.83,814.29
-130.16,-331.75,895.24
260.32,-106.35,996.83
263.49,-279.36,1093.65
204.76,-198.41,939.68
288.89,-77.78,1015.87
301.59,-46.03,995.24
276.19,23.81,961.90
280.95,79.36,912.70
201.59,209.52,996.83
126.98,185.71,909.52
3.17,357.14,946.03
-,-,-
231.75,-28.57,1706.35
158.73,-323.81,996.83
358.73,-404.76,1023.81
509.52,-353.97,1047.62
634.92,-296.83,942.86
614.29,-71.43,1038.10
557.14,157.14,936.51
460.32,363.49,871.43
311.11,558.73,998.41
153.97,636.51,834.92
-52.38,706.35,919.05
-201.59,630.16,869.84
-307.94,541.27,963.49
-479.36,539.68,912.70
-230.16,184.13,1038.10
-174.60,153.97,1039.68
-96.83,-47.62,990.48
-79.36,-206.35,998.41
-206.35,-123.81,912.70
50.79,-425.40,1019.05
26.98,-425.40,1014.29
52.38,-409.52,996.83
225.40,-580.95,1038.10
123.81,-352.38,996.83
84.13,-207.94,1049.21
147.62,-276.19,1012.70
130.16,-53.97,966.67
277.78,-201.59,1011.11
82.54,107.94,896.83
233.33,3.17,919.05
207.94,149.21,973.02
128.57,288.89,892.06
207.94,228.57,941.27
109.52,311.11,884.13
52.38,387.30,987.30
-,-,-
157.14,125.40,1722.22
98.41,-149.21,961.90
276.19,-279.36,939.68
387.30,-409.52,1011.11
412.70,-330.16,920.64
466.67,-231.75,973.02
584.13,-79.36,988.89
684.13,126.98,869.84
631.75,311.11,1068.25
331.75,641.27,892.06
303.17,517.46,1017.46
-25.40,565.08,820.64
-120.64,404.76,888.89
-404.76,538.10,812.70
-425.40,482.54,817.46
-434.92,488.89,1046.03
-180.95,390.48,1085.71
-73.02,7.94,1241.27
-53.97,-52.38,917.46
53.97,-296.83,1068.25
-80.95,-226.98,893.65
-47.62,-320.64,974.60
-98.41,-249.21,965.08
-204.76,-52.38,965.08
-71.43,-180.95,1074.60
-46.03,-144.44,915.87
79.36,-231.75,1071.43
236.51,-277.78,939.68
182.54,-131.75,1047.62
147.62,-3.17,973.02
280.95,-19.05,934.92
184.13,174.60,936.51
131.75,282.54,895.24
104.76,358.73,887.30
30.16,407.94,795.24
23.81,460.32,966.67
-,-,-
349.21,58.73,1696.83
25.40,3.17,1066.67
53.97,-53.97,996.83
185.71,-201.59,987.30
274.60,-201.59,1015.87
331.75,-126.98,939.68
506.35,-128.57,865.08
561.90,123.81,1120.63
485.71,284.13,1022.22
441.27,409.52,936.51
336.51,412.70,1087.30
101.59,512.70,844.44
23.81,436.51,941.27
-149.21,385.71,842.86
-358.73,436.51,811.11
-503.17,536.51,939.68
-355.56,328.57,895.24
-423.81,407.94,811.11
-128.57,-46.03,1098.41
7.94,-298.41,1095.24
-96.83,-173.02,1087.30
204.76,-536.51,1066.67
-100.00,-207.94,985.71
155.56,-460.32,973.02
101.59,-357.14,995.24
0.00,-106.35,973.02
207.94,-280.95,1065.08
109.52,-46.03,961.90
225.40,-46.03,988.89
279.36,31.75,942.86
152.38,231.75,973.02
230.16,177.78,890.48
152.38,331.75,919.05
131.75,303.17,942.86
122.22,279.36,939.68
-,-,-
247.62,-42.86,1707.94
26.98,-120.64,1019.05
98.41,-244.44,996.83
353.97,-422.22,987.30
514.29,-480.95,992.06
482.54,-330.16,973.02
504.76,-171.43,1022.22
436.51,47.62,1114.29
411.11,531.75,1017.46
352.38,73.02,819.05
201.59,236.51,842.86
176.19,49.21,1046.03
-255.56,609.52,946.03
-219.05,453.97,1141.27
-233.33,430.16,1023.81
-152.38,330.16,1100.00
-93.65,196.83,987.30
-180.95,228.57,1044.44
-106.35,53.97,938.10
-69.84,-150.79,912.70
-28.57,-252.38,934.92
80.95,-434.92,993.65
155.56,-452.38,1038.10
180.95,-514.29,987.30
231.75,-453.97,1049.21
204.76,-401.59,1061.90
20.64,-93.65,992.06
279.36,-225.40,1019.05
306.35,-123.81,941.27
204.76,98.41,966.67
309.52,50.79,895.24
185.71,250.79,966.67
82.54,309.52,914.29
104.76,331.75,942.86
1.59,330.16,846.03
3.17,182.54,1047.62
-,-,-
352.38,-171.43,1730.16
133.33,-196.83,985.71
276.19,-330.16,917.46
403.17,-423.81,890.48
488.89,-333.33,1061.90
553.97,-182.54,1068.25
661.90,-177.78,963.49
541.27,182.54,917.46
552.38,257.14,934.92
326.98,480.95,887.30
153.97,533.33,815.87
0.00,506.35,895.24
-231.75,587.30,846.03
-349.21,514.29,988.89
-357.14,530.16,911.11
-196.83,277.78,1036.51
-153.97,158.73,1090.48
-49.21,57.14,1119.05
184.13,-431.75,1088.89
-3.17,-273.02,998.41
73.02,-430.16,985.71
-77.78,-301.59,941.27
76.19,-428.57,1015.87
30.16,-349.21,990.48
-42.86,-179.36,946.03
160.32,-377.78,869.84
-28.57,76.19,968.25
379.36,-257.14,987.30
258.73,3.17,960.32
179.36,155.56,971.43
412.70,-79.36,768.25
277.78,177.78,871.43
226.98,236.51,971.43
133.33,258.73,942.86
123.81,273.02,996.83
76.19,276.19,1014.29
-,-,-
306.35,-28.57,1701.59
30.16,-101.59,990.48
184.13,-206.35,965.08
441.27,-380.95,996.83
538.10,-309.52,861.90
631.75,-296.83,941.27
580.95,-42.86,834.92
457.14,201.59,911.11
358.73,452.38,936.51
277.78,507.94,965.08
198.41,506.35,944.44
79.36,482.54,938.10
-68.25,406.35,1009.52
-219.05,390.48,941.27
-233.33,388.89,998.41
-171.43,230.16,992.06
-230.16,133.33,1046.03
-93.65,23.81,949.21
57.14,-222.22,987.30
-42.86,-174.60,1042.86
-1.59,-301.59,944.44
149.21,-425.40,1112.70
30.16,-307.94,1038.10
249.21,-482.54,944.44
80.95,-257.14,941.27
352.38,-430.16,936.51
274.60,-306.35,947.62
225.40,-76.19,934.92
487.30,-304.76,919.05
287.30,47.62,871.43
353.97,53.97,936.51
280.95,153.97,969.84
184.13,236.51,944.44
160.32,253.97,973.02
109.52,260.32,942.86
74.60,206.35,960.32
