-,-,-
111.9,28.7,975.9
108.1,17.6,975.9
117.5,-10.1,1000.7
89.8,-26.5,966.2
79.7,-44.2,975.7
118.7,-75.1,1014.0
150.7,-118.0,985.7
191.1,-150.0,959.5
251.4,-137.5,936.3
283.4,-76.8,933.7
302.4,-8.8,925.0
308.2,44.1,911.2
281.2,121.0,931.8
253.5,168.4,925.5
236.2,205.7,906.4
198.2,264.0,910.7
141.9,298.1,899.5
117.8,313.1,893.6
65.8,337.1,898.2
75.3,331.8,907.1
103.2,317.0,943.2
93.2,301.7,962.4
31.8,300.4,961.4
-20.0,298.3,982.2
-36.4,291.7,981.7
-82.6,285.7,955.1
-109.0,252.4,930.0
-121.2,208.3,925.5
-127.2,162.9,945.5
-96.1,85.4,947.7
-107.0,28.9,941.7
-132.5,-2.5,929.3
-108.7,-52.3,947.3
-51.0,-135.5,937.8
-72.7,-145.7,916.7
-66.0,-159.9,908.9
 5.3,-203.7,888.7
31.6,-200.7,899.7
36.0,-172.0,949.8
43.0,-129.1,990.9
86.6,-118.0,996.7
78.8,-71.3,1023.1
92.9,-75.3,1015.1
113.5,-86.6,975.4
85.8,-46.9,977.5
95.8,-46.5,989.5
90.2,-25.5,1001.0
101.7,-21.5,994.2
107.2,-16.1,989.3
103.7, 0.3,978.2
86.8,27.6,973.0
81.7,50.3,982.3
90.7,24.9,982.9
-,-,-
74.2,-31.8,953.3
33.7,-23.2,956.5
21.5,-26.6,984.4
14.3,-65.6,994.6
20.2,-125.5,989.6
75.2,-188.9,1019.0
146.9,-228.8,1018.8
208.3,-204.6,998.4
245.3,-145.6,995.9
273.4,-95.8,926.1
280.4, 6.0,900.8
261.7,113.7,916.0
260.1,187.1,916.8
219.4,262.0,914.6
146.0,338.5,885.8
110.6,374.2,867.7
33.5,404.1,860.8
-9.7,413.3,877.0
-1.3,390.8,903.3
-55.6,399.9,890.8
-115.9,433.3,901.3
-147.0,437.3,897.4
-200.1,429.8,879.6
-230.0,397.1,881.0
-207.8,339.1,889.1
-175.6,266.2,916.5
-143.5,182.6,919.8
-152.2,120.1,893.3
-177.4,63.5,855.2
-179.7,-0.9,854.7
-174.0,-38.3,886.9
-173.0,-85.1,911.2
-151.8,-139.7,912.1
-148.4,-152.0,906.8
-74.8,-216.6,897.2
12.8,-281.6,897.7
48.4,-275.8,901.5
85.4,-247.2,924.0
126.8,-199.2,1003.7
146.5,-176.4,1046.3
125.1,-124.1,1053.5
132.6,-95.9,1062.3
158.6,-113.9,1036.5
166.0,-111.7,1004.5
202.3,-139.1,1002.0
196.6,-136.3,987.3
169.9,-104.4,981.9
175.5,-109.5,972.5
159.0,-83.6,962.2
141.7,-57.4,941.3
145.7,-39.8,947.1
113.5,10.2,944.8
-,-,-
57.8,-62.5,962.7
66.9,-80.5,951.9
54.5,-103.0,944.0
45.7,-132.1,954.7
82.7,-191.2,963.4
149.9,-245.1,948.5
205.7,-221.8,956.7
265.9,-181.1,959.6
328.8,-137.6,952.6
349.9,-57.9,954.9
350.0,10.1,944.0
324.2,100.1,951.6
292.9,190.4,938.7
235.6,279.1,918.8
158.4,358.5,931.4
118.9,363.7,935.2
90.3,362.6,948.3
38.0,348.3,948.2
-33.3,336.2,941.8
-98.8,329.6,950.8
-155.9,296.9,964.2
-196.2,269.5,953.1
-207.5,218.5,916.4
-204.5,164.7,890.1
-173.9,118.9,883.5
-161.1,61.3,865.9
-175.2,17.2,843.5
-162.9,-72.6,829.9
-172.2,-143.0,818.7
-136.9,-155.2,881.9
-53.2,-173.3,961.0
15.9,-210.5,977.4
103.6,-211.2,1022.1
161.3,-214.7,1049.6
129.0,-180.2,1025.7
125.6,-129.8,1006.8
153.7,-120.8,992.3
130.7,-88.8,989.1
144.3,-64.8,988.0
157.9,-28.4,997.6
179.8,-6.5,993.7
229.3,-9.3,982.8
236.0,10.2,993.7
246.5, 5.8,992.4
210.1,23.2,970.4
189.2,30.3,964.6
191.0,28.1,958.7
158.5,85.5,997.4
108.5,149.3,1005.3
-,-,-
76.6,-20.5,982.5
89.2,-32.4,984.1
82.9,-55.4,966.5
106.0,-95.4,971.8
122.3,-134.1,952.7
146.9,-164.4,897.2
209.5,-152.2,935.2
269.6,-109.0,1019.8
296.5,-36.3,1008.4
303.9,54.2,992.4
280.3,137.2,976.6
240.7,214.8,930.7
232.8,270.7,909.5
207.5,304.0,908.8
144.3,344.9,918.1
121.3,370.8,940.1
57.6,370.3,935.1
-25.8,374.3,918.0
-88.3,353.2,894.6
-111.6,343.3,897.9
-89.8,297.2,938.4
-125.0,241.0,944.5
-147.5,211.7,948.5
-121.6,164.7,964.3
-143.5,153.5,963.0
-132.4,124.3,938.5
-164.9,81.6,901.1
-223.0,70.6,883.0
-213.2,33.3,902.4
-201.5,-25.9,907.1
-189.6,-76.5,897.5
-153.2,-125.2,883.4
-111.6,-141.6,882.6
-25.1,-162.7,899.7
-2.8,-120.7,917.8
-8.8,-57.8,949.8
26.0,-26.4,980.9
14.9,34.3,1016.8
96.0,-25.4,1005.7
112.8,-16.4,1001.4
96.3,30.4,1028.9
150.6,-8.0,1023.6
131.5,22.5,998.0
171.0,17.7,1000.8
194.4,25.3,1000.5
180.2,61.8,1001.4
213.4,53.4,1015.0
194.4,63.4,995.5
173.4,74.5,978.5
157.6,96.0,986.6
139.8,107.2,967.1
129.5,115.9,938.0
91.8,152.7,917.5
-,-,-
45.4,-27.2,953.1
61.5,-33.2,968.1
48.3,-47.5,964.4
63.2,-97.4,975.9
118.7,-160.9,1003.8
183.7,-208.9,991.1
250.7,-219.5,982.6
296.5,-173.4,978.1
309.5,-91.5,957.1
324.7,14.3,948.4
314.3,111.1,930.7
246.2,199.4,912.5
188.7,292.1,910.6
109.5,365.3,904.0
32.1,399.3,920.5
 1.0,392.6,935.3
-30.5,354.6,931.3
-73.0,330.8,946.6
-108.4,296.3,979.4
-136.5,248.4,988.6
-159.6,203.0,966.8
-190.8,160.5,938.9
-180.9,103.4,920.7
-139.8,41.2,930.0
-114.2,-25.2,930.3
-152.8,-43.3,926.8
-165.9,-63.1,937.7
-152.5,-107.8,937.0
-148.4,-132.1,925.2
-111.2,-186.7,923.0
-54.8,-246.6,922.3
-54.9,-229.0,917.4
-40.4,-198.4,904.9
-10.0,-162.8,888.2
14.0,-114.2,929.9
57.6,-95.9,1017.3
77.3,-73.0,1037.9
71.1,-45.5,1023.9
91.8,-42.3,1018.1
104.2,-35.1,997.5
93.7,-5.1,982.8
77.9,24.8,981.2
62.3,54.7,952.0
97.2,58.4,981.8
127.3,52.5,996.5
113.8,75.2,987.3
125.1,77.5,1008.5
114.5,80.9,979.6
94.5,99.8,965.7
-,-,-
28.6,-62.9,961.5
72.3,-99.8,948.3
121.4,-139.7,949.6
166.1,-171.7,953.3
213.9,-184.7,951.8
259.5,-158.9,954.1
351.6,-138.2,927.8
454.9,-93.3,931.7
471.8,40.1,940.2
392.3,214.2,917.4
241.4,375.4,926.6
154.1,458.7,922.5
99.9,486.6,879.7
30.6,480.4,896.2
24.9,433.5,918.8
31.6,377.0,919.6
-12.2,337.6,927.6
-54.5,304.3,917.3
-94.0,276.0,929.6
-98.2,236.3,960.6
-88.8,176.1,948.6
-128.1,139.4,931.9
-160.9,78.7,911.3
-157.2,-1.5,893.7
-117.5,-60.8,926.3
-88.0,-100.4,964.9
-100.5,-118.5,982.8
-68.7,-170.3,986.8
-92.7,-178.4,945.6
-142.9,-119.4,916.8
-51.5,-156.5,906.8
 2.9,-181.2,888.7
 4.2,-150.0,908.7
36.9,-157.7,914.3
67.4,-142.5,966.6
101.0,-137.9,1029.8
124.2,-142.9,995.3
151.1,-108.7,996.0
195.1,-99.9,1016.6
178.3,-55.3,985.6
179.2,-14.9,971.3
203.2,-2.4,987.8
199.3,13.9,975.4
191.0,29.3,963.8
177.0,42.1,975.9
156.9,63.5,982.7
148.3,63.7,961.9
141.6,59.0,934.2
125.7,69.5,947.9
107.9,79.9,948.0
100.3,96.2,948.5
-,-,-
86.8,-81.3,967.6
97.1,-96.0,974.1
110.6,-107.0,983.3
127.3,-123.5,980.4
151.2,-137.9,968.2
184.6,-135.4,952.5
221.2,-123.4,936.7
268.7,-120.3,881.3
315.9,-59.1,885.9
315.1,78.0,973.8
300.6,174.1,1015.2
244.6,241.7,992.6
180.0,319.3,979.7
131.8,363.4,961.9
56.0,385.4,941.7
56.5,363.2,951.8
36.9,326.4,923.6
-23.3,308.3,908.9
-43.4,294.6,916.9
-86.4,288.1,887.3
-139.6,264.5,898.1
-138.4,198.9,922.7
-130.1,151.5,917.1
-150.8,111.1,917.2
-111.4,47.0,924.4
-97.8, 9.9,894.0
-129.8,-6.2,889.2
-144.9,-16.3,918.0
-137.5,-34.6,915.6
-141.8,-42.7,910.1
-121.6,-73.8,929.3
-111.4,-109.7,941.1
-153.7,-110.6,932.4
-163.7,-114.9,948.5
-121.7,-150.9,961.1
-107.0,-165.8,932.8
-104.3,-176.7,913.8
-74.9,-206.8,910.3
-17.7,-202.8,947.3
10.3,-161.7,959.2
32.9,-119.3,965.5
88.0,-90.1,992.8
108.5,-47.8,1011.5
149.7,-32.0,1012.7
181.7,-34.5,985.2
139.5,10.3,981.7
149.2,21.8,968.5
195.4, 0.7,958.3
204.9, 1.6,972.5
205.0,14.0,975.3
205.5,40.7,980.9
195.5,64.2,968.7
158.1,95.4,961.8
140.3,115.7,965.8
126.9,142.7,969.3
114.1,161.6,969.5
108.2,150.0,951.6
87.3,169.3,941.4
68.7,201.0,955.5
-,-,-
56.8,-54.1,972.9
67.9,-64.5,977.1
73.4,-77.2,980.6
80.1,-89.3,993.4
101.8,-104.6,980.9
133.6,-124.0,946.8
171.7,-137.2,932.0
229.0,-130.8,943.3
243.5,-57.7,1007.2
222.8,28.4,1025.8
213.8,92.3,990.9
179.2,164.7,977.6
161.4,210.4,944.8
111.0,253.8,909.4
57.4,291.6,902.0
49.4,291.7,920.7
37.8,285.3,927.4
38.3,269.2,926.6
 7.1,260.6,937.4
-10.3,273.7,901.4
-48.5,281.7,836.0
-121.3,271.2,839.7
-123.0,253.8,879.5
-129.0,247.9,912.1
-124.4,238.4,960.2
-88.9,201.8,966.8
-98.0,181.9,945.0
-102.8,143.0,944.4
-84.3,81.5,924.7
-89.3,47.8,892.7
-95.9,29.0,900.2
-98.4,26.1,939.6
-73.1,11.8,968.5
-35.9,-26.9,995.0
-36.1,-45.3,1014.6
-33.9,-69.9,1013.9
-50.6,-82.7,999.1
-98.5,-60.2,968.3
-86.1,-79.7,949.9
-72.6,-93.6,929.7
-38.3,-89.4,915.9
 7.6,-110.5,955.1
-32.5,-76.6,957.1
 8.6,-53.8,966.7
58.9,-58.5,988.4
-10.7,-0.6,945.8
24.4,25.1,960.3
97.9, 6.4,990.4
69.4,41.0,972.0
83.5,43.7,958.6
62.0,44.6,950.8
69.4,49.6,958.9
125.1,29.2,962.9
171.1,23.1,979.1
220.7,14.3,987.9
209.1,24.6,990.1
230.3, 3.2,998.5
252.1,-7.7,989.3
221.8, 8.6,977.7
216.1,20.4,987.6
198.3,28.0,977.6
155.1,39.7,961.0
131.3,70.3,981.0
118.0,105.8,973.4
-,-,-
92.2,-95.9,980.6
102.8,-98.8,990.0
86.9,-101.6,985.1
67.6,-125.3,997.7
92.4,-154.8,996.4
165.8,-167.7,952.4
211.5,-135.6,937.6
209.6,-67.9,925.1
204.4,-32.7,880.2
202.5, 4.6,883.2
188.4,71.5,907.9
177.8,133.3,944.0
175.0,180.6,993.8
168.4,206.8,984.5
165.4,223.3,950.1
138.7,264.1,940.0
76.8,321.2,936.4
58.3,350.1,942.8
72.5,348.5,935.2
68.4,334.8,927.3
73.7,332.0,913.9
52.9,319.9,873.4
-0.0,291.8,885.4
-63.8,283.8,921.3
-118.7,270.8,935.7
-108.4,242.8,954.9
-90.4,233.0,931.8
-107.2,220.0,920.8
-108.1,174.9,930.5
-87.7,103.9,907.6
-68.2,48.5,903.5
-74.7,14.8,910.3
-99.4,11.8,922.7
-91.0, 6.7,955.5
-76.6,-10.2,989.7
-55.3,-51.6,996.3
-55.6,-92.4,986.6
-97.9,-94.4,976.7
-114.1,-96.8,938.3
-110.1,-94.5,920.0
-65.7,-123.2,921.1
-69.5,-114.9,920.7
-78.1,-99.2,910.9
-0.3,-153.7,883.2
-0.6,-104.3,919.6
34.3,-47.5,998.4
129.1,-48.7,1038.4
105.8, 8.6,1052.8
114.7,15.8,1038.1
142.9,-7.3,1006.6
127.0, 0.8,1005.8
135.8, 3.9,1004.2
123.6,17.3,982.7
122.9,10.4,972.4
125.6,14.0,952.3
103.3,52.7,958.1
125.5,56.4,953.6
131.8,70.6,960.7
110.0,106.0,971.2
108.8,113.4,951.3
111.4,120.0,949.9
99.4,128.8,950.3
78.9,135.7,949.2
51.7,157.3,955.5
-,-,-
36.5,-13.9,961.1
54.7,-36.4,980.0
55.7,-49.0,987.7
73.3,-65.5,997.7
103.1,-96.3,985.1
123.0,-106.4,954.6
169.3,-122.6,926.1
240.0,-137.6,922.9
243.1,-75.3,948.7
195.4,26.1,983.7
169.4,100.4,1000.3
143.9,166.3,1001.4
124.2,202.0,967.6
117.9,210.3,933.4
58.6,241.1,922.1
12.9,259.0,928.6
18.5,244.4,944.6
12.7,235.0,953.7
15.7,219.5,958.4
 3.2,204.4,946.1
-48.4,212.2,921.7
-95.2,211.2,921.5
-130.6,207.6,910.6
-162.7,228.2,893.4
-167.7,221.6,901.0
-152.0,189.3,913.6
-148.5,168.1,938.3
-144.1,130.2,947.1
-127.9,78.4,929.4
-103.0,17.8,927.0
-96.9,-38.1,918.8
-110.4,-67.7,890.6
-116.9,-78.1,922.9
-115.6,-85.9,965.7
-110.7,-97.9,977.2
-108.4,-124.3,984.1
-131.9,-133.9,976.2
-149.4,-136.4,951.9
-114.4,-162.8,934.0
-82.0,-184.1,938.1
-68.4,-186.6,916.5
-92.3,-140.7,923.6
-42.9,-143.9,943.0
16.5,-145.1,918.0
37.3,-118.0,931.1
73.1,-117.6,967.1
42.2,-69.8,997.1
34.5,-60.1,999.3
46.2,-53.1,986.1
78.6,-43.4,991.8
108.7,-51.9,972.6
98.5,-21.3,946.6
141.5,-20.1,974.9
165.2,-4.9,987.7
154.5,32.2,967.9
136.7,53.8,947.6
125.8,66.5,958.8
144.2,71.2,980.7
154.8,79.5,972.2
140.0,92.4,956.1
112.0,124.7,962.4
93.1,161.5,966.2
65.9,185.8,954.3
-,-,-
90.7,-59.7,989.6
100.2,-69.0,980.1
89.9,-66.5,977.3
83.9,-75.0,967.7
85.1,-93.7,963.3
96.8,-107.3,992.5
133.3,-122.1,994.2
165.5,-123.7,977.2
177.4,-88.5,981.3
221.0,-57.8,958.3
259.5,-13.6,930.6
206.4,63.6,915.1
141.0,135.4,910.1
94.7,185.2,936.5
79.0,204.3,943.3
84.3,210.3,930.4
63.2,215.1,897.0
79.1,224.7,914.5
110.3,258.9,976.9
112.3,281.2,989.5
85.7,299.1,966.8
 7.9,315.4,940.2
-36.9,313.7,939.5
-52.1,300.7,946.4
-87.6,257.8,952.2
-110.3,214.3,961.4
-77.3,152.4,966.2
-58.7,106.7,956.8
-55.4,70.5,937.1
-40.9,35.3,930.6
-70.0,29.2,930.7
-75.2, 4.9,922.5
-92.1,-6.0,930.5
-98.0,-40.9,926.8
-81.2,-104.8,945.0
-127.2,-113.6,948.8
-120.7,-142.1,923.9
-74.8,-192.9,908.2
-70.8,-192.0,887.1
-12.6,-212.5,941.9
68.4,-252.6,959.8
93.1,-240.3,942.7
123.0,-224.9,976.2
73.4,-141.6,971.6
52.3,-70.7,990.3
142.7,-81.4,1004.7
151.6,-50.6,1006.2
142.0,-23.0,1006.8
166.8,-15.0,989.7
201.8,-17.2,965.7
226.4,-23.3,960.5
218.3,-8.1,956.2
216.1, 9.8,958.2
194.1,27.8,960.7
169.1,55.0,965.8
169.4,72.9,977.7
169.6,80.8,950.9
146.0,117.2,926.6
121.9,153.8,929.0
-,-,-
74.5,-94.5,974.3
73.8,-99.6,989.8
71.3,-102.7,991.9
95.4,-128.8,987.7
153.0,-153.4,983.5
228.0,-171.3,966.5
313.8,-168.2,957.3
305.2,-57.6,989.6
233.3,93.7,1001.9
188.9,188.6,949.8
129.7,270.3,910.5
80.3,318.2,869.4
40.9,328.3,864.3
 3.0,318.0,900.0
-23.0,312.0,939.5
-36.1,301.3,960.0
-40.6,276.0,945.0
-58.3,251.0,935.7
-116.3,242.8,934.7
-159.5,237.6,939.7
-162.0,225.6,954.0
-176.6,209.3,939.8
-153.3,148.1,936.1
-105.3,88.1,957.9
-68.8,34.9,936.2
-37.8,-29.8,912.5
-58.1,-48.1,922.0
-75.1,-70.9,918.7
-69.1,-106.3,928.7
-88.4,-125.2,950.7
-74.3,-161.4,962.8
-63.3,-191.7,972.4
-83.1,-195.9,960.8
-91.7,-198.5,951.8
-114.1,-191.9,925.1
-135.0,-187.4,901.1
-121.7,-202.8,911.1
-103.7,-189.1,918.3
-61.9,-181.5,941.4
-27.8,-181.6,942.9
-40.4,-123.2,956.4
-24.0,-93.5,953.9
21.2,-91.5,931.9
46.8,-63.1,938.8
56.7,-37.1,951.3
41.9,11.3,973.9
59.0,17.9,989.6
86.9, 1.3,982.0
79.1,10.4,968.7
94.5, 5.1,979.2
139.7,-9.8,1006.0
141.4,-4.2,990.6
143.8,-0.5,983.8
149.3, 2.2,1006.5
137.9,16.7,1010.1
134.2,21.5,996.6
112.0,19.2,968.2
98.9,22.6,950.4
98.3,37.9,931.5
93.4,49.5,905.5
-,-,-
58.8,-133.3,976.3
59.0,-138.6,975.4
49.4,-145.4,964.7
45.9,-150.4,962.4
56.2,-144.8,970.7
84.2,-127.7,975.7
120.3,-109.3,973.7
154.8,-80.6,987.7
160.4,-23.7,1003.7
143.1,33.2,1003.6
132.8,60.6,961.0
115.2,93.4,911.8
101.1,126.2,902.7
95.7,151.4,873.1
81.7,197.2,883.0
69.1,248.8,915.4
53.7,280.9,905.4
20.5,318.2,916.3
35.3,342.8,926.2
53.1,329.5,928.2
19.2,324.8,934.3
 2.6,332.1,923.6
-32.3,308.0,912.7
-93.2,287.8,930.3
-111.8,257.2,964.9
-106.6,215.5,993.1
-96.7,195.2,1001.1
-92.4,167.4,960.1
-78.7,99.6,918.3
-40.8,32.9,926.2
-34.4, 4.9,937.6
-28.1,-39.9,938.8
-56.8,-64.0,950.2
-86.4,-75.2,950.4
-63.2,-118.1,941.3
-54.8,-168.5,951.5
-71.9,-197.7,937.2
-59.9,-207.6,947.1
-32.8,-222.4,960.9
-61.6,-186.0,930.4
-62.5,-155.2,940.0
-37.8,-162.5,934.9
-62.6,-117.3,928.3
-34.0,-98.0,933.2
34.5,-117.8,958.0
81.5,-118.5,1003.2
122.2,-137.3,998.3
88.3,-107.4,971.1
85.4,-87.7,973.4
87.5,-83.4,982.5
23.9,-31.7,977.0
64.9,-47.0,967.6
140.2,-97.0,962.8
148.9,-83.2,965.5
146.1,-58.6,953.7
129.2,-33.1,957.6
131.1,-8.8,982.7
162.3, 0.8,984.9
181.7,22.9,950.7
183.3,52.7,963.3
159.1,77.2,996.3
95.8,110.0,977.7
-,-,-
30.3,-96.2,996.7
21.3,-91.0,991.8
29.8,-102.7,1006.1
51.9,-120.9,1011.0
96.4,-154.1,955.8
142.6,-159.5,902.5
168.3,-107.9,900.4
209.2,-45.1,922.4
213.9,40.8,982.2
173.5,114.3,998.9
164.4,148.6,968.4
181.1,173.8,948.4
148.7,230.6,914.8
93.1,307.4,917.7
59.4,337.9,915.5
35.5,349.3,938.4
52.4,338.6,962.6
73.7,277.3,920.0
56.9,240.0,921.8
-10.1,242.3,925.8
-79.6,231.2,931.0
-79.3,195.1,959.5
-96.5,177.9,948.6
-105.5,152.3,957.0
-47.4,86.2,964.2
-23.8,37.4,960.3
-27.9,-4.4,962.2
10.5,-60.0,966.4
21.0,-75.8,959.3
-7.0,-68.3,956.2
 4.1,-83.1,957.7
 3.6,-98.0,956.4
-23.9,-105.5,958.1
-31.4,-127.7,962.0
-29.1,-153.8,957.9
-38.1,-174.0,949.3
-57.0,-166.6,942.0
-40.2,-174.4,935.9
-16.6,-185.3,923.2
-18.2,-168.1,944.3
13.3,-179.0,967.2
-6.9,-154.1,957.5
-4.7,-140.5,970.1
40.7,-148.5,976.7
51.1,-133.9,978.8
73.4,-127.1,980.9
77.8,-98.6,961.5
103.0,-94.8,966.2
95.1,-65.8,992.2
76.7,-28.5,1002.7
93.9,-39.9,981.5
49.5, 1.9,950.6
70.2,12.1,949.7
124.6, 4.4,948.4
118.8,25.7,951.0
112.7,41.8,974.4
89.1,70.3,965.4
111.2,59.2,969.5
126.8,44.5,985.0
97.1,59.4,962.6
87.7,65.9,960.2
65.5,76.4,946.8
-,-,-
30.8,-71.8,957.2
52.2,-81.7,971.6
58.8,-86.1,980.0
52.3,-92.4,980.1
65.3,-118.7,978.2
95.6,-135.7,980.8
135.2,-127.9,1000.8
156.7,-114.3,989.5
159.3,-85.5,955.0
170.2,-34.8,948.1
199.7,10.8,939.7
206.6,79.7,952.5
188.2,170.2,969.2
185.0,213.0,921.8
136.5,268.7,916.4
70.1,338.7,961.9
61.2,342.6,968.3
55.3,325.7,956.8
45.6,304.6,934.7
28.4,282.9,913.0
-13.1,263.3,894.5
-69.4,232.8,893.1
-117.1,234.3,909.2
-140.0,251.8,914.8
-145.6,233.0,917.0
-135.1,191.8,926.4
-122.2,152.2,927.5
-115.8,111.3,928.7
-90.3,55.6,933.9
-56.2, 2.9,938.1
-71.9,-26.1,933.2
-108.3,-38.6,936.0
-102.0,-66.5,945.7
-98.4,-91.9,967.5
-123.8,-112.9,1000.5
-143.4,-153.5,967.9
-124.8,-190.6,935.3
-42.7,-236.2,936.9
-24.7,-222.0,920.3
-46.5,-163.8,920.2
-0.0,-187.4,915.3
-15.6,-151.5,932.2
-3.1,-98.6,977.5
64.0,-97.9,982.2
77.7,-57.3,982.4
127.1,-35.5,991.1
178.0,-37.3,1003.2
165.6, 4.3,1001.1
170.9,37.9,984.2
191.8,47.2,1020.5
167.3,66.6,1024.3
138.2,88.4,980.7
143.2,83.2,964.4
124.0,95.5,966.8
105.0,106.5,971.9
112.5,102.2,955.5
109.7,118.2,952.5
82.9,137.5,929.8
58.8,158.7,910.4
-,-,-
68.1,-95.6,989.4
60.0,-84.1,979.7
78.7,-100.3,978.1
80.7,-99.3,967.5
97.4,-99.8,930.5
138.6,-74.0,940.6
167.3,-32.3,971.8
204.0,-12.9,967.1
236.3,28.1,991.2
224.8,72.9,990.1
201.0,109.4,943.2
186.8,126.9,934.1
158.1,142.0,918.9
114.6,183.0,927.7
76.4,215.8,941.3
62.7,231.6,938.2
46.6,240.1,945.8
10.8,258.3,944.2
-23.6,274.7,937.8
-56.4,234.5,902.6
-42.0,211.3,951.7
-91.1,245.7,988.4
-109.4,229.3,989.8
-51.0,169.6,962.7
-79.8,167.8,921.0
-80.3,146.2,925.7
-50.4,104.8,929.7
-53.5,68.4,929.5
-47.6,42.1,948.9
-47.5,22.1,946.2
-87.9,21.4,935.5
-104.8, 1.9,944.6
-91.7,-23.1,961.5
-94.8,-44.9,957.9
-118.5,-60.3,928.6
-98.8,-69.5,938.4
-35.9,-108.8,954.1
-43.2,-99.6,943.1
-25.1,-100.4,914.0
 0.1,-119.6,883.9
11.3,-93.1,908.3
107.1,-102.3,977.8
136.4,-66.9,1042.4
160.1,-48.9,1068.8
166.1,-30.5,1059.9
162.7,-3.6,1042.8
195.9,-16.0,1018.3
156.3,18.6,964.4
153.0,39.8,952.7
201.3,26.7,975.0
185.6,55.0,969.4
169.3,76.9,967.3
177.7,82.7,962.9
156.8,108.8,952.3
138.8,114.5,933.5
130.4,118.0,923.0
113.6,140.4,939.5
105.2,144.1,928.9
97.2,152.9,914.5
73.2,185.4,927.8
-,-,-
31.9,-111.0,972.6
50.9,-133.7,967.5
63.2,-145.4,968.5
93.1,-156.3,987.0
119.4,-156.7,990.3
154.2,-148.3,984.0
194.5,-124.4,973.6
190.1,-77.7,951.3
174.7,-37.8,911.6
185.9,33.7,908.2
199.4,129.6,944.8
199.1,184.8,963.4
145.6,255.4,958.2
121.8,293.1,919.6
124.7,295.8,909.2
63.6,324.4,933.9
58.7,322.9,947.6
70.7,301.4,934.5
-2.9,296.7,905.5
-29.0,258.3,903.6
-48.1,216.1,905.3
-103.3,189.8,915.8
-110.1,133.8,948.0
-116.0,104.9,985.9
-126.5,103.3,1026.5
-83.5,44.9,1050.3
-56.5,18.6,1018.3
-52.7,-11.9,951.6
-20.4,-72.6,923.3
-41.2,-89.4,917.3
-63.2,-98.5,905.2
-66.5,-107.7,901.5
-58.0,-125.2,916.4
-74.8,-118.1,950.3
-78.3,-122.8,978.9
-63.6,-131.4,975.0
-43.3,-131.1,982.7
 1.5,-157.0,978.9
 7.5,-154.1,966.4
 4.4,-154.4,924.2
-20.3,-121.5,861.8
35.6,-115.3,915.2
100.9,-111.0,992.7
101.6,-48.5,1030.6
123.6,-14.5,1042.4
107.8,29.9,1020.5
166.6,15.1,1008.8
206.3,-6.5,1007.2
179.9,13.7,980.9
192.3, 9.3,964.0
178.2,30.6,951.9
187.0,39.0,951.3
207.7,36.4,958.6
209.7,51.1,943.8
203.2,60.6,940.8
189.2,67.9,957.0
166.4,85.5,954.8
135.8,94.3,947.1
115.0,101.2,945.8
99.3,112.6,955.7
107.3,103.8,952.1
-,-,-
28.9,-179.5,996.2
36.0,-190.7,968.4
38.8,-182.9,961.0
58.6,-191.0,964.6
80.9,-193.7,983.1
99.6,-175.1,1048.0
140.9,-193.0,1057.4
155.8,-197.2,990.8
155.9,-153.4,900.4
136.0,-55.5,859.2
99.8,63.0,854.5
86.7,158.0,861.8
84.2,239.8,908.6
95.2,283.9,915.4
76.1,336.6,916.2
72.2,347.4,953.3
106.9,313.8,997.3
77.3,308.8,1019.8
79.9,258.9,1028.0
123.1,203.6,1023.3
50.7,212.6,945.0
-24.3,207.6,901.9
-49.5,190.4,898.7
-72.9,174.5,901.3
-71.2,121.1,957.0
-43.1,54.8,989.8
-36.0,43.5,978.4
-44.8,-1.2,971.7
-41.3,-54.9,973.3
-37.7,-80.1,964.9
-51.7,-105.9,938.3
-50.4,-134.5,923.2
-54.0,-151.5,907.8
-87.8,-128.1,903.3
-113.1,-126.3,922.2
-85.9,-167.3,939.0
-96.0,-169.9,936.1
-96.5,-172.3,940.1
-65.9,-189.8,954.5
-99.7,-159.5,942.4
-94.6,-152.4,946.2
-51.7,-178.6,933.6
-34.2,-179.1,920.8
12.5,-187.2,949.7
32.2,-183.8,964.7
 6.4,-137.1,947.4
28.8,-125.6,992.7
38.7,-108.9,1006.4
20.2,-52.3,973.4
62.6,-35.9,981.1
71.2,-11.0,963.8
61.6,25.3,960.3
115.5,20.7,969.7
122.1,40.6,966.0
130.5,51.3,960.7
146.6,56.8,952.9
146.1,63.7,951.6
149.0,69.1,972.0
116.3,91.6,990.1
84.4,92.6,987.0
76.2,78.6,977.6
69.9,58.8,951.2
68.7,57.6,956.4
63.0,62.7,978.0
-,-,-
78.8,-131.1,991.6
79.1,-134.9,993.3
80.2,-142.8,990.3
69.8,-157.0,998.7
89.0,-191.0,987.6
171.2,-219.7,974.2
239.4,-206.1,937.8
255.1,-132.7,914.4
262.8,-37.6,927.7
265.7,43.7,912.8
230.8,143.4,912.6
215.1,204.2,909.0
242.6,217.0,935.5
171.2,248.5,983.7
70.7,270.4,974.3
72.7,265.1,984.1
58.9,270.6,970.5
11.9,280.0,934.5
-21.0,249.0,913.0
-52.0,227.4,905.7
-69.3,222.3,919.9
-91.9,201.7,942.6
-119.2,182.3,959.7
-126.6,138.1,957.2
-106.5,91.8,952.3
-97.4,50.4,955.0
-66.1,-1.5,973.1
-35.8,-39.6,966.2
-43.9,-69.1,918.1
-62.1,-96.0,892.6
-59.2,-131.1,900.0
-127.1,-153.3,906.6
-156.9,-184.8,942.4
-146.3,-206.4,960.3
-161.6,-200.0,930.9
-108.4,-203.8,914.0
-39.4,-198.6,927.3
27.3,-229.7,923.9
43.4,-232.8,918.5
15.2,-180.6,958.6
31.1,-170.0,985.7
16.5,-145.2,1003.3
 7.7,-109.9,1002.3
49.3,-117.0,977.3
77.0,-117.4,979.1
121.9,-124.5,985.0
118.7,-101.4,974.0
63.1,-37.7,950.0
118.5,-29.7,942.9
158.4,-26.1,960.6
114.3,26.9,950.2
126.9,50.0,959.2
160.0,26.3,981.7
153.9,19.6,974.5
137.2,32.1,970.7
115.0,42.9,970.4
84.6,60.0,969.0
73.0,57.8,953.0
85.1,49.8,945.5
80.8,64.0,951.7
55.4,84.3,948.7
-,-,-
72.8,-115.7,983.5
66.3,-107.4,983.8
47.2,-104.1,975.4
51.6,-113.7,983.2
59.0,-133.7,995.0
96.3,-158.8,993.1
180.0,-181.9,975.0
234.7,-169.9,980.7
227.6,-107.0,971.5
191.9,-28.0,920.9
160.7,52.2,913.4
143.6,122.7,934.8
130.2,171.8,925.9
111.7,215.3,920.9
96.7,247.2,931.6
71.1,279.7,941.5
70.1,283.8,957.5
89.1,258.0,970.5
71.0,249.0,948.2
64.1,232.6,956.7
21.3,247.1,972.7
-29.0,232.3,934.7
-25.9,168.4,925.9
-48.5,162.4,957.1
-65.0,142.9,997.7
-73.5,102.8,1011.3
-104.1,76.7,988.6
-105.0,48.0,941.1
-136.5,43.9,901.1
-139.5,21.8,917.1
-80.8,-33.1,930.0
-102.6,-30.4,907.2
-125.1,-23.6,908.0
-104.8,-58.1,922.4
-111.7,-81.2,939.2
-112.3,-123.8,939.1
-92.4,-174.0,922.0
-99.2,-185.5,917.9
-107.0,-182.9,906.6
-62.2,-197.7,925.7
-8.5,-210.4,933.2
 9.8,-208.8,916.9
 7.3,-183.6,917.1
55.6,-177.2,943.4
134.3,-189.7,981.0
189.2,-190.9,994.3
225.3,-186.2,1012.4
191.3,-126.6,1003.8
220.9,-105.8,975.8
279.1,-112.0,955.9
234.8,-33.6,976.5
222.3, 9.6,1007.2
224.7,34.1,1007.9
198.0,61.9,994.7
175.2,73.6,974.5
148.7,85.0,965.7
138.9,87.5,952.5
126.8,94.4,943.3
136.7,83.3,919.1
146.4,80.6,904.3
-,-,-
53.5,-79.8,960.3
60.0,-84.6,968.0
70.2,-96.5,985.6
75.0,-102.1,993.7
88.0,-111.7,982.9
110.3,-114.1,980.7
152.6,-109.1,993.4
182.6,-89.5,981.0
215.3,-63.6,970.5
245.3,-21.9,973.0
268.6,14.8,946.1
272.3,48.4,938.1
231.3,95.2,944.9
179.8,143.7,940.6
122.7,174.7,923.2
101.5,195.3,930.1
99.4,235.2,947.7
82.4,263.5,941.6
78.4,276.2,960.1
49.8,291.8,969.7
12.3,285.9,934.2
-23.5,291.5,898.5
-95.1,284.0,877.6
-153.3,248.1,911.3
-167.8,218.3,937.2
-172.0,193.5,924.0
-135.8,155.6,920.6
-106.7,115.3,946.7
-108.1,89.2,973.5
-91.9,56.8,951.8
-81.8,20.7,929.0
-73.1, 2.1,926.8
-71.7,-17.3,912.5
-83.3,-23.3,924.5
-65.3,-43.2,963.3
-62.5,-77.0,974.0
-101.1,-64.0,972.5
-95.7,-83.0,960.2
-97.8,-104.7,932.7
-98.6,-114.2,897.3
-16.2,-170.1,888.4
31.8,-187.0,918.8
47.8,-166.2,952.6
91.1,-160.1,978.2
75.4,-113.2,996.7
61.2,-64.4,1013.1
129.4,-85.0,1049.2
114.3,-69.9,1026.0
80.1,-31.7,999.7
109.3,-39.9,977.9
102.3,-26.7,944.2
112.3,-32.4,950.4
121.5,-21.6,936.7
121.3, 7.5,944.2
184.3,-23.5,945.2
200.8,-24.0,943.7
185.2,-13.1,986.4
165.0,-3.9,979.0
141.9, 6.6,963.1
152.8, 2.3,980.9
143.1,21.2,957.7
123.0,47.5,942.0
-,-,-
-12.1,-100.6,928.8
 1.1,-110.8,962.4
55.7,-142.5,1010.7
93.8,-141.4,1018.9
160.0,-150.6,1013.9
241.6,-156.4,1002.1
240.4,-99.0,991.1
206.5,-31.9,973.8
195.2,17.6,942.5
213.6,64.9,952.5
231.5,93.7,950.2
216.7,117.5,917.3
201.3,160.5,912.5
189.8,200.1,908.3
188.1,229.9,926.9
176.1,236.8,962.7
147.5,242.1,981.5
109.1,245.5,988.7
70.7,223.7,947.3
 7.3,231.4,896.2
-45.8,206.7,926.5
-35.9,164.9,985.4
-59.4,179.6,982.5
-86.9,164.9,986.6
-79.8,126.0,958.9
-96.4,77.4,920.3
-94.1,33.5,926.7
-83.4,-10.1,928.7
-107.5,-41.8,931.5
-99.5,-54.0,928.3
-57.8,-113.3,919.6
-65.9,-136.6,936.0
-111.2,-100.8,943.2
-111.2,-105.2,925.8
-96.9,-120.6,917.5
-63.4,-150.2,902.9
-4.9,-187.1,925.5
44.9,-220.4,939.7
46.4,-210.5,939.4
30.7,-187.1,951.4
60.9,-209.4,909.6
73.0,-172.5,914.8
107.8,-129.8,995.9
174.3,-137.2,1023.1
163.8,-91.8,1015.1
157.8,-60.3,1035.4
198.4,-79.6,1015.1
192.9,-50.3,983.9
211.0,-48.5,964.2
231.4,-43.8,942.2
225.4,-13.0,951.3
235.6,-2.1,972.3
211.6,30.4,974.5
183.1,47.4,964.6
166.1,52.2,974.5
142.3,63.6,951.4
122.1,72.4,909.6
-,-,-
102.9,-106.2,984.5
106.4,-108.9,989.2
114.4,-122.8,1004.0
119.2,-131.8,1010.8
139.0,-142.1,1007.3
174.6,-157.5,997.5
188.7,-132.6,1000.8
198.5,-93.0,973.2
213.8,-34.9,949.4
203.9,47.2,955.5
211.0,92.9,940.9
214.5,137.5,944.3
190.6,170.8,925.2
173.1,188.6,887.7
136.3,227.1,898.1
95.4,259.2,919.2
117.1,258.7,943.5
100.3,237.1,965.5
54.4,237.7,970.2
12.5,262.7,947.8
-56.9,237.0,911.9
-82.0,206.5,918.0
-83.2,198.4,939.9
-81.9,194.1,962.1
-67.4,166.8,979.7
-58.2,109.0,964.3
-29.7,64.2,954.0
-37.0,55.3,948.5
-43.4,31.7,930.9
-30.9,-23.8,895.8
-60.6,-58.4,896.8
-71.6,-95.1,936.3
-54.1,-134.2,962.4
-65.3,-132.0,983.7
-88.2,-119.7,1001.1
-106.0,-109.1,982.8
-93.8,-107.5,969.2
-62.1,-127.4,949.6
-19.3,-172.8,913.5
22.6,-204.5,901.0
27.4,-192.5,913.2
16.8,-156.2,942.1
26.7,-127.0,976.1
63.8,-130.4,988.4
84.2,-135.3,979.5
113.7,-135.0,969.8
139.2,-125.3,964.9
151.3,-109.6,956.0
183.3,-107.7,969.3
189.6,-84.6,979.3
193.9,-52.9,979.5
235.3,-48.6,969.5
231.4,-36.7,942.6
207.3,-9.6,938.8
202.7,14.3,972.3
194.8,26.5,970.7
185.1,40.0,964.3
-,-,-
76.2,-106.7,982.2
82.8,-122.6,989.1
95.8,-145.1,982.4
113.6,-153.0,977.3
156.4,-166.7,981.6
229.7,-186.7,973.5
247.8,-135.1,978.1
232.3,-72.1,991.1
228.1,-28.2,973.0
193.7,59.2,966.3
183.0,95.3,914.0
192.9,108.6,879.5
147.3,198.6,912.5
91.4,257.2,917.8
69.6,282.6,949.1
24.9,322.9,973.5
-4.6,328.0,971.5
-15.4,317.5,952.3
-49.2,288.6,925.0
-73.5,254.4,926.5
-84.2,229.1,918.2
-100.0,192.4,908.6
-133.8,156.8,917.7
-148.6,116.6,919.4
-155.1,73.9,930.0
-163.9,42.1,923.2
-146.8, 4.5,905.4
-161.1,-19.4,898.9
-186.7,-13.3,892.0
-183.0,-19.7,879.1
-200.0,-26.5,876.7
-165.5,-53.9,914.4
-108.1,-89.5,966.0
-139.6,-68.7,975.6
-105.5,-75.2,977.9
-13.8,-140.4,979.6
-33.3,-140.7,944.8
-24.5,-145.4,914.5
38.8,-190.3,903.7
-4.8,-148.2,878.0
 7.6,-115.7,917.9
73.1,-122.7,1008.2
65.6,-83.8,1050.9
70.0,-64.5,1056.9
68.7,-60.0,1033.5
78.5,-61.6,1034.3
81.6,-68.2,1004.1
84.3,-69.5,960.4
114.8,-75.3,966.2
113.4,-52.2,957.8
104.3,-25.6,960.5
121.5,-28.8,950.0
120.5,-16.8,939.5
127.2,-10.2,954.6
121.6, 3.2,952.4
-,-,-
130.7,-60.5,1004.3
162.3,-69.8,1017.7
189.6,-77.5,1031.9
186.6,-65.4,1035.6
199.0,-63.8,1019.9
223.4,-54.7,997.1
238.1,-31.4,962.2
241.0,-10.6,924.9
233.7,30.7,927.4
202.2,81.8,895.3
188.5,118.9,872.3
177.0,173.4,900.1
155.5,231.3,880.9
112.1,290.5,886.7
51.3,346.5,944.6
35.0,368.1,985.0
27.9,359.1,990.3
 0.7,329.0,961.0
-37.1,292.0,915.5
-78.4,252.5,895.3
-110.5,241.0,888.5
-161.5,249.1,884.5
-167.0,227.8,928.0
-138.6,198.2,954.4
-145.0,182.6,940.9
-146.1,142.8,940.2
-133.9,98.5,941.2
-128.7,80.4,907.6
-163.8,68.3,881.2
-172.3,30.2,878.7
-130.6,-39.5,897.4
-125.3,-103.9,916.0
-133.9,-139.8,935.1
-116.5,-158.5,940.7
-98.1,-163.3,932.8
-74.3,-163.2,902.4
-13.3,-178.8,904.0
 8.1,-148.3,956.2
-1.1,-98.3,987.3
63.6,-98.6,1008.7
100.1,-94.2,1043.6
89.0,-56.5,1054.0
144.0,-69.6,1046.7
174.3,-82.2,1018.1
165.6,-66.0,985.4
189.5,-66.8,978.6
178.5,-49.5,951.1
167.6,-29.3,956.6
191.0,-32.3,980.5
186.9,-27.4,975.3
159.7,-16.6,967.6
134.5, 4.8,963.6
119.7,29.2,960.9
92.0,55.9,941.5
66.7,88.5,930.3
52.5,122.3,948.2
36.3,152.4,942.3
-,-,-
43.6,-101.8,962.3
51.4,-127.3,962.3
63.4,-137.0,969.4
66.9,-128.6,983.2
113.6,-153.7,991.0
170.3,-172.5,995.9
173.5,-144.8,991.8
185.7,-108.5,975.8
225.9,-87.6,976.1
258.8,-69.5,970.9
248.5,-17.9,944.6
227.7,51.1,937.3
232.7,107.9,924.0
221.9,162.7,916.7
187.5,217.4,915.3
137.1,263.4,896.3
92.6,291.0,899.3
60.1,310.1,911.5
48.1,327.9,920.9
57.1,299.4,949.3
67.1,243.1,969.0
46.1,228.6,962.6
-4.8,205.7,945.5
-36.5,171.9,949.7
-68.7,181.9,967.2
-111.1,149.2,981.7
-84.5,58.7,982.2
-51.5,26.2,958.5
-73.8,20.5,917.3
-121.4,24.3,918.9
-124.4,17.5,929.3
-104.7,-2.5,916.2
-90.0,-37.8,934.5
-68.1,-76.8,970.1
-54.3,-100.7,983.6
-73.5,-101.5,984.1
-112.3,-84.2,982.0
-103.3,-102.7,963.9
-113.6,-106.6,923.2
-133.0,-82.2,909.6
-83.1,-114.9,913.9
-79.6,-118.2,891.8
-90.9,-89.7,913.1
-44.1,-95.8,939.2
-32.0,-83.8,950.2
-28.9,-62.2,994.8
10.6,-70.0,983.1
19.7,-54.6,969.4
25.1,-41.2,974.0
65.9,-65.9,965.7
68.0,-52.8,958.6
77.1,-32.6,961.3
108.3,-37.5,985.2
111.7,-23.4,995.2
119.5,-5.9,988.9
148.0,-7.7,992.3
156.7,-3.0,997.6
128.7,27.2,983.0
122.1,49.5,987.0
144.6,46.8,979.1
114.7,75.9,952.3
-,-,-
38.4,-105.0,971.2
53.6,-125.4,974.9
71.3,-145.5,978.2
76.6,-147.6,983.2
87.7,-152.3,980.5
117.7,-165.6,986.2
177.2,-176.6,991.4
237.2,-180.8,956.7
245.3,-124.2,930.9
217.4,-27.1,930.7
223.5,47.6,937.1
264.7,97.0,972.0
272.7,129.1,981.1
195.3,196.7,952.0
111.3,256.2,937.1
61.2,254.8,925.1
30.0,248.1,941.3
17.4,242.4,951.7
 5.6,217.2,944.5
-24.4,198.7,940.2
-52.6,194.1,938.3
-42.1,174.9,953.3
-47.7,146.5,961.9
-68.4,130.7,957.8
-74.5,116.0,950.3
-81.9,99.6,940.9
-73.5,79.2,935.2
-64.6,35.0,938.4
-47.6,-4.0,942.2
-31.6,-23.8,935.6
-30.5,-60.0,926.4
-24.7,-93.3,929.2
-23.5,-100.3,942.9
-38.6,-103.5,958.9
-47.1,-104.0,983.0
-31.1,-114.0,1003.1
-28.2,-128.5,1007.3
-54.4,-135.9,994.7
-95.8,-130.0,977.6
-115.3,-136.0,939.6
-114.3,-146.8,904.5
-112.0,-150.0,904.0
-110.9,-141.8,915.9
-120.1,-111.3,900.6
-98.9,-90.6,901.0
-11.4,-126.0,948.7
38.5,-154.9,956.8
22.8,-117.7,972.0
55.8,-113.9,1005.9
32.4,-84.9,973.3
-12.2,-39.6,946.0
47.0,-73.1,937.8
80.7,-81.2,928.0
101.3,-75.8,963.9
121.0,-80.8,981.0
145.4,-80.2,976.9
190.1,-92.9,993.4
194.2,-83.7,981.1
181.9,-53.8,956.8
211.1,-47.9,961.9
235.7,-40.9,979.3
219.1,-8.0,979.5
203.0,12.0,963.5
184.0,41.7,955.5
153.2,77.9,958.0
138.5,91.5,950.3
141.3,128.4,954.4
-,-,-
105.2,-11.9,986.3
97.0,-16.7,986.0
101.0,-34.2,992.1
120.5,-61.3,996.4
137.5,-83.3,990.5
165.8,-97.1,982.8
176.2,-90.7,967.1
187.3,-77.4,949.8
207.3,-55.3,950.7
220.4,-19.5,939.3
251.7,18.6,918.5
278.7,67.6,949.8
262.5,126.2,948.2
259.5,162.8,884.4
258.2,198.8,890.1
187.7,243.4,943.1
120.8,284.2,985.8
64.3,315.7,1001.1
 6.5,340.2,986.1
-29.0,360.6,938.8
-50.4,355.2,891.7
-65.7,326.7,882.7
-115.7,302.8,893.9
-144.9,261.7,921.2
-146.0,224.9,923.5
-140.5,181.5,910.5
-112.7,129.9,916.9
-95.6,83.4,909.0
-82.9,40.7,917.8
-61.6, 4.9,955.8
-70.0,-9.0,976.5
-81.2,-26.7,972.5
-61.5,-83.1,968.1
-51.0,-124.2,964.8
-80.6,-153.0,951.8
-110.8,-183.3,933.9
-130.4,-189.0,929.3
-150.2,-181.1,914.7
-146.9,-170.2,908.3
-137.2,-154.0,918.6
-105.0,-153.0,917.6
-49.1,-145.9,920.7
-4.7,-141.2,936.4
 3.8,-105.3,954.2
21.3,-68.2,976.5
55.7,-57.4,1002.0
56.7,-41.2,1003.3
92.5,-58.0,989.0
162.8,-89.5,973.0
161.1,-68.5,961.9
146.0,-50.3,946.1
168.7,-41.2,933.6
154.5,-4.5,933.9
132.1,36.8,949.8
127.5,64.4,964.4
139.1,71.5,970.7
150.6,89.8,979.3
146.0,119.2,999.8
159.4,116.8,1005.7
167.3,107.5,985.4
160.8,94.1,958.0
167.6,75.7,953.8
163.6,76.9,956.9
149.9,84.2,947.5
135.2,104.4,949.2
-,-,-
40.9,-88.9,953.2
79.8,-106.0,981.5
112.4,-132.3,993.7
113.0,-126.6,992.6
109.1,-119.3,998.4
142.6,-123.6,993.0
167.6,-101.0,980.5
181.9,-76.4,956.8
195.9,-42.9,948.1
190.7,11.4,950.6
195.0,45.7,924.4
214.1,64.2,896.5
228.2,89.8,916.0
190.9,137.9,948.1
113.0,197.2,970.8
82.2,242.2,998.0
61.3,248.4,988.6
32.0,252.7,966.3
-9.9,274.4,955.9
-61.7,268.2,942.9
-107.7,250.0,936.6
-140.8,222.6,915.3
-166.5,176.2,901.9
-170.2,116.9,903.0
-155.2,59.8,914.9
-145.3,27.3,968.5
-104.0, 0.2,991.6
-96.6,-9.4,948.9
-141.5, 4.5,929.5
-157.3,14.7,926.8
-127.7, 3.5,926.8
-92.1,-30.5,936.2
-125.2,-39.7,935.2
-149.2,-56.1,948.7
-122.8,-111.4,959.1
-146.9,-127.8,957.1
-177.9,-111.6,950.2
-178.6,-113.3,914.3
-182.0,-100.1,893.3
-138.6,-126.1,901.8
-64.1,-170.2,910.4
-57.3,-149.8,939.9
-53.1,-128.9,942.5
-4.3,-122.7,958.9
 8.0,-89.0,1005.3
 8.7,-78.6,988.9
36.0,-99.9,958.1
14.2,-50.9,951.4
38.9,-23.5,970.0
119.7,-48.4,991.8
130.1,-14.1,990.6
155.5, 3.6,1010.4
174.2, 6.0,1016.3
126.1,38.1,973.8
135.3,28.8,959.4
157.4,24.5,962.3
156.7,36.5,966.3
151.2,41.0,980.1
125.0,53.5,975.0
115.2,49.8,962.7
103.0,48.2,954.7
78.7,56.6,947.6
91.5,50.7,950.4
-,-,-
111.9,-87.5,995.5
118.2,-100.6,1002.4
117.7,-100.5,1011.9
114.9,-98.0,1000.4
134.7,-108.6,969.9
146.1,-85.3,967.6
169.6,-63.7,954.3
205.0,-47.0,947.8
199.4, 7.9,964.0
193.9,38.6,924.5
227.8,56.9,904.5
235.1,112.3,937.1
189.5,171.8,939.4
190.2,199.2,945.2
197.0,208.2,915.4
144.0,269.7,890.9
89.8,362.8,925.8
48.5,412.2,959.7
 2.0,437.8,957.0
-55.3,423.5,938.3
-82.2,368.2,920.4
-102.9,311.7,889.1
-119.6,261.5,842.2
-151.5,253.4,838.2
-198.7,241.1,854.5
-203.0,213.3,876.3
-174.0,182.4,911.9
-145.2,137.6,925.0
-129.9,104.1,935.5
-105.2,53.3,939.3
-109.6,35.8,968.3
-128.1,35.6,984.5
-121.3, 1.5,972.7
-106.4,-24.3,997.4
-121.3,-42.1,988.8
-165.6,-34.1,947.6
-175.9,-40.3,928.5
-185.1,-42.8,908.2
-204.5,-22.9,884.0
-160.6,-50.5,868.2
-113.2,-87.7,868.0
-91.2,-88.5,891.9
-67.2,-76.3,905.8
-18.3,-76.9,932.9
25.4,-80.5,963.8
24.9,-54.3,974.3
34.8,-29.7,1015.0
76.2,-41.9,1028.5
87.6,-38.4,995.2
103.8,-23.5,988.8
143.7,-31.4,981.1
171.5,-34.7,989.7
166.8,-13.1,993.0
144.3, 2.2,978.3
127.2,20.7,972.5
121.2,40.6,963.4
151.7,30.9,959.3
141.9,46.9,962.2
125.6,72.9,982.0
156.1,57.6,970.9
153.8,59.3,944.4
111.8,93.9,941.5
81.9,115.3,929.1
-,-,-
109.3,-72.4,986.3
106.7,-70.3,994.1
111.1,-73.8,1002.5
114.9,-83.6,991.1
119.7,-88.8,983.5
134.6,-87.2,984.3
168.6,-79.8,979.6
187.6,-58.8,973.9
193.0,-49.6,938.6
211.0,-31.3,909.7
238.2,11.6,934.1
240.7,51.8,938.7
225.0,86.9,932.6
232.4,121.2,942.1
242.6,127.6,915.5
226.4,141.4,895.9
197.2,198.8,930.5
160.6,244.7,953.2
137.8,263.8,977.8
102.8,291.3,971.8
29.3,295.3,924.8
-8.0,257.5,893.3
-54.9,245.0,883.8
-99.0,218.1,919.8
-84.5,171.5,991.0
-82.0,160.1,1018.1
-92.9,134.8,1001.1
-78.6,87.2,976.6
-64.0,23.7,935.4
-54.1,-19.9,920.7
-67.5,-23.2,919.9
-97.9,-17.0,913.9
-106.1,-16.3,942.7
-106.0,-40.7,973.9
-128.0,-49.2,979.1
-116.2,-68.2,984.3
-125.8,-84.3,972.6
-150.4,-94.5,938.6
-104.1,-146.2,904.6
-73.5,-161.3,904.7
-45.2,-173.4,904.9
-7.2,-190.6,882.4
-24.6,-148.1,926.3
-5.9,-129.7,976.9
-14.7,-102.5,963.7
22.4,-116.7,981.4
81.8,-135.5,1001.7
61.4,-95.4,996.2
60.0,-88.0,993.2
64.6,-64.3,984.7
100.2,-59.6,993.7
134.2,-75.2,998.0
100.3,-35.4,977.5
115.4,-31.9,962.9
137.5,-25.5,965.9
135.2,-7.0,975.9
135.5, 1.2,975.5
111.9,44.4,983.2
95.2,63.9,954.6
-,-,-
52.6,-94.0,977.1
78.3,-91.7,986.5
86.5,-88.0,996.7
89.3,-78.1,1013.9
81.4,-66.1,1005.1
83.7,-63.5,1000.7
96.8,-66.0,1003.9
106.1,-67.8,989.5
106.7,-61.6,982.1
118.0,-78.6,960.5
131.7,-75.0,940.7
156.1,-51.7,960.3
187.7,-41.7,963.4
190.1, 0.1,961.1
190.9,37.6,960.7
190.6,61.3,918.2
148.4,123.9,898.5
78.6,171.1,908.1
54.2,171.1,924.2
63.5,165.5,946.0
54.6,157.9,936.0
31.8,174.3,921.9
-26.0,221.3,904.9
-81.1,251.1,877.5
-88.5,263.6,889.9
-118.6,266.5,908.0
-142.5,227.3,928.6
-113.4,148.7,987.6
-87.0,95.1,1015.6
-99.7,76.8,1001.9
-121.1,44.1,966.6
-105.4, 7.4,933.0
-79.6,-14.4,921.6
-81.3,-17.0,951.1
-70.0,-32.3,999.2
-62.5,-53.5,1021.6
-67.8,-78.0,1002.1
-52.7,-113.3,980.6
-65.3,-119.6,954.3
-52.6,-152.6,915.7
-4.2,-180.8,919.2
48.1,-198.3,930.2
85.8,-215.0,933.1
89.6,-180.0,960.4
119.3,-150.9,1001.1
116.2,-116.4,1020.7
92.0,-86.3,1014.6
129.9,-102.0,968.4
159.6,-105.8,962.9
160.7,-79.3,966.0
161.0,-60.1,953.4
175.3,-48.5,967.1
172.7,-19.1,952.6
157.4,22.0,948.8
169.5,30.0,961.5
168.9,44.8,946.3
140.2,85.6,961.6
125.3,89.5,963.6
-,-,-
88.6,-134.9,1010.7
124.7,-188.6,1019.9
150.6,-218.9,1028.5
172.8,-221.3,1011.8
214.1,-214.5,978.5
254.4,-175.1,956.4
270.5,-90.6,916.0
318.4,-16.1,865.9
368.9,72.7,880.0
373.4,172.7,905.9
315.3,259.2,894.9
190.0,350.2,908.3
80.7,388.0,947.3
16.9,387.8,963.0
-32.7,365.7,943.5
-72.3,317.8,941.2
-74.7,276.3,954.3
-72.3,238.4,932.8
-115.9,216.0,898.5
-180.1,209.8,883.7
-204.5,190.9,896.0
-166.8,156.6,908.5
-127.2,117.1,899.3
-115.3,104.5,904.7
-117.9,93.2,917.1
-98.4,50.3,930.1
-86.1,29.1,958.4
-89.2,16.2,967.3
-74.0,-13.8,977.8
-91.0,-40.3,978.1
-98.7,-88.7,963.4
-101.0,-121.3,963.6
-139.0,-120.9,953.0
-145.0,-121.7,943.5
-97.5,-165.7,924.3
-97.1,-168.9,902.8
-85.6,-157.2,910.8
-34.6,-180.9,912.2
-8.2,-162.6,962.6
-20.1,-104.5,1013.0
-44.9,-47.6,1009.1
-9.2,-45.7,992.2
17.7,-51.6,971.9
41.7,-41.2,960.4
73.3,-35.5,943.6
62.0,-4.2,945.6
62.2,20.6,950.2
82.7,31.5,955.6
122.8,26.4,966.4
147.8,23.8,972.8
166.0,23.0,980.0
186.6,18.7,979.5
168.2,42.5,973.1
145.5,69.0,964.0
142.0,91.9,968.7
120.9,122.7,971.3
-,-,-
90.0,-128.5,1032.9
128.6,-156.9,1014.8
139.6,-163.1,997.2
123.0,-149.7,996.0
116.6,-148.0,1007.9
149.0,-167.9,1000.6
200.5,-195.1,966.9
254.1,-218.1,954.1
288.0,-219.8,917.0
312.3,-169.5,893.6
320.3,-75.4,917.6
314.7, 9.8,897.7
303.7,111.9,901.2
257.3,223.5,913.3
194.5,327.8,893.1
140.4,412.2,912.1
91.9,427.3,941.1
41.6,386.5,962.6
-18.0,344.7,982.6
-72.0,312.1,977.5
-123.1,255.2,961.1
-135.1,204.6,951.1
-138.5,181.1,920.9
-159.1,154.8,917.3
-149.2,121.8,914.2
-113.8,75.8,901.6
-107.3,55.8,912.6
-117.8,44.8,911.2
-131.1,27.8,904.1
-146.1, 4.5,917.4
-140.8,-18.6,948.0
-105.4,-57.6,986.8
-123.3,-95.7,977.0
-176.1,-101.6,929.4
-154.1,-133.2,926.1
-134.3,-155.7,905.7
-155.5,-113.4,889.2
-68.9,-144.8,907.4
 3.4,-172.3,924.4
-7.7,-124.7,967.8
22.9,-103.1,989.2
45.2,-79.4,995.0
41.8,-46.9,1014.1
55.1,-44.9,1002.0
79.2,-41.5,992.2
134.0,-51.7,988.5
160.2,-53.8,965.3
134.6,-29.2,958.3
140.6,-12.7,946.0
188.5,-12.9,956.5
226.2,-18.6,965.6
221.4,-0.4,962.8
196.3,37.1,979.8
161.4,64.7,970.5
129.5,95.1,968.8
115.9,133.0,963.6
-,-,-
133.2,-116.1,999.7
143.6,-146.2,1000.0
154.3,-171.1,990.9
203.4,-205.9,974.3
249.5,-217.2,957.3
285.7,-190.1,944.6
316.4,-145.9,936.2
305.1,-61.5,957.2
276.5,26.3,965.0
262.2,74.8,932.0
234.0,128.5,909.2
190.2,193.7,908.7
139.6,250.9,910.6
107.2,297.0,923.1
93.3,312.7,938.4
56.2,303.6,956.1
37.8,295.4,978.1
26.4,289.0,960.1
-18.9,271.7,926.1
-58.7,229.7,913.3
-81.9,195.3,910.5
-88.4,166.5,933.2
-89.6,126.8,951.3
-101.3,92.6,949.4
-101.0,37.6,935.2
-86.8,-14.8,953.0
-98.6,-17.1,948.1
-134.2,-4.3,916.5
-137.1,-7.1,921.1
-121.5,-31.5,936.5
-133.2,-43.2,935.5
-150.3,-37.6,937.1
-124.9,-71.8,942.5
-107.8,-105.4,968.9
-107.8,-113.2,956.3
-53.7,-155.8,927.5
-14.9,-163.6,958.2
29.3,-163.7,985.2
77.7,-170.6,982.6
64.9,-116.4,993.8
99.3,-100.5,1016.5
104.9,-75.0,993.6
110.2,-40.8,966.9
180.9,-53.3,969.1
190.8,-20.1,967.1
216.3,-9.5,995.2
222.6, 6.2,991.1
202.6,42.3,978.6
230.3,46.2,990.5
219.4,65.1,978.1
202.0,73.3,960.3
179.7,84.9,946.8
127.9,126.0,948.4
76.0,174.1,956.6
-,-,-
158.3,-117.6,981.7
159.8,-126.5,984.1
158.4,-140.2,1000.0
175.1,-170.1,1010.5
198.3,-194.6,999.1
241.8,-203.9,981.9
275.4,-186.9,945.4
289.3,-132.0,916.9
310.9,-56.6,901.9
328.5,35.4,909.5
325.2,129.6,942.5
280.6,211.6,924.2
238.9,276.3,904.0
194.5,320.3,907.7
132.1,335.5,901.6
96.1,327.8,911.6
72.5,305.9,927.1
41.5,306.3,932.2
-6.1,308.6,921.4
-54.7,284.1,917.6
-83.7,238.4,940.7
-97.3,177.8,972.1
-90.4,137.0,985.7
-78.9,122.7,970.3
-71.0,86.0,942.6
-58.5,25.4,932.0
-61.7, 1.8,921.2
-80.5,-26.1,917.9
-130.8,-41.1,935.7
-161.6,-63.2,954.7
-144.9,-128.6,954.2
-166.4,-137.6,937.2
-174.6,-158.3,918.8
-156.0,-176.7,883.7
-126.3,-149.2,880.6
-32.1,-196.9,898.5
 8.4,-216.7,918.9
27.1,-184.9,968.0
79.8,-168.1,1001.9
100.0,-128.7,1022.2
130.6,-109.6,1009.4
150.2,-83.3,1002.0
177.8,-58.9,992.7
197.7,-38.9,962.5
204.5,-9.4,964.7
241.2, 7.0,966.5
273.8,23.1,958.6
293.5,27.7,983.1
269.2,59.7,998.5
198.5,123.8,972.1
126.7,166.3,920.7
-,-,-
133.7,-156.4,987.1
128.5,-164.6,996.6
131.3,-176.1,1020.7
151.7,-187.0,1038.3
181.4,-210.9,1011.3
202.5,-233.7,982.6
253.8,-262.7,958.9
298.9,-226.3,928.2
298.9,-110.5,908.2
319.9,-3.5,882.5
321.0,107.1,891.7
255.8,222.7,922.1
196.9,285.9,904.6
145.0,323.5,912.9
86.0,344.6,948.1
48.6,326.1,961.2
30.1,292.1,989.1
-8.2,262.8,1008.7
-68.9,231.3,992.0
-110.2,197.5,957.6
-130.2,155.0,927.7
-159.5,125.4,906.3
-163.3,94.6,891.3
-147.7,65.7,877.6
-144.5,48.8,895.9
-132.6,33.0,920.8
-122.1,13.1,916.3
-109.9,-15.2,937.4
-101.2,-40.0,959.8
-83.5,-74.9,970.6
-100.2,-92.2,973.2
-113.2,-116.5,957.2
-102.2,-153.5,958.9
-138.9,-158.1,936.9
-136.2,-167.8,909.7
-109.1,-180.0,914.5
-97.7,-174.4,893.8
-57.8,-169.7,904.0
-49.2,-147.6,923.1
-53.5,-98.9,926.2
12.3,-95.8,951.4
29.6,-85.1,961.4
-2.6,-22.8,977.7
35.6,-2.9,1011.2
71.6,-15.1,1012.0
82.7,-9.9,979.5
131.1,-29.9,957.3
181.9,-60.8,932.8
221.7,-74.9,957.5
229.2,-81.8,989.8
211.1,-67.3,977.1
236.3,-75.1,981.5
264.3,-92.4,986.3
233.3,-55.4,984.4
221.5,-27.9,971.6
222.9,-13.9,951.4
197.8,21.1,941.6
-,-,-
110.4,-121.9,966.9
114.5,-133.3,974.4
107.5,-141.3,995.6
92.0,-168.2,1028.3
104.3,-226.1,1030.6
179.4,-289.8,983.4
262.9,-306.9,921.4
308.6,-260.6,885.7
331.5,-169.6,864.9
386.0,-73.2,855.8
407.0,45.2,868.3
368.4,178.4,900.3
340.6,269.0,936.3
278.1,334.7,948.5
207.5,360.2,959.1
138.7,337.3,976.6
89.2,302.7,985.9
44.0,281.2,981.3
-13.3,266.7,963.1
-43.0,236.3,949.0
-60.0,195.8,943.4
-67.0,165.2,939.1
-81.9,133.5,945.7
-98.0,108.7,946.6
-103.9,91.0,928.3
-93.7,51.7,909.7
-73.3, 9.1,892.2
-76.1,-13.0,898.4
-97.0,-20.7,902.1
-102.9,-24.0,919.0
-78.1,-38.4,960.4
-53.4,-52.9,988.7
-49.5,-67.4,1005.6
-61.1,-87.5,1005.2
-131.1,-60.2,969.5
-174.0,-59.6,956.1
-146.2,-102.0,947.2
-105.6,-136.3,926.0
-41.5,-196.0,902.4
-14.5,-207.6,882.5
-16.2,-171.7,898.0
21.0,-154.5,916.4
31.6,-118.3,954.8
36.6,-88.7,974.8
79.3,-83.9,983.2
116.3,-70.7,1002.0
131.5,-75.5,993.2
121.8,-57.2,979.1
123.6,-30.5,986.1
164.6,-51.6,977.0
170.5,-50.1,976.8
170.2,-32.8,982.2
193.4,-54.2,957.6
191.3,-54.0,954.3
161.8,-27.0,961.6
151.9,-5.8,952.9
139.4,25.3,964.8
99.2,55.0,961.3
86.3,72.0,966.0
-,-,-
143.1,-133.0,986.0
137.7,-127.4,994.7
128.3,-113.4,994.3
121.4,-120.8,988.4
118.3,-147.2,1005.9
124.3,-182.0,1016.8
153.2,-228.6,1000.6
163.7,-258.2,973.1
188.9,-217.5,962.4
276.2,-160.3,962.4
367.5,-131.8,904.9
402.6,-51.9,866.1
372.3,70.8,853.4
323.2,180.4,862.8
268.5,280.6,906.0
174.9,366.0,899.7
96.6,403.3,898.7
64.1,382.5,933.8
47.3,357.1,981.4
31.3,335.0,988.6
26.3,269.4,948.5
 5.0,217.7,955.5
-35.5,212.7,965.4
-93.6,223.2,939.2
-139.2,215.1,953.5
-141.0,186.9,964.9
-108.3,132.2,953.7
-86.2,89.4,929.1
-79.7,58.0,898.9
-66.0,21.9,893.6
-80.1, 1.1,896.5
-103.1,-10.5,924.2
-101.0,-28.8,957.2
-91.9,-48.5,993.8
-81.4,-78.5,1034.9
-99.8,-98.7,1009.0
-152.2,-83.4,943.4
-159.6,-96.0,910.1
-135.5,-113.9,886.7
-98.7,-127.1,876.7
-32.3,-166.2,904.4
-5.4,-162.2,921.8
-6.1,-129.1,943.9
34.3,-134.1,974.9
45.6,-115.4,989.6
51.5,-85.2,999.5
79.7,-83.1,990.9
105.3,-80.4,972.1
142.7,-86.1,964.9
156.1,-78.1,958.8
181.6,-79.0,960.0
210.3,-79.4,961.0
213.5,-58.3,947.8
220.2,-35.9,945.2
207.9,-1.1,953.9
-,-,-
117.0,-161.9,1016.7
104.0,-186.5,1015.2
108.9,-197.9,997.6
161.5,-217.5,986.7
213.9,-222.8,985.1
250.8,-213.3,973.6
281.4,-181.5,939.8
309.7,-100.7,913.0
347.8,-19.1,895.9
372.5,78.9,887.1
337.2,195.0,872.4
292.3,295.0,886.1
246.1,368.6,907.2
187.6,403.9,915.8
150.8,396.7,958.9
120.2,350.2,990.5
92.3,304.8,982.9
59.9,257.3,961.1
12.2,224.9,951.4
-67.8,232.0,952.9
-128.1,222.5,943.7
-131.6,181.1,948.2
-142.3,130.3,910.4
-126.3,86.6,884.0
-99.4,69.0,911.1
-85.9,35.4,921.3
-91.9,14.1,945.3
-111.9,-0.3,952.1
-95.0,-51.3,945.7
-73.9,-103.6,960.7
-97.6,-131.0,944.8
-114.2,-151.5,928.2
-80.0,-195.5,921.0
-74.3,-199.8,902.9
-38.8,-207.6,894.9
11.1,-226.4,912.0
-16.6,-171.7,935.4
13.7,-133.0,968.2
91.3,-128.3,1001.3
119.0,-97.8,1015.5
185.6,-95.8,998.6
253.3,-108.1,984.2
254.4,-85.4,983.4
251.4,-62.8,971.4
216.1,-22.5,972.9
183.6, 4.0,979.6
204.6,-13.3,951.3
211.6,-15.9,948.0
216.1,-17.5,951.7
229.2,-15.8,942.5
236.3,-0.0,952.9
225.1,26.7,961.1
188.2,76.5,946.9
150.3,130.3,943.1
