-,-,-
842.9, 6.3,511.1
938.1,79.4,379.4
1122.2,74.6,403.2
1241.3,73.0,407.9
1242.9,130.2,433.3
1169.8,155.6,479.4
1022.2,203.2,479.4
868.3,185.7,466.7
765.1,173.0,463.5
707.9,154.0,507.9
642.9,133.3,554.0
615.9,33.3,561.9
614.3,-42.9,606.3
512.7,-27.0,690.5
385.7,-3.2,811.1
263.5, 7.9,920.6
200.0, 0.0,992.1
149.2, 3.2,1096.8
54.0,47.6,1200.0
47.6,77.8,1347.6
47.6,150.8,1498.4
54.0,225.4,1620.6
107.9,261.9,1760.3
154.0,312.7,1833.3
134.9,355.6,1860.3
82.5,379.4,1850.8
47.6,401.6,1803.2
22.2,387.3,1723.8
25.4,336.5,1581.0
82.5,258.7,1452.4
158.7,204.8,1352.4
207.9,149.2,1268.3
227.0,171.4,1200.0
249.2,174.6,1138.1
261.9,174.6,1050.8
301.6,133.3,960.3
311.1,122.2,611.1
300.0,127.0,717.5
307.9,122.2,639.7
360.3,81.0,560.3
461.9,31.7,441.3
606.3, 0.0,365.1
784.1,-46.0,331.7
917.5,-68.3,314.3
992.1,-46.0,327.0
1022.2,-47.6,314.3
1041.3,-47.6,303.2
998.4,-46.0,284.1
946.0,19.0,350.8
868.3,84.1,414.3
787.3,147.6,465.1
739.7,134.9,436.5
788.9,107.9,431.7
887.3,103.2,431.7
966.7,98.4,481.0
-,-,-
1169.8,330.2,511.1
1192.1,412.7,387.3
1173.0,431.7,358.7
1149.2,385.7,274.6
1165.1,281.0,161.9
1192.1,149.2,73.0
1220.6,30.2,27.0
1173.0,19.0,-171.4
1041.3,28.6,103.2
841.3,74.6,203.2
688.9,101.6,301.6
585.7,76.2,406.3
557.1,69.8,528.6
512.7,30.2,606.3
463.5, 7.9,687.3
404.8,22.2,768.3
333.3,52.4,912.7
258.7,250.8,1193.7
173.0,503.2,1531.7
131.7,639.7,1776.2
184.1,665.1,1849.2
207.9,636.5,1828.6
198.4,657.1,1801.6
157.1,614.3,1781.0
101.6,592.1,1750.8
54.0,539.7,1682.5
49.2,490.5,1600.0
57.1,457.1,1525.4
85.7,388.9,1425.4
74.6,358.7,1344.4
57.1,350.8,914.3
50.8,311.1,1247.6
111.1,258.7,1127.0
198.4,303.2,1144.4
-171.4,331.7,1123.8
185.7,306.3,1042.9
185.7,254.0,895.2
173.0,227.0,973.0
107.9,249.2,687.3
 6.3,328.6,611.1
-120.6,377.8,485.7
-158.7,438.1,358.7
27.0,454.0,181.0
807.9,-3.2,-92.1
1747.6,-531.7,-152.4
2207.9,-536.5,69.8
1901.6,-177.8,336.5
1344.4,181.0,506.3
946.0,301.6,409.5
792.1,227.0,236.5
834.9,71.4,57.1
858.7,-54.0,-98.4
-,-,-
1322.2,200.0,363.5
1446.0,147.6,158.7
1476.2,150.8,173.0
1395.2,233.3,225.4
1227.0,331.7,303.2
1066.7,377.8,352.4
960.3,357.1,352.4
911.1,250.8,312.7
865.1,134.9,287.3
815.9,54.0,260.3
733.3,-1.6,258.7
661.9,-54.0,282.5
606.3,-93.7,377.8
479.4,-71.4,514.3
328.6,-27.0,709.5
184.1,25.4,917.5
82.5,31.7,1066.7
79.4,31.7,1166.7
127.0,154.0,1346.0
236.5,274.6,1555.6
407.9,331.7,1747.6
438.1,428.6,1834.9
336.5,515.9,1911.1
225.4,561.9,1903.2
149.2,512.7,1833.3
100.0,454.0,1733.3
100.0,415.9,1674.6
109.5,385.7,1623.8
201.6,355.6,1579.4
281.0,331.7,1501.6
327.0,304.8,1428.6
311.1,304.8,1350.8
281.0,328.6,1274.6
223.8,331.7,1177.8
177.8,360.3,1173.0
204.8,336.5,1071.4
273.0,334.9,1038.1
306.3,314.3,984.1
382.5,258.7,871.4
407.9,211.1,758.7
355.6,231.7,658.7
252.4,281.0,539.7
152.4,304.8,414.3
198.4,304.8,223.8
536.5,77.8,22.2
1063.5,-177.8,-92.1
1496.8,-250.8,22.2
1571.4,-101.6,228.6
1419.0,55.6,352.4
1141.3,79.4,255.6
1039.7,-22.2,103.2
1038.1,-104.8,-52.4
973.0,-196.8,-171.4
-,-,-
1193.7,363.5,463.5
1092.1,304.8,274.6
1017.5,200.0,133.3
996.8,100.0,79.4
1019.0,58.7,147.6
919.0,77.8,231.7
815.9,100.0,325.4
692.1,81.0,439.7
639.7,82.5,579.4
531.7,81.0,719.0
411.1,74.6,836.5
331.7, 0.0,844.4
277.8,-74.6,838.1
276.2,22.2,893.7
274.6, 3.2,987.3
303.2,30.2,1100.0
311.1,177.8,1355.6
276.2,303.2,1573.0
252.4,363.5,1706.3
234.9,376.2,1774.6
258.7,404.8,1800.0
284.1,406.3,1827.0
298.4,436.5,1827.0
282.5,454.0,1803.2
276.2,439.7,1750.8
276.2,436.5,1677.8
309.5,406.3,1581.0
277.8,382.5,1473.0
434.9,363.5,1377.8
185.7,363.5,1292.1
131.7,377.8,1192.1
81.0,358.7,1074.6
54.0,361.9,990.5
149.2,350.8,919.0
284.1,328.6,861.9
360.3,304.8,761.9
404.8,257.1,634.9
415.9,231.7,507.9
414.3,254.0,407.9
382.5,306.3,568.3
357.1,361.9,284.1
355.6,434.9,233.3
534.9,279.4,25.4
1012.7,-120.6,-247.6
1506.3,-350.8,-306.3
-,-,-
990.5,458.7,636.5
936.5,465.1,479.4
1042.9,365.1,406.3
1222.2,252.4,327.0
1398.4,128.6,252.4
1325.4,50.8,233.3
1317.5,81.0,276.2
1088.9,128.6,306.3
912.7,76.2,281.0
761.9,30.2,276.2
634.9,-44.4,211.1
536.5,-96.8,250.8
512.7,-69.8,334.9
492.1,30.2,514.3
454.0,-23.8,714.3
357.1,23.8,884.1
258.7,27.0,1044.4
184.1,28.6,1122.2
130.2,52.4,1201.6
98.4,76.2,1273.0
104.8,107.9,1373.0
179.4,174.6,1528.6
274.6,258.7,1706.3
301.6,382.5,1879.4
281.0,485.7,1982.5
225.4,514.3,1963.5
136.5,460.3,1877.8
98.4,409.5,1754.0
47.6,428.6,1646.0
28.6,381.0,1546.0
131.7,312.7,1452.4
281.0,258.7,1398.4
361.9,257.1,1349.2
339.7,255.6,1268.3
225.4,288.9,1149.2
109.5,282.5,1012.7
 3.2,249.2,861.9
-22.2,233.3,758.7
84.1,234.9,688.9
412.7,128.6,614.3
787.3,-1.6,566.7
1015.9,-42.9,561.9
990.5, 6.3,541.3
807.9,55.6,457.1
604.8,103.2,336.5
433.3,128.6,231.7
406.3,201.6,181.0
684.1,79.4,100.0
1247.6,-203.2,-4.8
1649.2,-304.8,31.7
1684.1,-309.5,95.2
-,-,-
1122.2,228.6,182.5
1242.9,127.0,55.6
1250.8,101.6,28.6
1141.3,104.8,49.2
922.2,147.6,125.4
809.5,179.4,250.8
738.1,177.8,407.9
668.3,71.4,555.6
490.5,-19.0,661.9
357.1,-144.4,755.6
287.3,-249.2,807.9
234.9,-277.8,842.9
309.5,-333.3,919.0
461.9,-304.8,1042.9
465.1,-195.2,1203.2
482.5,-71.4,1403.2
409.5,25.4,1569.8
311.1,77.8,1682.5
282.5,76.2,1781.0
287.3,77.8,1833.3
276.2,130.2,1879.4
279.4,133.3,1888.9
282.5,173.0,1881.0
230.2,223.8,1850.8
174.6,254.0,1758.7
206.3,249.2,1655.6
282.5,223.8,1554.0
387.3,174.6,1452.4
455.6,179.4,1379.4
385.7,225.4,1327.0
279.4,261.9,1247.6
187.3,279.4,1146.0
109.5,301.6,1047.6
104.8,303.2,958.7
330.2,277.8,866.7
230.2,258.7,795.2
377.8,209.5,707.9
587.3,134.9,606.3
661.9,150.8,582.5
692.1,176.2,512.7
655.6,128.6,361.9
609.5,52.4,204.8
536.5, 6.3,77.8
536.5,25.4,30.2
688.9,30.2,46.0
968.3,-74.6,-22.2
-,-,-
1122.2,255.6,611.1
1120.6,276.2,534.9
1076.2,303.2,490.5
942.9,312.7,414.3
911.1,287.3,360.3
984.1,204.8,325.4
1025.4,174.6,304.8
1049.2,157.1,311.1
1041.3,152.4,357.1
988.9,127.0,363.5
941.3,81.0,339.7
861.9,28.6,327.0
806.3,-49.2,328.6
741.3,-22.2,404.8
666.7, 3.2,538.1
560.3,22.2,633.3
455.6,-3.2,666.7
411.1,-54.0,692.1
387.3,-81.0,761.9
377.8,-81.0,896.8
339.7,-20.6,1076.2
307.9,77.8,1265.1
285.7,157.1,1420.6
250.8,230.2,1520.6
254.0,260.3,1627.0
284.1,330.2,1760.3
306.3,376.2,1903.2
304.8,379.4,1954.0
276.2,325.4,1904.8
233.3,231.7,1782.5
154.0,177.8,1631.7
150.8,125.4,1501.6
177.8,100.0,1398.4
184.1,104.8,1323.8
184.1,107.9,1252.4
181.0,122.2,1196.8
157.1,100.0,1117.5
123.8,101.6,1014.3
82.5,60.3,896.8
130.2,30.2,795.2
333.3,-95.2,663.5
615.9,-231.7,582.5
709.5,-201.6,566.7
609.5,-98.4,577.8
479.4, 0.0,530.2
384.1,82.5,488.9
361.9,130.2,460.3
428.6,149.2,428.6
579.4,123.8,365.1
788.9,76.2,309.5
1065.1,-103.2,207.9
1401.6,-306.3,127.0
1546.0,-281.0,182.5
1341.3,-195.2,250.8
-,-,-
1501.6,157.1,185.7
1552.4,123.8,82.5
1396.8,260.3,160.3
1076.2,387.3,254.0
838.1,438.1,304.8
661.9,355.6,304.8
634.9,274.6,388.9
636.5,107.9,333.3
633.3,-1.6,387.3
536.5,-127.0,454.0
414.3,-149.2,581.0
303.2,-173.0,712.7
206.3,-173.0,815.9
179.4,-147.6,934.9
209.5,-131.7,1044.4
203.2,-130.2,1144.4
182.5,-98.4,1274.6
196.8,-54.0,1379.4
249.2,-4.8,1500.0
304.8,76.2,1627.0
352.4,182.5,1752.4
365.1,254.0,1831.7
403.2,260.3,1882.5
361.9,381.0,1925.4
300.0,365.1,1849.2
254.0,357.1,1752.4
225.4,355.6,1655.6
250.8,331.7,1554.0
255.6,303.2,1455.6
301.6,304.8,1379.4
352.4,277.8,1290.5
355.6,258.7,1198.4
312.7,281.0,1125.4
252.4,331.7,1090.5
201.6,333.3,965.1
276.2,277.8,811.1
357.1,211.1,687.3
452.4,174.6,614.3
482.5,158.7,581.0
431.7,206.3,530.2
354.0,231.7,434.9
404.8,149.2,255.6
565.1,31.7,73.0
766.7,-27.0, 0.0
971.4,-93.7, 0.0
1201.6,-152.4,27.0
1304.8,-133.3,100.0
-,-,-
866.7,284.1,352.4
846.0,184.1,255.6
841.3,109.5,300.0
911.1,25.4,339.7
814.3,-49.2,384.1
706.3,-49.2,484.1
517.5,-95.2,534.9
357.1,-100.0,588.9
257.1,-93.7,692.1
249.2,-52.4,841.3
277.8,-47.6,966.7
307.9,-54.0,1115.9
307.9,-25.4,1325.4
257.1,23.8,1522.2
211.1,101.6,1700.0
176.2,177.8,1828.6
136.5,212.7,1884.1
128.6,231.7,1904.8
125.4,279.4,1938.1
85.7,374.6,1982.5
33.3,406.3,1954.0
20.6,377.8,1834.9
57.1,304.8,1682.5
150.8,233.3,1557.1
206.3,204.8,1449.2
231.7,206.3,1377.8
204.8,231.7,1296.8
147.6,257.1,1200.0
74.6,274.6,1112.7
-19.0,277.8,995.2
-44.4,328.6,944.4
30.2,311.1,885.7
307.9,185.7,761.9
606.3,58.7,663.5
712.7,55.6,606.3
658.7,131.7,536.5
504.8,203.2,438.1
411.1,204.8,300.0
415.9,128.6,103.2
612.7, 3.2,-73.0
768.3,-119.0,-123.8
1300.0,-195.2,-55.6
1547.6,-142.9,127.0
1468.3,-4.8,307.9
1298.4,47.6,339.7
1173.0,-57.1,236.5
1092.1,-176.2,128.6
-,-,-
869.8,260.3,361.9
792.1,273.0,282.5
769.8,236.5,309.5
820.6,155.6,331.7
861.9,85.7,349.2
842.9,-17.5,338.1
765.1,-19.0,365.1
611.1,-4.8,454.0
461.9,23.8,533.3
384.1,49.2,684.1
354.0,58.7,836.5
377.8,47.6,965.1
406.3,22.2,1044.4
434.9, 4.8,1119.0
460.3,-1.6,1192.1
403.2, 3.2,1247.6
327.0, 4.8,1273.0
257.1,49.2,1298.4
227.0,76.2,1328.6
225.4,106.3,1398.4
252.4,152.4,1496.8
255.6,181.0,1581.0
252.4,201.6,1647.6
255.6,200.0,1674.6
228.6,223.8,1674.6
160.3,276.2,1652.4
125.4,336.5,1650.8
128.6,354.0,1601.6
206.3,285.7,1477.8
277.8,227.0,1347.6
331.7,185.7,1268.3
330.2,184.1,1273.0
327.0,184.1,1117.5
325.4,200.0,1063.5
301.6,209.5,1014.3
304.8,231.7,969.8
325.4,209.5,911.1
430.2,133.3,796.8
557.1,52.4,688.9
631.7,57.1,661.9
641.3,109.5,660.3
614.3,152.4,615.9
666.7,127.0,533.3
771.4,31.7,415.9
838.1, 0.0,357.1
833.3, 0.0,307.9
785.7,23.8,254.0
761.9,-19.0,149.2
765.1,-79.4,47.6
917.5,-130.2,30.2
1144.4,-227.0,25.4
-,-,-
1096.8,203.2,384.1
1019.0,155.6,211.1
966.7,133.3,152.4
938.1,82.5,125.4
963.5,47.6,158.7
958.7,25.4,209.5
861.9, 6.3,258.7
739.7,-23.8,300.0
631.7,-47.6,352.4
512.7,-46.0,412.7
412.7,-55.6,485.7
349.2,-71.4,630.2
261.9,-27.0,792.1
203.2,25.4,987.3
131.7,81.0,1152.4
152.4,130.2,1323.8
184.1,154.0,1441.3
238.1,174.6,1546.0
277.8,234.9,1655.6
279.4,309.5,1782.5
287.3,361.9,1876.2
288.9,385.7,1907.9
304.8,379.4,1906.3
282.5,382.5,1874.6
260.3,354.0,1782.5
261.9,331.7,1660.3
258.7,306.3,1546.0
252.4,306.3,1444.4
231.7,301.6,1368.3
231.7,273.0,1276.2
257.1,200.0,1147.6
336.5,104.8,1012.7
381.0,49.2,922.2
436.5,58.7,893.7
465.1,96.8,888.9
487.3,106.3,842.9
484.1,101.6,758.7
463.5,81.0,644.4
409.5,79.4,485.7
360.3,82.5,433.3
406.3,103.2,365.1
531.7,76.2,287.3
734.9,55.6,260.3
934.9,71.4,277.8
1098.4,34.9,257.1
1174.6,-17.5,207.9
1115.9,-50.8,147.6
1036.5,-77.8,79.4
1019.0,-146.0,25.4
1046.0,-150.8,57.1
1098.4,-152.4,106.3
1222.2,-179.4,179.4
-,-,-
1063.5,150.8,428.6
841.3,152.4,258.7
720.6,122.2,204.8
785.7,27.0,157.1
914.3,-54.0,134.9
944.4,-95.2,150.8
871.4,-117.5,158.7
758.7,-103.2,201.6
579.4,-77.8,273.0
433.3,-52.4,384.1
360.3,-46.0,558.7
328.6,20.6,782.5
312.7,46.0,944.4
338.1,28.6,1073.0
407.9,104.8,1269.8
436.5,198.4,1495.2
430.2,307.9,1681.0
358.7,407.9,1834.9
285.7,461.9,1931.7
231.7,458.7,1911.1
231.7,439.7,1909.5
247.6,414.3,1877.8
255.6,411.1,1928.6
227.0,414.3,1881.0
177.8,407.9,1798.4
174.6,384.1,1700.0
198.4,355.6,1577.8
203.2,303.2,1473.0
228.6,306.3,1381.0
228.6,257.1,1269.8
209.5,200.0,1120.6
255.6,131.7,1015.9
277.8,128.6,947.6
354.0,130.2,912.7
387.3,125.4,846.0
385.7,98.4,741.3
358.7,46.0,585.7
385.7,-20.6,454.0
434.9,-28.6,385.7
565.1,-77.8,314.3
766.7,-57.1,307.9
915.9,-50.8,327.0
985.7,-28.6,263.5
987.3,-41.3,203.2
993.7,-71.4,134.9
1038.1,-150.8,27.0
1147.6,-273.0,-25.4
1192.1,-274.6,-4.8
1088.9,-222.2,25.4
-,-,-
1144.4,149.2,377.8
992.1,55.6,250.8
888.9, 6.3,198.4
792.1,-47.6,179.4
739.7,-96.8,227.0
684.1,-96.8,338.1
593.7,-81.0,482.5
530.2,-104.8,661.9
455.6,-149.2,739.7
381.0,-196.8,814.3
333.3,-249.2,866.7
311.1,-249.2,947.6
327.0,-209.5,1046.0
387.3,-177.8,1147.6
433.3,-81.0,1273.0
406.3,22.2,1427.0
339.7,84.1,1519.0
327.0,174.6,1647.6
287.3,19.0,1707.9
300.0,176.2,1701.6
276.2,157.1,1677.8
234.9,149.2,1658.7
201.6,176.2,1649.2
133.3,209.5,1619.0
152.4,185.7,1531.7
230.2,174.6,1471.4
236.5,200.0,1428.6
233.3,207.9,1393.7
249.2,187.3,1323.8
209.5,177.8,1223.8
177.8,177.8,1168.3
133.3,160.3,1096.8
176.2,152.4,1036.5
206.3,131.7,963.5
282.5,103.2,893.7
411.1,57.1,842.9
512.7,81.0,833.3
530.2,123.8,793.7
482.5,154.0,734.9
377.8,174.6,634.9
388.9,150.8,481.0
438.1,98.4,303.2
684.1,-73.0,76.2
996.8,-196.8,-47.6
1227.0,-225.4,-20.6
1249.2,-147.6,74.6
1144.4,-47.6,128.6
1061.9,-49.2,101.6
961.9,-95.2,77.8
-,-,-
758.7,312.7,414.3
617.5,252.4,325.4
607.9,154.0,284.1
736.5,49.2,284.1
866.7,-73.0,325.4
842.9,-103.2,385.7
657.1,-49.2,488.9
458.7, 0.0,617.5
358.7,28.6,742.9
312.7,52.4,868.3
312.7,27.0,973.0
360.3,-19.0,1066.7
360.3,-3.2,1152.4
312.7,55.6,1266.7
282.5,149.2,1369.8
258.7,231.7,1476.2
279.4,312.7,1568.3
288.9,360.3,1652.4
377.8,381.0,1725.4
387.3,382.5,1747.6
352.4,361.9,1723.8
279.4,360.3,1681.0
198.4,377.8,1622.2
152.4,365.1,1528.6
157.1,355.6,1449.2
209.5,333.3,1398.4
285.7,328.6,1352.4
381.0,301.6,1298.4
452.4,255.6,1227.0
428.6,231.7,1169.8
357.1,276.2,1115.9
258.7,276.2,1017.5
173.0,279.4,920.6
150.8,261.9,836.5
133.3,250.8,741.3
260.3,201.6,660.3
485.7,133.3,585.7
795.2,22.2,487.3
922.2,-44.4,407.9
809.5,-27.0,306.3
614.3,-1.6,200.0
511.1,47.6,157.1
507.9,136.5,207.9
506.3,179.4,182.5
531.7,128.6,55.6
739.7, 3.2,-127.0
1295.2,-301.6,-195.2
1725.4,-385.7,-68.3
1576.2,-204.8,130.2
1122.2,-68.3,207.9
811.1, 6.3,200.0
-,-,-
711.1,106.3,454.0
507.9,158.7,461.9
412.7,152.4,504.8
428.6,101.6,527.0
458.7,104.8,617.5
482.5,160.3,793.7
479.4,273.0,990.5
455.6,363.5,1195.2
461.9,438.1,1376.2
458.7,439.7,1474.6
431.7,411.1,1527.0
385.7,388.9,1546.0
336.5,381.0,1557.1
361.9,387.3,1607.9
349.2,433.3,1654.0
276.2,463.5,1798.4
227.0,452.4,1607.9
254.0,428.6,1557.1
261.9,412.7,1520.6
255.6,414.3,1498.4
228.6,433.3,1442.9
200.0,382.5,1354.0
149.2,363.5,1301.6
130.2,357.1,1250.8
131.7,352.4,1198.4
160.3,354.0,1147.6
200.0,331.7,1096.8
276.2,260.3,1014.3
379.4,181.0,944.4
439.7,249.2,946.0
406.3,276.2,893.7
330.2,303.2,866.7
260.3,333.3,811.1
201.6,330.2,734.9
233.3,312.7,663.5
334.9,279.4,563.5
566.7,157.1,428.6
866.7,49.2,282.5
1014.3, 1.6,230.2
988.9, 1.6,200.0
887.3, 0.0,152.4
768.3, 4.8,122.2
715.9, 6.3,101.6
-,-,-
1147.6,31.7,276.2
1142.9, 1.6,207.9
1068.3,74.6,252.4
923.8,125.4,277.8
814.3,128.6,301.6
733.3,128.6,325.4
684.1,-19.0,377.8
681.0,22.2,400.0
658.7,33.3,484.1
607.9,81.0,631.7
539.7,133.3,766.7
458.7,200.0,868.3
412.7,230.2,987.3
387.3,254.0,1069.8
357.1,277.8,1171.4
312.7,312.7,1296.8
377.8,339.7,1379.4
261.9,376.2,1455.6
255.6,412.7,1574.6
230.2,479.4,1674.6
211.1,507.9,1730.2
203.2,482.5,1723.8
182.5,477.8,1677.8
149.2,477.8,1622.2
130.2,458.7,1574.6
173.0,460.3,1523.8
252.4,433.3,1449.2
357.1,361.9,1368.3
538.1,309.5,1276.2
457.1,257.1,1169.8
463.5,204.8,1065.1
439.7,176.2,987.3
436.5,147.6,919.0
431.7,157.1,866.7
428.6,204.8,836.5
406.3,223.8,771.4
479.4,179.4,666.7
582.5,81.0,530.2
657.1,23.8,433.3
687.3, 3.2,385.7
693.7,-20.6,334.9
715.9,-54.0,274.6
758.7,-95.2,207.9
812.7,-147.6,157.1
819.0,-123.8,201.6
836.5,-69.8,260.3
842.9,-44.4,258.7
-,-,-
1014.3,103.2,388.9
919.0,54.0,211.1
944.4,-207.9,133.3
987.3,-95.2,101.6
968.3,-73.0,134.9
888.9,-103.2,207.9
860.3,49.2,277.8
657.1,49.2,306.3
603.2,57.1,334.9
604.8,22.2,377.8
641.3, 4.8,439.7
658.7,58.7,557.1
611.1,-23.8,644.4
587.3,125.4,717.5
607.9,-130.2,793.7
590.5,125.4,896.8
566.7,179.4,1019.0
531.7,222.2,1142.9
509.5,276.2,1252.4
481.0,304.8,1349.2
482.5,312.7,1427.0
506.3,336.5,1500.0
531.7,365.1,1550.8
512.7,390.5,1552.4
479.4,404.8,1520.6
463.5,358.7,1442.9
387.3,336.5,1377.8
388.9,384.1,1395.2
352.4,457.1,1444.4
350.8,482.5,1447.6
352.4,566.7,1369.8
404.8,355.6,1246.0
458.7,234.9,1114.3
488.9,154.0,1011.1
501.6,107.9,938.1
481.0,130.2,912.7
458.7,152.4,892.1
461.9,123.8,846.0
557.1, 4.8,742.9
666.7,-101.6,661.9
758.7,-147.6,592.1
768.3,-150.8,560.3
790.5,-73.0,630.2
717.5,46.0,690.5
633.3,128.6,636.5
563.5,146.0,515.9
533.3,387.3,336.5
665.1,-98.4,123.8
912.7,-273.0,-42.9
-,-,-
1165.1,201.6,412.7
1068.3,209.5,257.1
947.6,233.3,258.7
814.3,231.7,255.6
769.8,150.8,228.6
758.7,58.7,154.0
738.1,-54.0,79.4
733.3,-128.6,71.4
869.8,-130.2,131.7
557.1,-68.3,277.8
481.0, 1.6,412.7
461.9,-17.5,504.8
457.1,-41.3,565.1
481.0,-28.6,661.9
533.3,-28.6,758.7
584.1,-3.2,890.5
585.7,47.6,1022.2
557.1,82.5,1146.0
515.9,130.2,1266.7
511.1,149.2,1352.4
539.7,150.8,1420.6
582.5,130.2,1450.8
611.1,107.9,1479.4
633.3,127.0,1522.2
607.9,157.1,1550.8
566.7,181.0,1557.1
507.9,225.4,1546.0
438.1,260.3,1504.8
354.0,287.3,1450.8
312.7,287.3,1393.7
334.9,279.4,1317.5
360.3,254.0,1241.3
428.6,225.4,1166.7
484.1,201.6,1092.1
512.7,174.6,1022.2
511.1,171.4,968.3
506.3,158.7,895.2
481.0,171.4,839.7
458.7,182.5,785.7
539.7,96.8,712.7
661.9,81.0,617.5
763.5, 3.2,538.1
809.5,22.2,528.6
682.5,109.5,579.4
634.9,206.3,538.1
533.3,249.2,452.4
557.1,157.1,252.4
719.0, 0.0,58.7
914.3,-98.4,-50.8
1066.7,-146.0,-96.8
1203.2,-176.2,-55.6
1274.6,-157.1,-17.5
1219.0,-152.4,27.0
1144.4,-173.0, 4.8
-,-,-
1114.3,-28.6,339.7
1014.3,109.5,282.5
887.3,254.0,387.3
795.2,312.7,425.4
787.3,274.6,311.1
844.4,127.0,155.6
922.2,-27.0,22.2
995.2,-119.0,-55.6
1123.8,-201.6,-28.6
1088.9,-171.4,101.6
961.9,-46.0,284.1
787.3,55.6,482.5
665.1,107.9,611.1
565.1,95.2,630.2
581.0,49.2,658.7
634.9, 3.2,711.1
634.9,49.2,795.2
639.7,82.5,895.2
658.7,131.7,1061.9
663.5,263.5,1298.4
634.9,365.1,1519.0
581.0,433.3,1627.0
555.6,458.7,1679.4
492.1,463.5,1723.8
436.5,490.5,1755.6
404.8,534.9,1757.1
360.3,512.7,1677.8
385.7,485.7,1579.4
382.5,463.5,1477.8
365.1,454.0,1369.8
384.1,388.9,1227.0
430.2,328.6,1117.5
461.9,285.7,1065.1
533.3,258.7,1038.1
541.3,228.6,973.0
538.1,209.5,838.1
487.3,201.6,785.7
479.4,161.9,687.3
501.6,149.2,609.5
528.6,154.0,561.9
515.9,154.0,515.9
531.7,130.2,430.2
554.0,96.8,328.6
684.1, 4.8,201.6
863.5,-104.8,96.8
1023.8,-200.0,47.6
-,-,-
966.7,330.2,588.9
820.6,281.0,377.8
846.0,182.5,236.5
865.1,73.0,123.8
868.3, 7.9,-23.8
865.1,-22.2,27.0
893.7,-50.8,47.6
911.1,-27.0,104.8
833.3,25.4,177.8
709.5,55.6,206.3
628.6,49.2,204.8
561.9, 4.8,185.7
584.1,-28.6,207.9
661.9,-55.6,277.8
641.3,-68.3,352.4
657.1,-27.0,452.4
636.5, 1.6,530.2
682.5,71.4,684.1
693.7,182.5,912.7
715.9,336.5,1122.2
684.1,409.5,1201.6
688.9,404.8,1227.0
741.3,385.7,1288.9
787.3,403.2,1352.4
785.7,412.7,1423.8
760.3,452.4,1495.2
711.1,465.1,1519.0
663.5,490.5,1523.8
639.7,512.7,1523.8
634.9,530.2,1506.3
628.6,503.2,1444.4
606.3,434.9,1349.2
328.6,363.5,1241.3
631.7,377.8,1150.8
607.9,328.6,1069.8
665.1,304.8,1019.0
709.5,279.4,968.3
666.7,504.8,911.1
609.5,287.3,838.1
557.1,298.4,790.5
515.9,250.8,661.9
511.1,200.0,538.1
534.9,104.8,438.1
657.1,57.1,412.7
741.3,71.4,407.9
761.9,47.6,327.0
742.9, 1.6,158.7
715.9,-42.9,27.0
682.5,-54.0,-44.4
668.3,-69.8,-54.0
-,-,-
1274.6,-42.9,247.6
1141.3, 1.6,176.2
984.1,104.8,254.0
834.9,223.8,352.4
733.3,250.8,330.2
734.9,201.6,390.5
755.6,106.3,403.2
814.3,27.0,407.9
814.3,-19.0,481.0
733.3,-17.5,536.5
588.9,-25.4,554.0
485.7,-50.8,536.5
415.9,-69.8,561.9
409.5,-92.1,611.1
457.1,-77.8,668.3
503.2,-74.6,785.7
555.6,-23.8,890.5
607.9,22.2,1044.4
655.6,71.4,1138.1
663.5,95.2,1176.2
655.6,82.5,1177.8
641.3,84.1,1163.5
657.1,79.4,1120.6
684.1,79.4,1096.8
711.1,130.2,1150.8
739.7,234.9,1317.5
782.5,360.3,1477.8
733.3,455.6,1531.7
619.0,482.5,1469.8
530.2,454.0,1323.8
463.5,385.7,1171.4
454.0,338.1,1065.1
433.3,327.0,973.0
455.6,300.0,909.5
461.9,274.6,861.9
504.8,228.6,790.5
530.2,234.9,763.5
536.5,233.3,739.7
539.7,203.2,739.7
531.7,207.9,761.9
634.9,225.4,811.1
665.1,234.9,788.9
634.9,207.9,679.4
555.6,157.1,534.9
482.5,134.9,409.5
506.3,73.0,258.7
641.3,-66.7,123.8
890.5,-204.8,23.8
1290.5,-406.3,-44.4
1600.0,-525.4,-46.0
1600.0,-336.5,101.6
-,-,-
765.1,-6.3,528.6
814.3,-52.4,350.8
909.5,-100.0,303.2
993.7,-146.0,257.1
1036.5,-169.8,252.4
1014.3,-130.2,260.3
884.1,-71.4,277.8
763.5,-23.8,281.0
707.9,-44.4,233.3
714.3,-144.4,177.8
734.9,-201.6,174.6
707.9,-207.9,231.7
617.5,-179.4,323.8
541.3,-152.4,406.3
507.9,-142.9,484.1
531.7,-117.5,582.5
555.6,-96.8,712.7
579.4, 0.0,909.5
568.3,49.2,1088.9
538.1,98.4,1220.6
490.5,130.2,1325.4
461.9,173.0,1404.8
436.5,206.3,1517.5
438.1,277.8,1627.0
460.3,334.9,1723.8
487.3,384.1,1781.0
509.5,407.9,1798.4
515.9,415.9,1774.6
465.1,455.6,1696.8
403.2,455.6,1555.6
333.3,401.6,1400.0
311.1,361.9,1269.8
158.7,307.9,1146.0
439.7,225.4,1041.3
566.7,125.4,958.7
658.7,74.6,892.1
690.5,54.0,847.6
663.5,79.4,812.7
568.3,128.6,731.7
465.1,125.4,631.7
406.3,28.6,477.8
427.0,-100.0,331.7
555.6,-174.6,250.8
861.9,-281.0,211.1
1038.1,-354.0,227.0
1068.3,-334.9,249.2
938.1,-255.6,288.9
809.5,-154.0,338.1
706.3,-122.2,336.5
661.9,-125.4,333.3
-,-,-
895.2,304.8,663.5
869.8,358.7,457.1
742.9,279.4,388.9
706.3,233.3,350.8
711.1,225.4,311.1
787.3,106.3,285.7
844.4, 0.0,303.2
893.7,-54.0,358.7
858.7,-95.2,439.7
788.9,-81.0,536.5
711.1,-58.7,639.7
636.5,-22.2,692.1
588.9,-73.0,655.6
687.3,-157.1,609.5
811.1,-177.8,665.1
917.5,-82.5,844.4
919.0,28.6,1020.6
915.9,123.8,1142.9
907.9,174.6,1223.8
939.7,152.4,1293.7
920.6,182.5,1342.9
863.5,250.8,1379.4
782.5,254.0,1344.4
695.2,231.7,1241.3
655.6,201.6,1122.2
560.3,150.8,1046.0
555.6,131.7,1000.0
557.1,147.6,996.8
604.8,133.3,1014.3
617.5,123.8,1012.7
630.2,123.8,988.9
606.3,123.8,942.9
585.7,103.2,885.7
585.7,107.9,842.9
582.5,123.8,834.9
588.9,155.6,885.7
634.9,173.0,914.3
661.9,134.9,868.3
644.4,100.0,784.1
611.1,100.0,714.3
560.3,103.2,641.3
555.6,123.8,592.1
587.3,101.6,541.3
614.3,82.5,487.3
615.9,73.0,428.6
631.7,58.7,360.3
641.3,50.8,284.1
-,-,-
922.2,58.7,607.9
934.9,109.5,484.1
863.5,150.8,504.8
755.6,150.8,463.5
690.5,128.6,387.3
706.3,58.7,300.0
765.1, 0.0,227.0
885.7,-57.1,160.3
1019.0,-149.2,158.7
1049.2,-155.6,200.0
939.7,-149.2,209.5
811.1,-154.0,250.8
714.3,-149.2,301.6
660.3,-176.2,309.5
681.0,-225.4,331.7
682.5,-246.0,354.0
711.1,-231.7,434.9
763.5,-204.8,557.1
766.7,-154.0,684.1
641.3,-81.0,836.5
681.0,-28.6,939.7
585.7,34.9,1023.8
534.9,104.8,1093.7
568.3,173.0,1220.6
606.3,254.0,1342.9
590.5,358.7,1474.6
554.0,481.0,1620.6
490.5,565.1,1725.4
430.2,638.1,1781.0
334.9,636.5,1755.6
274.6,606.3,1650.8
201.6,561.9,1527.0
185.7,514.3,1427.0
204.8,454.0,1317.5
282.5,385.7,1203.2
406.3,300.0,1100.0
506.3,230.2,1047.6
479.4,209.5,992.1
431.7,234.9,965.1
401.6,236.5,990.5
388.9,282.5,941.3
433.3,328.6,863.5
507.9,249.2,734.9
642.9,179.4,634.9
736.5,128.6,509.5
809.5,47.6,358.7
812.7,-17.5,204.8
715.9,-73.0,77.8
684.1,-76.2,73.0
717.5,-28.6,107.9
768.3,22.2,179.4
807.9,52.4,207.9
-,-,-
922.2,-22.2,328.6
863.5,-1.6,123.8
892.1,-23.8,57.1
941.3,-74.6,23.8
987.3,-103.2,20.6
941.3,-103.2,20.6
885.7,-95.2,47.6
869.8,-119.0,81.0
884.1,-103.2,150.8
836.5,-96.8,206.3
742.9,-95.2,249.2
665.1,-101.6,281.0
587.3,-93.7,357.1
560.3,-44.4,487.3
558.7,22.2,634.9
604.8,44.4,784.1
634.9,77.8,914.3
657.1,439.7,1050.8
641.3,230.2,1177.8
634.9,300.0,1314.3
633.3,360.3,1427.0
614.3,414.3,1520.6
666.7,457.1,1620.6
665.1,487.3,1677.8
639.7,514.3,1681.0
590.5,488.9,1600.0
581.0,450.8,1495.2
555.6,406.3,1406.3
514.3,404.8,1350.8
484.1,390.5,1293.7
484.1,360.3,1203.2
503.2,303.2,1122.2
584.1,252.4,1071.4
644.4,211.1,1023.8
709.5,174.6,995.2
693.7,204.8,971.4
633.3,228.6,938.1
563.5,225.4,846.0
507.9,233.3,787.3
438.1,330.2,715.9
381.0,177.8,615.9
358.7,254.0,512.7
404.8,231.7,363.5
633.3,79.4,184.1
912.7,-131.7,-47.6
1147.6,-355.6,-219.0
1293.7,-377.8,-252.4
-,-,-
533.3,350.8,631.7
482.5,327.0,352.4
630.2,204.8,228.6
884.1,52.4,149.2
1152.4,-125.4,100.0
1266.7,-177.8,122.2
1096.8,-66.7,206.3
860.3,60.3,314.3
668.3,154.0,414.3
539.7,154.0,431.7
530.2,76.2,365.1
588.9,-25.4,309.5
655.6,-98.4,301.6
715.9,-120.6,357.1
787.3,-73.0,477.8
838.1,-17.5,615.9
839.7,73.0,812.7
784.1,177.8,1012.7
719.0,234.9,1165.1
655.6,254.0,1265.1
609.5,250.8,1304.8
614.3,304.8,1403.2
630.2,381.0,1496.8
711.1,454.0,1622.2
744.4,509.5,1731.7
734.9,557.1,1749.2
614.3,536.5,1655.6
611.1,481.0,1519.0
530.2,407.9,1376.2
461.9,331.7,1244.4
439.7,260.3,1119.0
452.4,209.5,1041.3
439.7,211.1,1017.5
457.1,231.7,1017.5
465.1,252.4,1042.9
509.5,311.1,1192.1
517.5,311.1,1038.1
512.7,261.9,915.9
507.9,209.5,811.1
534.9,177.8,681.0
615.9,84.1,511.1
707.9,25.4,411.1
746.0,33.3,428.6
766.7,58.7,428.6
736.5,25.4,328.6
717.5,-28.6,206.3
715.9,-100.0,103.2
788.9,-104.8,47.6
942.9,-120.6,-4.8
1120.6,-128.6,-3.2
1195.2,-107.9,52.4
1165.1,-74.6,131.7
1123.8,-125.4,123.8
1088.9,-152.4,128.6
1036.5,-128.6,182.5
890.5,-122.2,207.9
-,-,-
839.7,100.0,284.1
792.1,55.6,109.5
911.1,-3.2,100.0
988.9,-68.3,147.6
934.9,28.6,482.5
785.7,107.9,377.8
631.7,211.1,530.2
481.0,227.0,581.0
463.5,177.8,590.5
557.1,101.6,561.9
681.0,104.8,636.5
758.7,179.4,760.3
844.4,203.2,892.1
865.1,273.0,1046.0
990.5,300.0,1117.5
958.7,327.0,1163.5
934.9,354.0,1173.0
920.6,261.9,1068.3
996.8,255.6,1042.9
1041.3,227.0,1073.0
1046.0,304.8,1220.6
1022.2,309.5,1242.9
909.5,277.8,1146.0
720.6,257.1,1014.3
604.8,203.2,890.5
585.7,182.5,866.7
561.9,211.1,892.1
609.5,250.8,965.1
709.5,227.0,1017.5
792.1,223.8,1069.8
858.7,255.6,1119.0
838.1,274.6,1096.8
846.0,255.6,1038.1
758.7,260.3,969.8
582.5,236.5,895.2
439.7,277.8,836.5
388.9,200.0,733.3
358.7,203.2,688.9
361.9,254.0,687.3
528.6,174.6,593.7
809.5,-20.6,433.3
990.5,-144.4,306.3
941.3,-122.2,206.3
714.3,-55.6,127.0
485.7,52.4,125.4
407.9,81.0,147.6
538.1,50.8,134.9
665.1,-47.6,54.0
-,-,-
1087.3,-49.2,152.4
998.4,-54.0,55.6
966.7, 1.6,130.2
868.3,106.3,258.7
539.7,181.0,360.3
711.1,177.8,354.0
714.3,77.8,301.6
765.1,-271.4,254.0
811.1,-71.4,255.6
795.2,-73.0,354.0
741.3,-20.6,460.3
665.1,-49.2,504.8
584.1,-44.4,566.7
503.2, 0.0,660.3
463.5,20.6,760.3
531.7, 6.3,841.3
609.5,22.2,934.9
641.3, 4.8,1011.1
715.9,50.8,1088.9
655.6,71.4,1149.2
666.7,84.1,1228.6
685.7,106.3,1319.0
712.7,150.8,1427.0
714.3,181.0,1528.6
707.9,227.0,1622.2
684.1,238.1,1655.6
614.3,279.4,1647.6
555.6,288.9,1596.8
490.5,282.5,1504.8
431.7,250.8,1395.2
330.2,230.2,1266.7
206.3,225.4,1150.8
198.4,204.8,1069.8
282.5,106.3,1014.3
401.6,155.6,971.4
485.7,149.2,958.7
555.6,150.8,920.6
538.1,157.1,861.9
479.4,158.7,769.8
363.5,157.1,660.3
334.9,150.8,587.3
401.6,106.3,515.9
581.0,44.4,463.5
815.9,-95.2,384.1
1020.6,-176.2,355.6
1087.3,-147.6,384.1
1014.3,-50.8,407.9
860.3,31.7,406.3
660.3,82.5,330.2
585.7,25.4,177.8
611.1,-28.6,76.2
738.1,-76.2,-1.6
1096.8,-273.0,-93.7
1552.4,-357.1,22.2
1604.8,-247.6,225.4
1342.9,-177.8,258.7
1066.7,-122.2,281.0
-,-,-
1177.8,55.6,433.3
1142.9,-30.2,234.9
1144.4,-1.6,258.7
1063.5,50.8,307.9
915.9,74.6,331.7
846.0,49.2,325.4
809.5,-22.2,304.8
784.1,-42.9,361.9
760.3, 4.8,504.8
692.1,73.0,660.3
706.3,127.0,811.1
633.3,173.0,919.0
566.7,181.0,1019.0
528.6,204.8,1068.3
484.1,249.2,1163.5
458.7,285.7,1293.7
454.0,355.6,1444.4
434.9,404.8,1571.4
431.7,430.2,1654.0
427.0,433.3,1700.0
363.5,411.1,1654.0
301.6,409.5,1573.0
261.9,365.1,1469.8
284.1,307.9,1346.0
377.8,254.0,1249.2
430.2,225.4,1177.8
465.1,203.2,1141.3
487.3,182.5,1101.6
506.3,203.2,1068.3
477.8,207.9,1000.0
431.7,227.0,941.3
434.9,177.8,858.7
552.4,60.3,733.3
741.3,-50.8,639.7
819.0,-76.2,606.3
841.3,-68.3,563.5
812.7,-20.6,565.1
768.3,33.3,615.9
-,-,-
936.5,212.7,403.2
1019.0,157.1,233.3
1087.3,184.1,207.9
1115.9,225.4,207.9
1100.0,252.4,206.3
1061.9,254.0,206.3
996.8,231.7,530.2
920.6,250.8,209.5
863.5,360.3,203.2
844.4,174.6,227.0
812.7,158.7,250.8
792.1,130.2,261.9
834.9,46.0,250.8
838.1,-19.0,258.7
814.3,-23.8,331.7
734.9, 0.0,463.5
631.7,54.0,604.8
566.7,134.9,742.9
561.9,182.5,911.1
534.9,249.2,1061.9
568.3,260.3,1169.8
609.5,234.9,1196.8
657.1,231.7,1236.5
668.3,231.7,1247.6
663.5,279.4,1274.6
636.5,355.6,1354.0
614.3,415.9,1447.6
604.8,457.1,1501.6
306.3,479.4,1520.6
531.7,479.4,1449.2
477.8,431.7,1327.0
454.0,360.3,1215.9
431.7,304.8,1176.2
436.5,258.7,1061.9
490.5,200.0,998.4
587.3,158.7,961.9
641.3,120.6,895.2
636.5,125.4,841.3
604.8,173.0,819.0
555.6,225.4,809.5
530.2,254.0,790.5
514.3,276.2,768.3
531.7,282.5,736.5
561.9,207.9,658.7
611.1,150.8,561.9
693.7,69.8,479.4
812.7,-47.6,336.5
868.3,-77.8,258.7
836.5,-25.4,249.2
734.9,52.4,225.4
633.3,85.7,155.6
663.5,50.8,106.3
792.1,25.4,103.2
922.2,-93.7,84.1
1017.5,-146.0,47.6
1069.8,-155.6,27.0
1095.2,-130.2,55.6
1039.7,-22.2,152.4
-,-,-
890.5,204.8,460.3
760.3,174.6,411.1
734.9,179.4,484.1
688.9,181.0,538.1
655.6,173.0,585.7
617.5,177.8,612.7
655.6,149.2,660.3
660.3,127.0,715.9
614.3,147.6,790.5
555.6,158.7,885.7
507.9,177.8,946.0
481.0,182.5,1014.3
565.1,201.6,1065.1
506.3,207.9,1115.9
560.3,179.4,1146.0
619.0,149.2,1195.2
588.9,155.6,1266.7
512.7,198.4,1344.4
430.2,255.6,1428.6
365.1,282.5,1430.2
350.8,255.6,1404.8
385.7,236.5,1379.4
430.2,225.4,1341.3
533.3,173.0,1271.4
668.3,84.1,1203.2
785.7,33.3,1141.3
834.9, 1.6,1065.1
846.0,19.0,1017.5
814.3,30.2,958.7
731.7,82.5,896.8
642.9,107.9,836.5
612.7,122.2,768.3
630.2,85.7,669.8
707.9,28.6,557.1
820.6,-77.8,412.7
912.7,-179.4,250.8
939.7,-227.0,157.1
917.5,-177.8,174.6
-,-,-
744.4,273.0,504.8
734.9,285.7,306.3
866.7,230.2,234.9
1065.1,109.5,127.0
1222.2,47.6,52.4
1220.6,30.2,-3.2
1088.9,82.5,-1.6
915.9,150.8,23.8
790.5,204.8,100.0
733.3,228.6,152.4
769.8,182.5,158.7
844.4,133.3,184.1
860.3,125.4,247.6
787.3,55.6,303.2
738.1,81.0,458.7
682.5,82.5,457.1
631.7,79.4,506.3
584.1,60.3,558.7
607.9,54.0,638.1
581.0,82.5,784.1
585.7,133.3,820.6
585.7,173.0,1098.4
558.7,206.3,1220.6
539.7,231.7,1317.5
579.4,258.7,1401.6
588.9,303.2,1477.8
590.5,363.5,1598.4
563.5,409.5,1660.3
538.1,457.1,1696.8
511.1,482.5,1674.6
507.9,490.5,1622.2
506.3,458.7,1522.2
477.8,433.3,1401.6
433.3,404.8,1274.6
403.2,361.9,1150.8
411.1,300.0,1066.7
455.6,274.6,1019.0
490.5,255.6,973.0
509.5,252.4,942.9
504.8,234.9,888.9
512.7,233.3,838.1
555.6,207.9,782.5
614.3,179.4,706.3
665.1,154.0,638.1
739.7,150.8,607.9
744.4,50.8,403.2
717.5,-52.4,204.8
684.1,-104.8,74.6
709.5,-120.6,74.6
733.3,-96.8,103.2
809.5,-77.8,109.5
914.3,-122.2,52.4
1019.0,-147.6, 3.2
1088.9,-244.4,-68.3
-,-,-
1265.1,-27.0,228.6
1125.4,33.3,154.0
1063.5,131.7,252.4
1025.4,203.2,330.2
919.0,204.8,333.3
887.3,131.7,284.1
892.1,103.2,261.9
920.6,96.8,282.5
912.7,76.2,336.5
892.1,76.2,404.8
809.5,107.9,365.1
715.9,84.1,512.7
712.7,71.4,611.1
690.5,82.5,742.9
638.1,106.3,868.3
554.0,131.7,971.4
512.7,134.9,1044.4
504.8,127.0,1087.3
487.3,123.8,1123.8
460.3,174.6,1177.8
428.6,207.9,1265.1
411.1,255.6,1320.6
434.9,282.5,1376.2
512.7,252.4,1450.8
614.3,307.9,1519.0
663.5,307.9,1507.9
633.3,287.3,1449.2
584.1,274.6,1344.4
582.5,257.1,1247.6
455.6,227.0,1165.1
409.5,200.0,1088.9
406.3,227.0,1098.4
431.7,230.2,1087.3
465.1,234.9,1065.1
514.3,225.4,1009.5
604.8,160.3,944.4
663.5,128.6,893.7
681.0,98.4,833.3
633.3,81.0,734.9
606.3,82.5,655.6
541.3,127.0,607.9
504.8,185.7,630.2
528.6,274.6,665.1
541.3,285.7,617.5
-,-,-
822.2,206.3,430.2
892.1,196.8,231.7
992.1,149.2,185.7
1063.5,125.4,176.2
1068.3,104.8,154.0
1023.8,98.4,149.2
965.1,79.4,173.0
884.1,82.5,181.0
812.7,54.0,157.1
782.5, 6.3,158.7
741.3,-20.6,157.1
695.2,-47.6,181.0
668.3,-73.0,211.1
687.3,-103.2,276.2
668.3,-104.8,352.4
612.7,-100.0,431.7
554.0,-104.8,490.5
511.1,-93.7,565.1
484.1,-46.0,658.7
506.3,-19.0,760.3
561.9,46.0,892.1
634.9,100.0,1038.1
679.4,155.6,1176.2
706.3,177.8,1317.5
693.7,211.1,1400.0
642.9,207.9,1447.6
588.9,157.1,1452.4
582.5,158.7,1425.4
566.7,146.0,1444.4
587.3,177.8,1449.2
584.1,198.4,1423.8
587.3,203.2,1396.8
588.9,184.1,1328.6
590.5,152.4,1269.8
607.9,122.2,1177.8
606.3,85.7,1120.6
588.9,73.0,1066.7
557.1,73.0,1015.9
517.5,82.5,947.6
530.2,55.6,922.2
536.5,84.1,939.7
530.2,149.2,944.4
533.3,173.0,887.3
563.5,133.3,733.3
511.1,52.4,536.5
461.9,-49.2,384.1
455.6,-74.6,309.5
488.9,-74.6,306.3
-,-,-
844.4,127.0,560.3
693.7,130.2,477.8
660.3,103.2,452.4
720.6, 1.6,406.3
793.7,-54.0,387.3
807.9,-50.8,487.3
761.9,-54.0,461.9
760.3,-52.4,511.1
717.5,-30.2,585.7
669.8,-3.2,685.7
611.1,174.6,793.7
606.3,82.5,896.8
582.5,101.6,973.0
531.7,103.2,995.2
507.9,74.6,993.7
509.5,57.1,995.2
507.9,103.2,1068.3
504.8,149.2,1152.4
504.8,223.8,1293.7
485.7,281.0,1400.0
485.7,311.1,1471.4
501.6,328.6,1504.8
503.2,303.2,1506.3
485.7,303.2,1474.6
436.5,327.0,1474.6
384.1,327.0,1449.2
336.5,285.7,1377.8
336.5,257.1,1295.2
307.9,201.6,1195.2
358.7,149.2,1115.9
428.6,133.3,1087.3
430.2,123.8,1061.9
427.0,147.6,993.7
461.9,158.7,984.1
490.5,174.6,973.0
452.4,184.1,961.9
406.3,177.8,890.5
323.8,111.1,733.3
306.3,-4.8,541.3
504.8,-155.6,377.8
858.7,-303.2,336.5
1022.2,-255.6,487.3
936.5,-104.8,641.3
720.6,47.6,760.3
606.3,101.6,738.1
558.7,58.7,630.2
530.2,28.6,539.7
534.9,23.8,482.5
719.0,-57.1,382.5
1017.5,-193.7,309.5
1149.2,-220.6,352.4
1112.7,-125.4,455.6
993.7,-69.8,504.8
938.1,-74.6,482.5
922.2,-79.4,479.4
919.0,-46.0,541.3
-,-,-
765.1,247.6,504.8
758.7,200.0,412.7
838.1,176.2,482.5
841.3,149.2,512.7
844.4,104.8,557.1
814.3,82.5,607.9
734.9,98.4,688.9
590.5,123.8,763.5
433.3,158.7,842.9
303.2,176.2,896.8
250.8,161.9,941.3
258.7,174.6,1019.0
354.0,123.8,1098.4
433.3,55.6,1147.6
431.7,74.6,1227.0
349.2,106.3,1293.7
252.4,152.4,1379.4
174.6,177.8,1398.4
174.6,131.7,1393.7
234.9,123.8,1425.4
281.0,152.4,1477.8
276.2,155.6,1507.9
282.5,155.6,1527.0
276.2,177.8,1504.8
207.9,207.9,1496.8
152.4,236.5,1479.4
98.4,276.2,1444.4
76.2,230.2,1339.7
157.1,155.6,1217.5
227.0,128.6,1165.1
233.3,157.1,1149.2
207.9,174.6,1100.0
174.6,171.4,1017.5
177.8,160.3,963.5
225.4,158.7,939.7
255.6,177.8,942.9
358.7,176.2,917.5
460.3,150.8,863.5
509.5,134.9,817.5
528.6,149.2,784.1
530.2,131.7,734.9
534.9,123.8,690.5
512.7,106.3,639.7
438.1,125.4,634.9
479.4,131.7,611.1
688.9,96.8,588.9
934.9,84.1,615.9
-,-,-
911.1,96.8,458.7
742.9,-3.2,401.6
695.2,-71.4,357.1
684.1,-104.8,363.5
681.0,-120.6,479.4
665.1,-127.0,584.1
612.7,-171.4,642.9
554.0,-206.3,739.7
452.4,-206.3,866.7
352.4,-206.3,984.1
273.0,-195.2,1090.5
236.5,-152.4,1171.4
276.2,-98.4,1298.4
288.9,-19.0,1419.0
276.2,50.8,1495.2
281.0,100.0,1525.4
258.7,109.5,1528.6
249.2,147.6,1528.6
203.2,169.8,1533.3
179.4,200.0,1571.4
106.3,228.6,1577.8
20.6,284.1,1601.6
-79.4,352.4,1622.2
-125.4,357.1,1569.8
-96.8,311.1,1473.0
-22.2,287.3,1392.1
98.4,250.8,1293.7
177.8,209.5,1219.0
184.1,177.8,1149.2
154.0,200.0,1114.3
127.0,249.2,1088.9
49.2,252.4,1017.5
-19.0,279.4,919.0
-25.4,311.1,892.1
128.6,300.0,857.1
436.5,160.3,741.3
766.7,50.8,658.7
844.4,54.0,631.7
744.4,109.5,630.2
634.9,150.8,563.5
609.5,136.5,503.2
634.9,149.2,463.5
657.1,152.4,414.3
709.5,150.8,379.4
-,-,-
1430.2, 4.8,357.1
1366.7,60.3,328.6
1425.4,150.8,403.2
1123.8,173.0,407.9
992.1,134.9,352.4
892.1,100.0,281.0
860.3,74.6,276.2
866.7,52.4,323.8
869.8,49.2,381.0
839.7,31.7,455.6
742.9,57.1,528.6
612.7,82.5,611.1
509.5,81.0,711.1
458.7,74.6,812.7
457.1,74.6,938.1
382.5,103.2,1041.3
304.8,107.9,1100.0
228.6,176.2,1200.0
182.5,250.8,1327.0
179.4,303.2,1471.4
225.4,354.0,1622.2
123.8,381.0,1730.2
233.3,384.1,1806.3
179.4,382.5,1827.0
106.3,379.4,1760.3
30.2,339.7,1684.1
-1.6,325.4,1907.9
27.0,250.8,1455.6
173.0,255.6,1373.0
252.4,181.0,1317.5
284.1,174.6,1249.2
303.2,128.6,1146.0
311.1,103.2,1069.8
304.8,409.5,1061.9
260.3,181.0,1066.7
211.1,211.1,1061.9
227.0,227.0,1038.1
281.0,182.5,939.7
438.1,96.8,836.5
585.7,22.2,731.7
641.3, 6.3,692.1
641.3,33.3,682.5
614.3,47.6,636.5
579.4,-3.2,455.6
555.6,-46.0,403.2
558.7,-27.0,404.8
634.9,23.8,485.7
731.7,47.6,509.5
915.9, 1.6,485.7
1012.7,-3.2,458.7
1025.4,-41.3,412.7
992.1,-28.6,361.9
-,-,-
655.6,155.6,333.3
488.9,130.2,231.7
463.5,134.9,328.6
528.6,109.5,433.3
581.0,73.0,463.5
606.3, 7.9,492.1
617.5,-50.8,534.9
638.1,-98.4,581.0
611.1,-93.7,685.7
536.5,-19.0,882.5
384.1,101.6,1038.1
301.6,107.9,1119.0
279.4,82.5,1141.3
358.7,33.3,1165.1
530.2,-3.2,1193.7
604.8,-25.4,1220.6
579.4,-3.2,1225.4
507.9,23.8,1252.4
454.0,31.7,1276.2
457.1,20.6,1317.5
482.5,-22.2,1342.9
485.7,-25.4,1400.0
436.5,25.4,1468.3
358.7,74.6,1469.8
307.9,81.0,1428.6
304.8,96.8,1396.8
352.4,84.1,1368.3
403.2,103.2,1373.0
431.7,127.0,1398.4
431.7,149.2,1349.2
365.1,149.2,1274.6
309.5,125.4,1171.4
254.0,109.5,1073.0
250.8,84.1,1023.8
352.4,58.7,968.3
566.7,-150.8,865.1
733.3,-130.2,771.4
744.4,-146.0,712.7
634.9,-98.4,654.0
512.7,-68.3,633.3
382.5,-20.6,612.7
334.9, 1.6,584.1
476.2,-71.4,484.1
690.5,-119.0,457.1
971.4,-177.8,439.7
1173.0,-184.1,458.7
1147.6,-181.0,411.1
946.0,-142.9,352.4
736.5,-79.4,261.9
606.3,-17.5,352.4
554.0, 3.2,358.7
604.8,-3.2,357.1
-,-,-
438.1,98.4,784.1
403.2,-44.4,788.9
387.3, 0.0,896.8
455.6, 7.9,1063.5
477.8,81.0,1193.7
434.9,203.2,1377.8
381.0,300.0,1528.6
277.8,357.1,1650.8
225.4,379.4,1676.2
149.2,379.4,1654.0
203.2,334.9,1604.8
228.6,314.3,1595.2
254.0,334.9,1622.2
261.9,355.6,1623.8
309.5,334.9,1571.4
328.6,328.6,1481.0
281.0,338.1,1395.2
230.2,325.4,1320.6
207.9,284.1,1239.7
252.4,223.8,1144.4
327.0,160.3,1111.1
379.4,155.6,1100.0
403.2,104.8,1038.1
506.3,30.2,911.1
507.9, 4.8,868.3
458.7,33.3,858.7
381.0,57.1,809.5
330.2,79.4,760.3
360.3,82.5,736.5
412.7,81.0,693.7
406.3,46.0,581.0
504.8,-23.8,434.9
790.5,-225.4,258.7
1019.0,-298.4,254.0
988.9,-195.2,336.5
809.5,-54.0,427.0
665.1, 4.8,403.2
566.7,47.6,336.5
563.5,23.8,249.2
663.5,-22.2,203.2
785.7,-79.4,149.2
863.5,-204.8, 4.8
-,-,-
1119.0,103.2,555.6
1093.7,23.8,361.9
1093.7,-20.6,309.5
1065.1,-44.4,276.2
969.8,-25.4,258.7
888.9,-27.0,230.2
839.7,-28.6,228.6
784.1,-27.0,250.8
741.3,-25.4,301.6
687.3,-20.6,365.1
641.3,-49.2,312.7
611.1,-71.4,377.8
541.3,-96.8,404.8
479.4,-79.4,455.6
428.6,-73.0,504.8
363.5,-82.5,536.5
327.0,-69.8,638.1
303.2,-22.2,788.9
281.0,57.1,1088.9
261.9,127.0,1169.8
303.2,198.4,1344.4
339.7,207.9,1473.0
357.1,252.4,1620.6
312.7,307.9,1711.1
257.1,338.1,1798.4
230.2,363.5,1823.8
230.2,365.1,1811.1
228.6,385.7,1785.7
222.2,385.7,1731.7
236.5,377.8,1650.8
228.6,328.6,1528.6
234.9,277.8,1423.8
252.4,252.4,1298.4
236.5,233.3,1265.1
203.2,203.2,1146.0
200.0,171.4,1019.0
206.3,130.2,917.5
230.2,122.2,863.5
255.6,125.4,839.7
309.5,127.0,834.9
404.8,122.2,793.7
439.7,100.0,765.1
428.6,98.4,744.4
411.1,122.2,760.3
381.0,158.7,758.7
361.9,158.7,660.3
407.9,101.6,533.3
560.3,249.2,454.0
734.9, 6.3,350.8
1009.5,-127.0,236.5
1138.1,-157.1,258.7
1076.2,-69.8,384.1
985.7,28.6,458.7
1012.7, 6.3,427.0
961.9,-19.0,387.3
-,-,-
1065.1,125.4,412.7
895.2,98.4,260.3
866.7,98.4,273.0
920.6,84.1,300.0
947.6,100.0,336.5
944.4,125.4,406.3
912.7,154.0,461.9
815.9,176.2,503.2
742.9,160.3,514.3
714.3,133.3,528.6
707.9,106.3,514.3
707.9,96.8,560.3
660.3,107.9,633.3
563.5,149.2,717.5
488.9,150.8,790.5
436.5,160.3,871.4
365.1,238.1,996.8
330.2,282.5,1096.8
303.2,304.8,1177.8
257.1,360.3,1290.5
227.0,385.7,1393.7
182.5,403.2,1449.2
106.3,414.3,1519.0
74.6,428.6,1550.8
74.6,427.0,1569.8
107.9,407.9,1574.6
147.6,436.5,1576.2
157.1,463.5,1574.6
157.1,463.5,1549.2
157.1,439.7,1477.8
154.0,428.6,1398.4
133.3,404.8,1347.6
155.6,381.0,1319.0
206.3,333.3,1246.0
228.6,236.5,1122.2
279.4,174.6,1038.1
334.9,81.0,919.0
387.3,76.2,885.7
331.7,106.3,836.5
273.0,98.4,738.1
274.6,73.0,642.9
327.0,54.0,604.8
506.3,55.6,587.3
795.2,-25.4,507.9
941.3,-69.8,430.2
892.1,-20.6,436.5
793.7,23.8,454.0
709.5,76.2,461.9
634.9,154.0,515.9
593.7,230.2,585.7
592.1,261.9,558.7
665.1,157.1,360.3
1300.0,-104.8,149.2
1631.7,-204.8,147.6
1555.6,-120.6,249.2
-,-,-
895.2,428.6,531.7
-,-,-
1012.7,228.6,382.5
1274.6,158.7,304.8
1500.0,-6.3,204.8
1476.2,-79.4,133.3
1249.2,-44.4,158.7
996.8,28.6,250.8
817.5,74.6,333.3
714.3, 4.8,350.8
642.9,-52.4,323.8
611.1,-120.6,312.7
641.3,-196.8,331.7
665.1,-273.0,338.1
592.1,-249.2,436.5
528.6,-201.6,584.1
506.3,-155.6,733.3
452.4,-101.6,866.7
361.9,-42.9,1038.1
287.3,-52.4,1120.6
234.9,27.0,1219.0
261.9,57.1,1325.4
300.0,123.8,1444.4
355.6,134.9,1500.0
434.9,152.4,1552.4
434.9,209.5,1646.0
558.7,300.0,1750.8
276.2,382.5,1785.7
184.1,406.3,1785.7
174.6,358.7,1682.5
130.2,311.1,1598.4
122.2,325.4,1482.5
150.8,287.3,1374.6
276.2,236.5,1295.2
431.7,181.0,1217.5
528.6,128.6,1120.6
528.6,134.9,1095.2
407.9,201.6,1088.9
257.1,252.4,1041.3
182.5,260.3,990.5
157.1,274.6,960.3
146.0,273.0,888.9
228.6,234.9,785.7
431.7,179.4,714.3
679.4,74.6,584.1
812.7,-17.5,439.7
812.7,-68.3,338.1
-,-,-
692.1,206.3,615.9
814.3,160.3,454.0
868.3,207.9,461.9
887.3,255.6,501.6
919.0,228.6,460.3
936.5,177.8,365.1
893.7,109.5,300.0
873.0,77.8,258.7
871.4,50.8,233.3
890.5,30.2,233.3
858.7,20.6,254.0
765.1,28.6,281.0
687.3,27.0,307.9
639.7, 0.0,327.0
663.5,-44.4,355.6
666.7,-50.8,457.1
633.3,-19.0,606.3
593.7,25.4,733.3
560.3,30.2,809.5
504.8, 0.0,833.3
485.7,-22.2,858.7
507.9,-42.9,922.2
533.3,-44.4,1011.1
568.3,-20.6,1098.4
634.9,19.0,1217.5
682.5,79.4,1328.6
690.5,150.8,1469.8
687.3,176.2,1242.9
638.1,222.2,1574.6
565.1,255.6,1601.6
463.5,281.0,1579.4
428.6,282.5,1546.0
403.2,263.5,1454.0
384.1,250.8,1373.0
357.1,227.0,1274.6
401.6,198.4,1198.4
455.6,154.0,1120.6
455.6,133.3,1093.7
361.9,123.8,1020.6
261.9,79.4,961.9
233.3,49.2,892.1
227.0,52.4,885.7
201.6,100.0,919.0
207.9,96.8,907.9
250.8,47.6,842.9
436.5,-19.0,785.7
612.7,-28.6,744.4
685.7,-27.0,688.9
707.9,-28.6,584.1
763.5,-98.4,436.5
838.1,-146.0,360.3
847.6,-103.2,365.1
784.1,-54.0,434.9
739.7,31.7,557.1
738.1,122.2,614.3
766.7,101.6,534.9
973.0,27.0,454.0
1139.7, 6.3,457.1
-,-,-
1300.0,-46.0,382.5
1065.1,-15.9,325.4
909.5,50.8,377.8
785.7,100.0,404.8
714.3,106.3,406.3
736.5,52.4,363.5
731.7,47.6,377.8
715.9,28.6,384.1
766.7,-1.6,430.2
806.3, 0.0,530.2
761.9, 6.3,609.5
720.6, 6.3,682.5
633.3,76.2,787.3
507.9,106.3,858.7
452.4,100.0,884.1
458.7,73.0,896.8
584.1,-19.0,892.1
606.3,-22.2,936.5
538.1,27.0,1020.6
457.1,52.4,1101.6
381.0,81.0,1171.4
276.2,103.2,1246.0
223.8,107.9,1322.2
233.3,123.8,1423.8
236.5,160.3,1552.4
230.2,201.6,1627.0
238.1,209.5,1682.5
249.2,231.7,1723.8
203.2,255.6,1700.0
133.3,252.4,1625.4
76.2,227.0,1528.6
28.6,198.4,1425.4
47.6,160.3,1344.4
123.8,157.1,1296.8
247.6,155.6,1244.4
361.9,131.7,1152.4
476.2,79.4,1046.0
454.0,128.6,949.2
312.7,82.5,869.8
181.0,103.2,788.9
103.2,103.2,717.5
184.1,125.4,693.7
401.6,74.6,636.5
682.5,-20.6,612.7
917.5,-103.2,433.3
963.5,-127.0,355.6
796.8,-92.1,306.3
711.1,-44.4,306.3
607.9,-15.9,360.3
612.7,28.6,455.6
692.1,60.3,485.7
868.3, 6.3,401.6
1114.3,-271.4,257.1
1298.4,-254.0,204.8
1252.4,-247.6,236.5
1041.3,-461.9,284.1
812.7,-66.7,303.2
757.1,-100.0,228.6
884.1,-49.2,303.2
1011.1, 6.3,460.3
-,-,-
592.1,252.4,814.3
679.4,225.4,639.7
807.9,206.3,581.0
920.6,203.2,515.9
1012.7,182.5,457.1
1065.1,182.5,404.8
1100.0,150.8,331.7
1119.0,122.2,303.2
1049.2,111.1,273.0
961.9,122.2,260.3
920.6,103.2,258.7
944.4,84.1,281.0
961.9,84.1,311.1
920.6,81.0,330.2
884.1,31.7,309.5
815.9,20.6,328.6
712.7,22.2,360.3
590.5,47.6,434.9
461.9,77.8,515.9
741.3,55.6,577.8
542.9,-1.6,592.1
592.1,-4.8,639.7
582.5,-3.2,711.1
554.0,-25.4,784.1
488.9,-20.6,817.5
461.9,-28.6,861.9
452.4,-23.8,936.5
428.6,55.6,1049.2
414.3,100.0,1163.5
460.3,123.8,1298.4
485.7,149.2,1400.0
568.3,98.4,1446.0
638.1,55.6,1468.3
606.3,76.2,1479.4
555.6,79.4,1476.2
542.9,57.1,1450.8
536.5,52.4,1395.2
536.5,20.6,1328.6
507.9,30.2,1274.6
460.3,54.0,1247.6
403.2,96.8,1249.2
357.1,101.6,1220.6
325.4,98.4,1223.8
282.5,98.4,1201.6
234.9,95.2,1163.5
200.0,100.0,1139.7
157.1,106.3,1095.2
134.9,106.3,1039.7
123.8,76.2,936.5
155.6,27.0,860.3
255.6,-15.9,817.5
330.2,-20.6,792.1
385.7,-25.4,788.9
412.7, 0.0,796.8
361.9,33.3,785.7
284.1,96.8,741.3
206.3,107.9,687.3
-,-,-
1217.5,69.8,530.2
1290.5,52.4,330.2
1266.7,28.6,257.1
1122.2,58.7,211.1
974.6,76.2,181.0
911.1,73.0,155.6
911.1,33.3,157.1
965.1, 4.8,181.0
998.4,-28.6,181.0
963.5,-46.0,198.4
1092.1,-20.6,227.0
738.1,-17.5,260.3
809.5,-25.4,303.2
615.9,-17.5,376.2
581.0,49.2,515.9
531.7,125.4,690.5
538.1,154.0,844.4
507.9,177.8,960.3
458.7,182.5,1023.8
465.1,173.0,1098.4
455.6,185.7,1220.6
407.9,258.7,1381.0
331.7,331.7,1571.4
287.3,382.5,1698.4
276.2,382.5,1734.9
263.5,355.6,1731.7
284.1,330.2,1722.2
304.8,355.6,1727.0
282.5,377.8,1682.5
306.3,339.7,1596.8
338.1,301.6,1477.8
336.5,255.6,1368.3
330.2,203.2,1247.6
331.7,171.4,1171.4
307.9,152.4,1092.1
277.8,127.0,1014.3
260.3,127.0,987.3
336.5,127.0,968.3
381.0,123.8,934.9
404.8,104.8,865.1
388.9,77.8,784.1
385.7,60.3,709.5
361.9,23.8,631.7
457.1,-20.6,566.7
560.3,-22.2,533.3
617.5,-44.4,463.5
692.1,-74.6,403.2
733.3,-77.8,358.7
707.9,-28.6,354.0
690.5, 9.5,304.8
788.9,27.0,274.6
896.8,-1.6,234.9
966.7,-47.6,198.4
1000.0,-74.6,176.2
1066.7,-120.6,130.2
1015.9,-98.4,173.0
1012.7,-76.2,182.5
1022.2,-79.4,157.1
1127.0,-96.8,179.4
-,-,-
807.9,227.0,250.8
1015.9,106.3,201.6
1174.6,104.8,225.4
1223.8,128.6,274.6
1163.5,130.2,307.9
1014.3,128.6,303.2
839.7,111.1,306.3
693.7,130.2,328.6
615.9,123.8,352.4
639.7,100.0,376.2
717.5,20.6,390.5
787.3,-17.5,481.0
793.7,-20.6,585.7
704.8, 0.0,668.3
536.5, 1.6,714.3
406.3, 6.3,741.3
360.3,25.4,809.5
355.6,47.6,911.1
438.1,34.9,985.7
511.1,22.2,1063.5
533.3,22.2,1141.3
530.2,33.3,1266.7
465.1,125.4,1419.0
568.3,206.3,1555.6
433.3,228.6,1623.8
463.5,252.4,1625.4
430.2,258.7,1601.6
404.8,250.8,1525.4
463.5,201.6,1446.0
557.1,185.7,1415.9
585.7,200.0,1376.2
582.5,209.5,1347.6
554.0,211.1,1290.5
504.8,223.8,1217.5
431.7,209.5,1115.9
433.3,96.8,1017.5
481.0,123.8,917.5
561.9,98.4,866.7
609.5,76.2,790.5
636.5,81.0,766.7
603.2,84.1,741.3
592.1,54.0,663.5
612.7,-1.6,581.0
636.5,-68.3,509.5
642.9,-96.8,458.7
633.3,-77.8,454.0
534.9, 4.8,504.8
439.7,98.4,563.5
436.5,109.5,554.0
555.6,128.6,561.9
660.3,158.7,615.9
760.3,149.2,590.5
787.3,54.0,450.8
834.9,28.6,307.9
920.6,-96.8,236.5
992.1,-96.8,230.2
1017.5,-73.0,258.7
1119.0,-98.4,306.3
-,-,-
1149.2,157.1,641.3
1038.1,206.3,541.3
936.5,263.5,561.9
868.3,254.0,511.1
915.9,150.8,412.7
996.8,49.2,331.7
1049.2,22.2,336.5
1050.8,31.7,388.9
998.4,58.7,434.9
890.5,71.4,436.5
834.9,52.4,434.9
814.3,25.4,433.3
836.5,-23.8,430.2
812.7,-44.4,412.7
771.4,-103.2,428.6
714.3,-128.6,477.8
617.5,-95.2,588.9
507.9,-54.0,663.5
430.2,-46.0,738.1
384.1,-3.2,838.1
338.1,77.8,968.3
288.9,179.4,1122.2
279.4,255.6,1252.4
254.0,333.3,1396.8
155.6,439.7,1549.2
 6.3,507.9,1649.2
-98.4,554.0,1709.5
-93.7,541.3,1725.4
-52.4,517.5,1698.4
74.6,481.0,1631.7
227.0,412.7,1552.4
330.2,333.3,1444.4
403.2,273.0,1320.6
431.7,181.0,1201.6
463.5,107.9,1481.0
482.5,98.4,1020.6
485.7,82.5,963.5
509.5,71.4,893.7
561.9,28.6,834.9
615.9,-4.8,739.7
644.4, 1.6,706.3
712.7,-52.4,609.5
812.7,-146.0,490.5
809.5,-149.2,457.1
666.7,-77.8,458.7
530.2, 4.8,461.9
481.0,46.0,439.7
487.3,55.6,431.7
582.5, 6.3,381.0
844.4,-46.0,338.1
892.1,-52.4,381.0
963.5,-54.0,411.1
-,-,-
1119.0,173.0,406.3
965.1,101.6,288.9
887.3,100.0,304.8
811.1,74.6,284.1
758.7,50.8,276.2
711.1,25.4,255.6
658.7, 1.6,279.4
614.3,-23.8,276.2
609.5,-42.9,306.3
612.7,-47.6,357.1
587.3,-17.5,457.1
561.9,-19.0,506.3
531.7,-1.6,541.3
485.7,-3.2,557.1
530.2,-49.2,588.9
536.5,-49.2,660.3
530.2,20.6,809.5
490.5,98.4,942.9
477.8,152.4,1117.5
463.5,233.3,1292.1
452.4,333.3,1447.6
412.7,365.1,1544.4
404.8,381.0,1573.0
358.7,361.9,1596.8
307.9,484.1,1627.0
284.1,436.5,1650.8
261.9,454.0,1649.2
273.0,458.7,1647.6
260.3,461.9,1622.2
233.3,479.4,1547.6
258.7,433.3,1447.6
358.7,377.8,1369.8
439.7,336.5,1320.6
479.4,311.1,1246.0
463.5,279.4,1139.7
477.8,234.9,1017.5
479.4,228.6,922.2
506.3,207.9,871.4
490.5,211.1,834.9
461.9,233.3,769.8
361.9,231.7,682.5
454.0,204.8,581.0
665.1,104.8,482.5
920.6,-25.4,357.1
996.8,-47.6,300.0
911.1,22.2,304.8
831.7,58.7,309.5
785.7,49.2,276.2
741.3,27.0,227.0
711.1,27.0,201.6
731.7,30.2,200.0
896.8,-46.0,149.2
1147.6,-147.6,107.9
1301.6,-223.8,128.6
1249.2,-207.9,98.4
