-,-,-
0.0,-291.0,397.0
45.0,-296.0,365.0
58.0,-264.0,401.0
89.0,-251.0,419.0
49.0,-300.0,380.0
90.0,-277.0,368.0
26.0,-339.0,356.0
64.0,-277.0,321.0
31.0,-330.0,370.0
31.0,-342.0,267.0
45.0,-341.0,332.0
32.0,-357.0,288.0
30.0,-355.0,288.0
46.0,-341.0,320.0
41.0,-364.0,275.0
57.0,-346.0,306.0
45.0,-359.0,283.0
14.0,-357.0,301.0
-50.0,-421.0,255.0
-102.0,-442.0,225.0
-96.0,-435.0,240.0
-70.0,-406.0,318.0
-54.0,-377.0,270.0
-32.0,-375.0,321.0
93.0,-275.0,299.0
95.0,-282.0,353.0
48.0,-331.0,337.0
113.0,-263.0,332.0
46.0,-357.0,365.0
47.0,-348.0,258.0
43.0,-339.0,352.0
15.0,-403.0,236.0
61.0,-328.0,340.0
41.0,-341.0,285.0
15.0,-375.0,300.0
15.0,-359.0,271.0
-8.0,-519.0,260.0
-6.0,-370.0,272.0
-3.0,-364.0,287.0
-36.0,-395.0,270.0
-4.0,-355.0,284.0
-1.0,-378.0,272.0
-,-,-
-18.0,-281.0,418.0
17.0,-387.0,525.0
97.0,-183.0,588.0
76.0,-251.0,365.0
107.0,-182.0,399.0
64.0,-214.0,337.0
-1.0,-467.0,396.0
-129.0,-406.0,269.0
-85.0,-411.0,243.0
-4.0,-394.0,227.0
12.0,-409.0,238.0
8.0,-406.0,243.0
12.0,-363.0,269.0
-54.0,-442.0,239.0
-36.0,-393.0,256.0
-51.0,-395.0,275.0
-81.0,-426.0,210.0
-32.0,-362.0,291.0
-7.0,-375.0,299.0
0.0,-340.0,321.0
2.0,-314.0,348.0
-18.0,-374.0,302.0
47.0,-277.0,365.0
15.0,-359.0,301.0
42.0,-314.0,353.0
49.0,-324.0,363.0
32.0,-359.0,306.0
77.0,-295.0,355.0
29.0,-357.0,331.0
61.0,-322.0,351.0
31.0,-360.0,316.0
17.0,-360.0,300.0
13.0,-499.0,318.0
25.0,-371.0,271.0
-6.0,-358.0,316.0
12.0,-357.0,290.0
-16.0,-360.0,318.0
31.0,-342.0,338.0
-,-,-
-96.0,-374.0,639.0
81.0,-228.0,414.0
64.0,-278.0,399.0
95.0,-261.0,381.0
64.0,-292.0,402.0
74.0,-234.0,322.0
61.0,-328.0,363.0
28.0,-379.0,251.0
30.0,-363.0,272.0
-49.0,-439.0,221.0
0.0,-390.0,254.0
9.0,-376.0,256.0
-67.0,-439.0,221.0
-82.0,-425.0,207.0
-87.0,-425.0,238.0
-88.0,-426.0,222.0
-82.0,-406.0,240.0
-38.0,-408.0,258.0
-5.0,-378.0,258.0
1.0,-343.0,288.0
11.0,-388.0,255.0
49.0,-315.0,322.0
91.0,-325.0,368.0
93.0,-313.0,352.0
46.0,-377.0,28.0
77.0,-325.0,351.0
28.0,-388.0,254.0
74.0,-330.0,379.0
78.0,-315.0,337.0
27.0,-389.0,274.0
17.0,-358.0,300.0
28.0,-374.0,273.0
-4.0,-391.0,255.0
-3.0,-377.0,258.0
-33.0,-408.0,241.0
-3.0,-362.0,241.0
-,-,-
-34.0,-311.0,477.0
-15.0,-389.0,555.0
96.0,-231.0,429.0
80.0,-249.0,401.0
76.0,-277.0,350.0
58.0,-327.0,365.0
64.0,-325.0,324.0
48.0,-370.0,274.0
0.0,-426.0,236.0
14.0,-408.0,239.0
31.0,-437.0,206.0
16.0,-425.0,226.0
27.0,-346.0,274.0
-22.0,-427.0,210.0
15.0,-359.0,301.0
-14.0,-377.0,289.0
-23.0,-377.0,284.0
-48.0,-377.0,273.0
-55.0,-390.0,285.0
-7.0,-388.0,273.0
9.0,-377.0,288.0
17.0,-359.0,302.0
10.0,-325.0,318.0
-16.0,-403.0,253.0
63.0,-309.0,367.0
31.0,-346.0,302.0
25.0,-346.0,318.0
74.0,-284.0,362.0
60.0,-330.0,366.0
107.0,-264.0,402.0
91.0,-278.0,369.0
48.0,-348.0,381.0
76.0,-311.0,336.0
14.0,-373.0,307.0
-1.0,-361.0,271.0
45.0,-338.0,321.0
34.0,-392.0,306.0
46.0,-327.0,346.0
-15.0,-389.0,255.0
-2.0,-376.0,240.0
26.0,-391.0,318.0
-,-,-
-116.0,-424.0,464.0
94.0,-260.0,397.0
96.0,-280.0,415.0
106.0,-243.0,414.0
91.0,-244.0,396.0
74.0,-323.0,378.0
79.0,-326.0,318.0
27.0,-376.0,290.0
-21.0,-392.0,239.0
10.0,-394.0,256.0
-21.0,-424.0,209.0
-64.0,-442.0,210.0
29.0,-346.0,286.0
9.0,-390.0,255.0
-23.0,-396.0,236.0
-2.0,-359.0,302.0
-48.0,-411.0,242.0
-36.0,-391.0,271.0
-33.0,-377.0,282.0
-16.0,-392.0,267.0
10.0,-346.0,323.0
30.0,-358.0,287.0
11.0,-371.0,346.0
31.0,-329.0,449.0
12.0,-403.0,289.0
90.0,-292.0,348.0
44.0,-347.0,299.0
43.0,-330.0,321.0
96.0,-279.0,337.0
75.0,-325.0,363.0
124.0,-276.0,396.0
58.0,-339.0,354.0
26.0,-329.0,303.0
32.0,-343.0,332.0
40.0,-340.0,322.0
41.0,-325.0,348.0
73.0,-343.0,337.0
29.0,-360.0,303.0
25.0,-378.0,287.0
64.0,-356.0,354.0
-,-,-
-6.0,-300.0,428.0
28.0,-358.0,323.0
27.0,-377.0,483.0
58.0,-294.0,428.0
97.0,-117.0,418.0
77.0,-325.0,395.0
48.0,-340.0,335.0
13.0,-373.0,254.0
0.0,-375.0,285.0
27.0,-403.0,235.0
29.0,-389.0,271.0
18.0,-389.0,255.0
16.0,-378.0,270.0
12.0,-358.0,252.0
-6.0,-394.0,242.0
2.0,-371.0,273.0
-52.0,-474.0,316.0
15.0,-328.0,336.0
-54.0,-374.0,284.0
-68.0,-390.0,239.0
-66.0,-373.0,130.0
-15.0,-358.0,304.0
-6.0,-388.0,449.0
-17.0,-357.0,207.0
-84.0,-456.0,142.0
13.0,-330.0,323.0
-2.0,-378.0,336.0
73.0,-310.0,315.0
42.0,-328.0,320.0
17.0,-357.0,288.0
44.0,-327.0,370.0
9.0,-358.0,242.0
-6.0,-371.0,256.0
13.0,-357.0,304.0
-22.0,-419.0,254.0
-4.0,-344.0,269.0
29.0,-375.0,300.0
10.0,-377.0,273.0
28.0,-346.0,335.0
11.0,-394.0,270.0
43.0,-454.0,323.0
-,-,-
47.0,-294.0,449.0
82.0,-250.0,435.0
-151.0,-229.0,411.0
153.0,-265.0,382.0
74.0,-281.0,372.0
60.0,-295.0,382.0
13.0,-343.0,321.0
42.0,-339.0,331.0
12.0,-359.0,317.0
15.0,-359.0,303.0
26.0,-347.0,314.0
13.0,-345.0,317.0
13.0,-324.0,318.0
-24.0,-361.0,288.0
-22.0,-361.0,352.0
-34.0,-375.0,339.0
-19.0,-355.0,303.0
-36.0,-371.0,316.0
-31.0,-358.0,275.0
-15.0,-344.0,335.0
11.0,-362.0,289.0
59.0,-293.0,370.0
65.0,-266.0,333.0
27.0,-360.0,315.0
109.0,-246.0,401.0
81.0,-280.0,316.0
62.0,-354.0,337.0
94.0,-280.0,364.0
90.0,-315.0,317.0
44.0,-347.0,319.0
91.0,-277.0,386.0
107.0,-341.0,319.0
49.0,-315.0,337.0
28.0,-340.0,320.0
60.0,-323.0,315.0
42.0,-329.0,350.0
33.0,-347.0,304.0
15.0,-341.0,290.0
42.0,-326.0,321.0
27.0,-344.0,307.0
31.0,-342.0,323.0
-,-,-
12.0,-246.0,449.0
66.0,-198.0,429.0
125.0,-179.0,449.0
113.0,-226.0,412.0
110.0,-264.0,411.0
127.0,-264.0,387.0
79.0,-356.0,350.0
96.0,-312.0,317.0
77.0,-372.0,304.0
89.0,-358.0,305.0
66.0,-373.0,288.0
60.0,-374.0,304.0
109.0,-283.0,337.0
61.0,-377.0,334.0
16.0,-378.0,288.0
44.0,-344.0,321.0
-5.0,-409.0,286.0
46.0,-325.0,303.0
29.0,-391.0,304.0
89.0,-297.0,332.0
45.0,-327.0,285.0
45.0,-324.0,333.0
106.0,-216.0,411.0
48.0,-329.0,306.0
77.0,-267.0,363.0
63.0,-314.0,353.0
79.0,-297.0,363.0
60.0,-310.0,365.0
64.0,-275.0,351.0
79.0,-293.0,385.0
75.0,-312.0,378.0
65.0,-322.0,299.0
46.0,-345.0,338.0
44.0,-345.0,292.0
65.0,-330.0,320.0
44.0,-359.0,320.0
61.0,-330.0,337.0
28.0,-362.0,318.0
16.0,-440.0,285.0
-,-,-
-53.0,-275.0,396.0
-99.0,-372.0,433.0
89.0,-409.0,445.0
46.0,-267.0,419.0
61.0,-242.0,413.0
32.0,-310.0,387.0
139.0,-345.0,287.0
-63.0,-362.0,319.0
0.0,-377.0,268.0
-18.0,-408.0,234.0
-23.0,-420.0,236.0
-53.0,-420.0,255.0
-22.0,-356.0,243.0
-53.0,-392.0,286.0
-53.0,-388.0,236.0
-50.0,-394.0,291.0
-70.0,-394.0,255.0
-68.0,-386.0,268.0
-38.0,-375.0,285.0
-21.0,-378.0,307.0
27.0,-313.0,305.0
-3.0,-342.0,321.0
12.0,-297.0,301.0
15.0,-391.0,337.0
62.0,-296.0,395.0
93.0,-259.0,352.0
13.0,-372.0,333.0
113.0,-214.0,400.0
107.0,-250.0,417.0
77.0,-325.0,355.0
58.0,-282.0,400.0
-16.0,-312.0,315.0
49.0,-331.0,370.0
31.0,-324.0,324.0
17.0,-346.0,283.0
-16.0,-371.0,255.0
76.0,-311.0,283.0
9.0,-376.0,320.0
44.0,-331.0,351.0
74.0,-388.0,353.0
-,-,-
-23.0,-264.0,419.0
62.0,-244.0,403.0
90.0,-244.0,447.0
13.0,-439.0,497.0
107.0,-229.0,403.0
91.0,-297.0,355.0
65.0,-323.0,301.0
61.0,-362.0,287.0
33.0,-406.0,269.0
48.0,-377.0,290.0
29.0,-392.0,269.0
26.0,-404.0,270.0
-1.0,-390.0,256.0
42.0,-330.0,320.0
-33.0,-404.0,288.0
-16.0,-378.0,286.0
-18.0,-402.0,301.0
-7.0,-387.0,259.0
-5.0,-362.0,289.0
27.0,-357.0,323.0
60.0,-295.0,332.0
17.0,-358.0,302.0
58.0,-308.0,354.0
65.0,-282.0,365.0
15.0,-374.0,274.0
72.0,-310.0,387.0
73.0,-292.0,417.0
73.0,-266.0,397.0
81.0,-293.0,336.0
27.0,-325.0,305.0
57.0,-250.0,367.0
60.0,-314.0,365.0
29.0,-344.0,307.0
17.0,-328.0,335.0
30.0,-326.0,321.0
28.0,-332.0,348.0
13.0,-358.0,300.0
-,-,-
18.0,-265.0,462.0
94.0,-226.0,385.0
49.0,-338.0,353.0
139.0,-439.0,339.0
111.0,-274.0,395.0
95.0,-264.0,383.0
64.0,-308.0,332.0
105.0,-309.0,339.0
45.0,-342.0,334.0
73.0,-331.0,316.0
47.0,-359.0,316.0
25.0,-389.0,267.0
47.0,-343.0,303.0
26.0,-378.0,285.0
29.0,-377.0,288.0
41.0,-339.0,316.0
-6.0,-407.0,283.0
28.0,-355.0,319.0
-20.0,-393.0,301.0
-38.0,-404.0,255.0
-7.0,-358.0,316.0
-31.0,-388.0,269.0
12.0,-330.0,338.0
-16.0,-358.0,333.0
28.0,-313.0,355.0
89.0,-248.0,365.0
28.0,-389.0,307.0
127.0,-242.0,386.0
159.0,-214.0,414.0
90.0,-346.0,334.0
123.0,-279.0,416.0
109.0,-280.0,348.0
-31.0,-396.0,273.0
75.0,-312.0,335.0
59.0,-326.0,365.0
42.0,-331.0,304.0
44.0,-311.0,379.0
47.0,-326.0,333.0
64.0,-313.0,350.0
16.0,-361.0,302.0
-,-,-
-5.0,-264.0,418.0
29.0,-311.0,464.0
72.0,-248.0,411.0
91.0,-184.0,512.0
112.0,-215.0,352.0
48.0,-314.0,384.0
74.0,-292.0,364.0
74.0,-344.0,332.0
74.0,-355.0,304.0
58.0,-343.0,301.0
25.0,-392.0,300.0
57.0,-339.0,317.0
-7.0,-374.0,291.0
-31.0,-404.0,242.0
-4.0,-376.0,275.0
-34.0,-406.0,268.0
0.0,-373.0,304.0
10.0,-359.0,347.0
-17.0,-362.0,256.0
-7.0,-362.0,301.0
2.0,-361.0,300.0
29.0,-329.0,348.0
13.0,-340.0,316.0
59.0,-324.0,362.0
129.0,-275.0,415.0
76.0,-315.0,332.0
76.0,-314.0,323.0
112.0,-312.0,337.0
76.0,-358.0,367.0
110.0,-294.0,338.0
46.0,-359.0,317.0
61.0,-342.0,288.0
76.0,-332.0,316.0
62.0,-375.0,283.0
225.0,-346.0,316.0
30.0,-360.0,299.0
42.0,-359.0,289.0
16.0,-370.0,289.0
15.0,-374.0,271.0
28.0,-358.0,275.0
41.0,-427.0,319.0
-,-,-
65.0,-307.0,527.0
48.0,-342.0,353.0
62.0,-233.0,381.0
-134.0,-277.0,443.0
80.0,-218.0,355.0
25.0,-345.0,381.0
58.0,-297.0,322.0
74.0,-355.0,287.0
31.0,-393.0,292.0
49.0,-342.0,304.0
16.0,-410.0,269.0
45.0,-378.0,274.0
46.0,-377.0,285.0
1.0,-438.0,300.0
1.0,-362.0,273.0
-34.0,-419.0,251.0
-63.0,-435.0,237.0
-39.0,-407.0,242.0
-47.0,-390.0,300.0
45.0,-293.0,351.0
77.0,-277.0,368.0
72.0,-248.0,448.0
97.0,-308.0,331.0
111.0,-216.0,401.0
13.0,-345.0,315.0
10.0,-326.0,364.0
96.0,-215.0,419.0
11.0,-357.0,307.0
95.0,-276.0,411.0
-1.0,-296.0,401.0
42.0,-323.0,305.0
26.0,-344.0,321.0
92.0,-275.0,365.0
43.0,-342.0,348.0
17.0,-345.0,316.0
31.0,-362.0,349.0
-,-,-
-95.0,-316.0,542.0
79.0,-185.0,476.0
74.0,-231.0,461.0
64.0,-265.0,349.0
26.0,-298.0,382.0
61.0,-314.0,318.0
107.0,-299.0,337.0
60.0,-356.0,331.0
90.0,-325.0,302.0
45.0,-392.0,285.0
63.0,-346.0,318.0
63.0,-357.0,273.0
41.0,-375.0,306.0
32.0,-362.0,286.0
-18.0,-404.0,289.0
-5.0,-389.0,273.0
-1.0,-376.0,305.0
-38.0,-411.0,161.0
-17.0,-370.0,271.0
12.0,-308.0,321.0
-23.0,-409.0,291.0
30.0,-281.0,352.0
25.0,-314.0,370.0
45.0,-283.0,415.0
81.0,-245.0,383.0
59.0,-293.0,380.0
90.0,-244.0,413.0
89.0,-266.0,382.0
65.0,-314.0,365.0
74.0,-279.0,369.0
46.0,-314.0,370.0
48.0,-323.0,352.0
-4.0,-314.0,338.0
-84.0,-343.0,323.0
25.0,-341.0,304.0
33.0,-330.0,317.0
25.0,-331.0,334.0
33.0,-330.0,335.0
12.0,-341.0,332.0
28.0,-343.0,366.0
80.0,-328.0,337.0
-,-,-
16.0,-211.0,490.0
61.0,-281.0,353.0
-65.0,-234.0,430.0
32.0,-234.0,539.0
97.0,-170.0,498.0
66.0,-200.0,383.0
105.0,-219.0,379.0
76.0,-281.0,402.0
63.0,-324.0,415.0
45.0,-314.0,411.0
58.0,-295.0,366.0
64.0,-298.0,332.0
28.0,-322.0,353.0
64.0,-248.0,370.0
41.0,-296.0,348.0
-15.0,-329.0,397.0
-6.0,-308.0,356.0
-34.0,-338.0,385.0
-36.0,-324.0,398.0
-46.0,-342.0,320.0
-48.0,-344.0,322.0
-39.0,-344.0,339.0
-17.0,-292.0,396.0
28.0,-248.0,380.0
29.0,-274.0,399.0
75.0,-228.0,430.0
77.0,-228.0,412.0
74.0,-230.0,448.0
75.0,-185.0,416.0
125.0,-156.0,443.0
72.0,-251.0,445.0
107.0,-215.0,430.0
-1.0,-284.0,380.0
60.0,-275.0,354.0
43.0,-315.0,365.0
29.0,-325.0,353.0
42.0,-299.0,350.0
43.0,-312.0,399.0
93.0,-280.0,396.0
-,-,-
-80.0,-452.0,466.0
92.0,-281.0,427.0
89.0,-231.0,414.0
58.0,-281.0,336.0
79.0,-293.0,382.0
64.0,-311.0,351.0
64.0,-330.0,337.0
62.0,-330.0,315.0
62.0,-356.0,274.0
44.0,-378.0,285.0
11.0,-392.0,268.0
42.0,-362.0,254.0
32.0,-374.0,275.0
26.0,-374.0,269.0
45.0,-357.0,302.0
15.0,-376.0,428.0
17.0,-343.0,272.0
-23.0,-378.0,307.0
-54.0,-390.0,286.0
-67.0,-407.0,273.0
-82.0,-453.0,239.0
-37.0,-390.0,273.0
-6.0,-378.0,333.0
33.0,-339.0,284.0
48.0,-307.0,384.0
111.0,-280.0,396.0
93.0,-280.0,368.0
80.0,-309.0,348.0
81.0,-283.0,396.0
46.0,-355.0,318.0
61.0,-313.0,350.0
75.0,-313.0,348.0
34.0,-360.0,283.0
62.0,-339.0,332.0
17.0,-372.0,258.0
30.0,-373.0,270.0
59.0,-346.0,331.0
46.0,-343.0,353.0
30.0,-362.0,251.0
-,-,-
-34.0,-277.0,450.0
90.0,-233.0,400.0
11.0,-440.0,530.0
160.0,-213.0,415.0
92.0,-280.0,401.0
106.0,-279.0,332.0
97.0,-298.0,385.0
78.0,-323.0,319.0
60.0,-330.0,322.0
-1.0,-392.0,267.0
28.0,-389.0,268.0
27.0,-389.0,287.0
-48.0,-437.0,227.0
-6.0,-393.0,252.0
-31.0,-421.0,175.0
12.0,-358.0,285.0
11.0,-362.0,323.0
-35.0,-394.0,243.0
17.0,-355.0,305.0
14.0,-374.0,303.0
27.0,-359.0,290.0
31.0,-345.0,318.0
79.0,-296.0,366.0
16.0,-375.0,306.0
58.0,-314.0,302.0
62.0,-341.0,348.0
44.0,-344.0,302.0
122.0,-282.0,364.0
78.0,-357.0,317.0
75.0,-323.0,353.0
109.0,-308.0,356.0
47.0,-362.0,301.0
97.0,-311.0,353.0
48.0,-346.0,291.0
63.0,-356.0,308.0
42.0,-358.0,276.0
59.0,-341.0,288.0
30.0,-362.0,335.0
29.0,-371.0,241.0
26.0,-378.0,274.0
-,-,-
-39.0,-379.0,545.0
140.0,-214.0,444.0
124.0,-229.0,445.0
94.0,-264.0,353.0
93.0,-323.0,368.0
57.0,-330.0,307.0
41.0,-373.0,275.0
50.0,-378.0,260.0
41.0,-387.0,243.0
58.0,-387.0,256.0
17.0,-436.0,227.0
16.0,-410.0,241.0
15.0,-359.0,241.0
-23.0,-439.0,236.0
-16.0,-387.0,268.0
-24.0,-379.0,288.0
-36.0,-392.0,259.0
-6.0,-374.0,304.0
16.0,-363.0,317.0
11.0,-387.0,300.0
18.0,-359.0,271.0
27.0,-357.0,317.0
46.0,-330.0,304.0
58.0,-280.0,317.0
48.0,-346.0,274.0
111.0,-295.0,364.0
75.0,-361.0,284.0
96.0,-324.0,316.0
92.0,-330.0,334.0
-3.0,-404.0,221.0
17.0,-362.0,290.0
15.0,-362.0,290.0
48.0,-344.0,319.0
46.0,-345.0,321.0
48.0,-341.0,332.0
48.0,-345.0,323.0
40.0,-356.0,273.0
34.0,-360.0,284.0
42.0,-355.0,283.0
46.0,-347.0,302.0
48.0,-344.0,355.0
-,-,-
-65.0,-402.0,463.0
153.0,-251.0,385.0
105.0,-296.0,371.0
140.0,-250.0,338.0
113.0,-331.0,371.0
124.0,-294.0,322.0
108.0,-356.0,316.0
91.0,-343.0,275.0
90.0,-355.0,282.0
45.0,-394.0,270.0
30.0,-389.0,243.0
30.0,-404.0,253.0
14.0,-395.0,257.0
-16.0,-422.0,235.0
11.0,-392.0,251.0
29.0,-362.0,302.0
-17.0,-421.0,242.0
18.0,-364.0,306.0
17.0,-373.0,270.0
0.0,-389.0,269.0
15.0,-379.0,365.0
48.0,-329.0,348.0
29.0,-355.0,288.0
28.0,-355.0,303.0
64.0,-331.0,319.0
57.0,-346.0,300.0
48.0,-359.0,291.0
94.0,-313.0,346.0
81.0,-325.0,331.0
75.0,-341.0,323.0
76.0,-324.0,335.0
91.0,-325.0,336.0
90.0,-328.0,322.0
75.0,-331.0,307.0
63.0,-346.0,322.0
28.0,-362.0,274.0
74.0,-340.0,316.0
44.0,-360.0,287.0
27.0,-365.0,284.0
16.0,-386.0,268.0
44.0,-378.0,275.0
92.0,-356.0,333.0
-,-,-
25.0,-250.0,416.0
-39.0,-437.0,514.0
122.0,-261.0,449.0
96.0,-211.0,386.0
32.0,-327.0,304.0
49.0,-324.0,368.0
16.0,-357.0,317.0
29.0,-345.0,304.0
10.0,-378.0,274.0
14.0,-389.0,253.0
9.0,-394.0,275.0
-20.0,-410.0,242.0
-5.0,-377.0,287.0
10.0,-360.0,268.0
-16.0,-376.0,300.0
-38.0,-395.0,254.0
-20.0,-393.0,283.0
-34.0,-388.0,272.0
-14.0,-377.0,288.0
-3.0,-362.0,290.0
32.0,-343.0,323.0
11.0,-355.0,300.0
31.0,-329.0,306.0
64.0,-314.0,368.0
32.0,-357.0,285.0
88.0,-312.0,354.0
61.0,-344.0,316.0
47.0,-330.0,287.0
58.0,-346.0,300.0
65.0,-330.0,319.0
78.0,-323.0,350.0
91.0,-308.0,364.0
80.0,-311.0,323.0
79.0,-298.0,363.0
94.0,-309.0,364.0
44.0,-354.0,299.0
47.0,-343.0,304.0
28.0,-360.0,304.0
-3.0,-375.0,269.0
18.0,-357.0,302.0
-,-,-
-84.0,-420.0,480.0
81.0,-229.0,419.0
121.0,-180.0,404.0
93.0,-229.0,433.0
123.0,-213.0,416.0
142.0,-216.0,444.0
110.0,-278.0,371.0
92.0,-300.0,350.0
73.0,-361.0,321.0
65.0,-340.0,304.0
49.0,-372.0,302.0
40.0,-375.0,285.0
42.0,-363.0,289.0
10.0,-374.0,321.0
-8.0,-361.0,14.0
-37.0,-393.0,259.0
-66.0,-422.0,299.0
-24.0,-393.0,301.0
-19.0,-363.0,285.0
-5.0,-343.0,319.0
14.0,-356.0,306.0
58.0,-281.0,352.0
44.0,-326.0,353.0
77.0,-277.0,349.0
66.0,-267.0,386.0
74.0,-308.0,338.0
76.0,-278.0,369.0
74.0,-298.0,368.0
96.0,-262.0,379.0
58.0,-330.0,337.0
63.0,-309.0,348.0
50.0,-329.0,320.0
31.0,-358.0,349.0
-16.0,-371.0,268.0
27.0,-356.0,288.0
80.0,-324.0,380.0
76.0,-391.0,368.0
-,-,-
14.0,-280.0,413.0
74.0,-263.0,450.0
125.0,-202.0,446.0
79.0,-214.0,412.0
41.0,-279.0,352.0
75.0,-295.0,401.0
33.0,-359.0,318.0
60.0,-362.0,271.0
58.0,-377.0,300.0
31.0,-388.0,285.0
16.0,-388.0,271.0
0.0,-390.0,290.0
-48.0,-422.0,221.0
-62.0,-437.0,238.0
-23.0,-375.0,271.0
-32.0,-389.0,287.0
-20.0,-363.0,287.0
9.0,-342.0,290.0
11.0,-362.0,336.0
42.0,-312.0,349.0
61.0,-292.0,349.0
62.0,-308.0,370.0
109.0,-229.0,415.0
79.0,-296.0,366.0
94.0,-266.0,396.0
43.0,-309.0,306.0
43.0,-458.0,334.0
32.0,-314.0,323.0
43.0,-371.0,315.0
43.0,-328.0,363.0
29.0,-326.0,306.0
13.0,-340.0,338.0
-6.0,-347.0,302.0
46.0,-324.0,333.0
13.0,-346.0,318.0
13.0,-358.0,319.0
-,-,-
-50.0,-471.0,479.0
159.0,-203.0,448.0
92.0,-232.0,433.0
154.0,-214.0,369.0
93.0,-275.0,416.0
78.0,-249.0,380.0
61.0,-296.0,352.0
46.0,-344.0,334.0
76.0,-339.0,335.0
65.0,-362.0,290.0
74.0,-361.0,274.0
45.0,-393.0,283.0
61.0,-346.0,272.0
47.0,-378.0,300.0
14.0,-393.0,271.0
-18.0,-421.0,258.0
16.0,-373.0,318.0
16.0,-345.0,318.0
11.0,-358.0,270.0
12.0,-327.0,320.0
15.0,-373.0,331.0
26.0,-326.0,331.0
44.0,-327.0,363.0
44.0,-294.0,331.0
34.0,-329.0,338.0
93.0,-290.0,417.0
94.0,-259.0,332.0
32.0,-342.0,351.0
93.0,-262.0,383.0
79.0,-266.0,367.0
31.0,-328.0,332.0
66.0,-294.0,354.0
65.0,-311.0,367.0
72.0,-310.0,354.0
63.0,-298.0,369.0
-,-,-
49.0,-233.0,451.0
81.0,-235.0,413.0
106.0,-217.0,435.0
111.0,-200.0,444.0
-68.0,-265.0,381.0
94.0,-259.0,394.0
61.0,-325.0,321.0
64.0,-341.0,321.0
26.0,-375.0,304.0
0.0,-436.0,222.0
26.0,-378.0,251.0
10.0,-425.0,274.0
-22.0,-424.0,220.0
-37.0,-425.0,209.0
-5.0,-389.0,302.0
-1.0,-389.0,273.0
-17.0,-407.0,252.0
-16.0,-377.0,272.0
15.0,-359.0,332.0
16.0,-342.0,332.0
29.0,-340.0,332.0
41.0,-324.0,334.0
77.0,-276.0,367.0
61.0,-312.0,371.0
61.0,-292.0,323.0
64.0,-310.0,381.0
59.0,-370.0,348.0
58.0,-347.0,367.0
56.0,-310.0,351.0
30.0,-307.0,333.0
29.0,-362.0,334.0
45.0,-308.0,321.0
44.0,-340.0,338.0
33.0,-345.0,307.0
60.0,-329.0,333.0
45.0,-344.0,316.0
-,-,-
42.0,-295.0,402.0
-3.0,-261.0,415.0
95.0,-243.0,411.0
61.0,-266.0,386.0
60.0,-298.0,366.0
60.0,-313.0,336.0
72.0,-330.0,315.0
80.0,-330.0,331.0
62.0,-340.0,290.0
61.0,-363.0,274.0
46.0,-379.0,268.0
58.0,-379.0,315.0
27.0,-404.0,237.0
12.0,-421.0,238.0
-35.0,-421.0,140.0
-54.0,-409.0,189.0
-63.0,-440.0,208.0
-49.0,-392.0,268.0
-47.0,-394.0,268.0
-33.0,-374.0,243.0
0.0,-343.0,307.0
60.0,-324.0,369.0
49.0,-342.0,317.0
59.0,-324.0,347.0
58.0,-346.0,334.0
122.0,-293.0,348.0
75.0,-326.0,335.0
43.0,-362.0,254.0
82.0,-311.0,352.0
13.0,-378.0,272.0
46.0,-346.0,316.0
58.0,-327.0,318.0
26.0,-357.0,305.0
48.0,-328.0,317.0
28.0,-360.0,303.0
45.0,-342.0,323.0
47.0,-344.0,316.0
32.0,-361.0,292.0
58.0,-345.0,290.0
-,-,-
-82.0,-375.0,587.0
76.0,-284.0,396.0
66.0,-264.0,386.0
89.0,-234.0,400.0
77.0,-266.0,396.0
80.0,-250.0,400.0
94.0,-279.0,398.0
60.0,-330.0,320.0
90.0,-297.0,347.0
60.0,-345.0,315.0
62.0,-362.0,290.0
64.0,-361.0,299.0
42.0,-379.0,240.0
11.0,-389.0,257.0
18.0,-372.0,284.0
-20.0,-407.0,-18.0
-18.0,-386.0,267.0
-20.0,-376.0,272.0
-48.0,-422.0,239.0
-2.0,-380.0,315.0
26.0,-371.0,319.0
9.0,-377.0,253.0
43.0,-344.0,303.0
47.0,-311.0,354.0
73.0,-325.0,305.0
93.0,-313.0,353.0
-5.0,-324.0,349.0
95.0,-294.0,337.0
90.0,-329.0,363.0
111.0,-282.0,351.0
96.0,-309.0,348.0
62.0,-344.0,317.0
61.0,-344.0,289.0
75.0,-325.0,334.0
62.0,-326.0,333.0
64.0,-329.0,305.0
63.0,-344.0,380.0
-,-,-
-16.0,-333.0,397.0
81.0,-279.0,365.0
90.0,-276.0,450.0
125.0,-226.0,403.0
110.0,-278.0,384.0
97.0,-295.0,351.0
110.0,-309.0,351.0
58.0,-343.0,306.0
81.0,-344.0,303.0
62.0,-363.0,284.0
43.0,-371.0,300.0
31.0,-371.0,287.0
10.0,-393.0,227.0
14.0,-371.0,289.0
-2.0,-374.0,271.0
10.0,-371.0,287.0
9.0,-370.0,287.0
-49.0,-421.0,239.0
12.0,-371.0,304.0
15.0,-346.0,322.0
47.0,-346.0,301.0
58.0,-324.0,339.0
48.0,-356.0,306.0
74.0,-338.0,320.0
59.0,-314.0,317.0
74.0,-312.0,347.0
62.0,-313.0,349.0
30.0,-344.0,274.0
59.0,-313.0,370.0
91.0,-282.0,335.0
65.0,-330.0,363.0
61.0,-323.0,336.0
64.0,-313.0,335.0
44.0,-343.0,333.0
61.0,-323.0,322.0
74.0,-323.0,353.0
30.0,-354.0,304.0
57.0,-314.0,317.0
-,-,-
-15.0,-310.0,354.0
33.0,-357.0,444.0
61.0,-267.0,388.0
45.0,-278.0,369.0
77.0,-281.0,396.0
89.0,-283.0,387.0
59.0,-326.0,335.0
77.0,-312.0,350.0
57.0,-345.0,276.0
76.0,-341.0,306.0
48.0,-387.0,270.0
62.0,-361.0,270.0
61.0,-377.0,258.0
29.0,-411.0,239.0
13.0,-409.0,254.0
-5.0,-423.0,235.0
-30.0,-436.0,239.0
9.0,-377.0,302.0
-32.0,-357.0,275.0
74.0,-362.0,301.0
15.0,-355.0,303.0
-19.0,-357.0,307.0
45.0,-311.0,349.0
75.0,-293.0,367.0
42.0,-325.0,351.0
78.0,-265.0,349.0
61.0,-311.0,379.0
58.0,-311.0,332.0
62.0,-311.0,366.0
47.0,-326.0,322.0
75.0,-308.0,363.0
47.0,-338.0,320.0
73.0,-307.0,364.0
57.0,-314.0,332.0
46.0,-329.0,316.0
33.0,-331.0,350.0
33.0,-340.0,338.0
13.0,-359.0,259.0
12.0,-359.0,300.0
27.0,-330.0,323.0
-,-,-
42.0,-297.0,364.0
63.0,-277.0,387.0
46.0,-277.0,354.0
75.0,-276.0,387.0
49.0,-296.0,383.0
64.0,-281.0,383.0
58.0,-328.0,315.0
74.0,-315.0,338.0
43.0,-347.0,289.0
49.0,-359.0,286.0
48.0,-375.0,269.0
28.0,-375.0,255.0
30.0,-392.0,237.0
16.0,-515.0,236.0
1.0,-419.0,252.0
-31.0,-437.0,218.0
-53.0,-454.0,173.0
-50.0,-437.0,210.0
-50.0,-424.0,226.0
-36.0,-405.0,254.0
-5.0,-375.0,258.0
-3.0,-375.0,303.0
58.0,-322.0,348.0
60.0,-311.0,348.0
42.0,-341.0,335.0
76.0,-297.0,364.0
43.0,-354.0,315.0
79.0,-295.0,378.0
77.0,-310.0,355.0
76.0,-315.0,335.0
31.0,-342.0,318.0
31.0,-357.0,285.0
28.0,-358.0,270.0
32.0,-357.0,292.0
16.0,-362.0,300.0
48.0,-344.0,305.0
43.0,-346.0,318.0
29.0,-357.0,286.0
24.0,-346.0,287.0
-,-,-
-31.0,-324.0,307.0
-1.0,-330.0,331.0
18.0,-310.0,385.0
140.0,-230.0,449.0
96.0,-264.0,381.0
75.0,-312.0,380.0
90.0,-296.0,398.0
64.0,-324.0,323.0
42.0,-371.0,305.0
29.0,-362.0,284.0
31.0,-380.0,268.0
47.0,-362.0,270.0
16.0,-404.0,257.0
16.0,-391.0,235.0
31.0,-406.0,239.0
13.0,-404.0,286.0
47.0,-340.0,268.0
13.0,-411.0,236.0
-3.0,-411.0,271.0
18.0,-392.0,227.0
14.0,-409.0,270.0
11.0,-391.0,255.0
17.0,-373.0,286.0
14.0,-360.0,286.0
28.0,-360.0,274.0
43.0,-340.0,320.0
26.0,-356.0,301.0
28.0,-354.0,315.0
46.0,-323.0,306.0
17.0,-359.0,304.0
49.0,-309.0,332.0
42.0,-341.0,324.0
48.0,-324.0,332.0
81.0,-297.0,381.0
32.0,-356.0,318.0
60.0,-324.0,319.0
27.0,-371.0,301.0
25.0,-342.0,283.0
42.0,-345.0,332.0
17.0,-374.0,257.0
45.0,-340.0,322.0
12.0,-363.0,303.0
34.0,-330.0,300.0
-1.0,-386.0,304.0
-,-,-
11.0,-292.0,400.0
42.0,-276.0,402.0
112.0,-216.0,429.0
91.0,-274.0,419.0
92.0,-263.0,380.0
76.0,-324.0,365.0
47.0,-327.0,288.0
90.0,-313.0,321.0
15.0,-409.0,274.0
27.0,-360.0,239.0
63.0,-408.0,272.0
-4.0,-425.0,210.0
14.0,-423.0,258.0
-22.0,-405.0,239.0
-67.0,-469.0,193.0
-6.0,-394.0,275.0
-16.0,-389.0,271.0
-33.0,-422.0,223.0
26.0,-346.0,288.0
26.0,-374.0,285.0
57.0,-313.0,331.0
33.0,-340.0,314.0
110.0,-261.0,414.0
46.0,-357.0,302.0
82.0,-293.0,365.0
29.0,-358.0,286.0
62.0,-312.0,370.0
64.0,-323.0,347.0
46.0,-342.0,322.0
77.0,-297.0,351.0
44.0,-358.0,333.0
60.0,-322.0,350.0
29.0,-338.0,319.0
12.0,-341.0,316.0
32.0,-341.0,338.0
-,-,-
-7.0,-309.0,417.0
11.0,-311.0,414.0
44.0,-373.0,513.0
62.0,-266.0,463.0
81.0,-228.0,399.0
32.0,-331.0,335.0
31.0,-331.0,316.0
30.0,-359.0,275.0
-17.0,-421.0,240.0
-17.0,-409.0,225.0
-22.0,-434.0,240.0
-67.0,-439.0,190.0
-95.0,-456.0,191.0
-67.0,-420.0,240.0
-71.0,-424.0,237.0
-38.0,-392.0,242.0
-4.0,-378.0,287.0
-16.0,-390.0,267.0
29.0,-325.0,302.0
61.0,-322.0,362.0
25.0,-342.0,298.0
78.0,-296.0,395.0
50.0,-313.0,347.0
29.0,-328.0,338.0
59.0,-294.0,383.0
92.0,-267.0,385.0
63.0,-314.0,371.0
46.0,-298.0,337.0
58.0,-322.0,366.0
42.0,-309.0,355.0
59.0,-311.0,364.0
16.0,-346.0,257.0
13.0,-362.0,290.0
33.0,-330.0,348.0
-,-,-
-127.0,-503.0,481.0
155.0,-227.0,466.0
90.0,-249.0,459.0
144.0,-167.0,386.0
76.0,-298.0,386.0
74.0,-295.0,366.0
44.0,-359.0,524.0
31.0,-391.0,258.0
10.0,-392.0,253.0
13.0,-419.0,253.0
9.0,-390.0,268.0
-37.0,-426.0,226.0
-19.0,-442.0,207.0
-22.0,-439.0,235.0
-70.0,-472.0,190.0
-35.0,-424.0,226.0
-30.0,-426.0,236.0
29.0,-341.0,291.0
1.0,-362.0,319.0
45.0,-314.0,316.0
33.0,-307.0,367.0
27.0,-340.0,347.0
80.0,-261.0,369.0
17.0,-363.0,305.0
89.0,-279.0,386.0
95.0,-283.0,379.0
50.0,-345.0,337.0
59.0,-314.0,316.0
28.0,-375.0,301.0
47.0,-322.0,335.0
42.0,-344.0,304.0
58.0,-360.0,304.0
-,-,-
42.0,-341.0,412.0
74.0,-265.0,399.0
61.0,-263.0,412.0
60.0,-262.0,396.0
60.0,-280.0,386.0
58.0,-293.0,368.0
30.0,-342.0,303.0
65.0,-329.0,304.0
31.0,-371.0,285.0
57.0,-342.0,367.0
17.0,-394.0,256.0
30.0,-348.0,447.0
32.0,-389.0,259.0
44.0,-393.0,269.0
12.0,-427.0,223.0
-36.0,-442.0,210.0
-39.0,-421.0,221.0
-16.0,-408.0,257.0
-15.0,-393.0,275.0
-3.0,-377.0,240.0
-3.0,-392.0,285.0
48.0,-325.0,335.0
61.0,-306.0,336.0
58.0,-347.0,318.0
125.0,-265.0,401.0
42.0,-376.0,287.0
94.0,-278.0,385.0
90.0,-294.0,365.0
17.0,-388.0,306.0
63.0,-308.0,322.0
45.0,-358.0,321.0
48.0,-326.0,335.0
80.0,-298.0,354.0
43.0,-347.0,306.0
42.0,-329.0,321.0
-,-,-
63.0,-355.0,403.0
110.0,-263.0,383.0
94.0,-265.0,399.0
90.0,-275.0,396.0
76.0,-299.0,352.0
64.0,-307.0,354.0
46.0,-344.0,301.0
62.0,-340.0,301.0
30.0,-362.0,315.0
30.0,-372.0,241.0
13.0,-378.0,290.0
10.0,-404.0,236.0
13.0,-392.0,268.0
-49.0,-439.0,205.0
-14.0,-362.0,253.0
-22.0,-402.0,252.0
-32.0,-392.0,242.0
-18.0,-404.0,267.0
-19.0,-422.0,239.0
-2.0,-391.0,284.0
15.0,-377.0,292.0
11.0,-359.0,284.0
64.0,-324.0,316.0
78.0,-313.0,335.0
73.0,-359.0,315.0
129.0,-264.0,403.0
90.0,-308.0,316.0
28.0,-389.0,236.0
106.0,-296.0,363.0
59.0,-343.0,335.0
60.0,-343.0,301.0
82.0,-306.0,364.0
29.0,-361.0,274.0
30.0,-344.0,314.0
26.0,-343.0,317.0
13.0,-344.0,336.0
12.0,-344.0,303.0
26.0,-345.0,330.0
33.0,-356.0,321.0
-,-,-
108.0,-330.0,399.0
92.0,-314.0,380.0
80.0,-291.0,323.0
79.0,-282.0,347.0
65.0,-297.0,383.0
57.0,-298.0,346.0
74.0,-308.0,346.0
32.0,-346.0,306.0
14.0,-345.0,290.0
-18.0,-405.0,268.0
-23.0,-409.0,243.0
-33.0,-421.0,235.0
-38.0,-443.0,204.0
-18.0,-410.0,222.0
-17.0,-419.0,238.0
-38.0,-425.0,223.0
-36.0,-426.0,221.0
-8.0,-419.0,242.0
10.0,-388.0,223.0
-6.0,-403.0,257.0
31.0,-345.0,286.0
32.0,-362.0,322.0
28.0,-356.0,316.0
88.0,-266.0,380.0
-18.0,-404.0,257.0
77.0,-293.0,397.0
80.0,-308.0,338.0
30.0,-389.0,289.0
94.0,-307.0,383.0
33.0,-346.0,283.0
30.0,-357.0,303.0
42.0,-343.0,321.0
12.0,-371.0,274.0
31.0,-355.0,306.0
15.0,-372.0,300.0
-1.0,-362.0,287.0
-,-,-
-22.0,-311.0,400.0
62.0,-292.0,369.0
45.0,-293.0,388.0
81.0,-262.0,398.0
64.0,-313.0,354.0
63.0,-323.0,350.0
62.0,-326.0,316.0
43.0,-358.0,290.0
43.0,-361.0,300.0
32.0,-376.0,272.0
-14.0,-422.0,238.0
28.0,-387.0,241.0
-15.0,-424.0,252.0
-52.0,-427.0,205.0
-49.0,-405.0,205.0
-50.0,-437.0,223.0
-52.0,-435.0,193.0
-65.0,-410.0,187.0
-33.0,-393.0,266.0
-31.0,-394.0,238.0
-17.0,-388.0,272.0
34.0,-360.0,290.0
24.0,-357.0,271.0
57.0,-330.0,322.0
59.0,-340.0,318.0
47.0,-344.0,322.0
49.0,-330.0,317.0
47.0,-331.0,337.0
43.0,-345.0,300.0
59.0,-323.0,367.0
29.0,-345.0,304.0
46.0,-342.0,334.0
24.0,-360.0,288.0
33.0,-356.0,288.0
34.0,-355.0,350.0
34.0,-355.0,284.0
30.0,-362.0,273.0
9.0,-378.0,254.0
11.0,-374.0,291.0
1.0,-378.0,237.0
15.0,-360.0,286.0
-,-,-
-94.0,-393.0,494.0
80.0,-234.0,460.0
62.0,-259.0,396.0
44.0,-281.0,397.0
107.0,-261.0,400.0
63.0,-315.0,351.0
60.0,-344.0,291.0
64.0,-347.0,299.0
33.0,-390.0,257.0
46.0,-370.0,258.0
17.0,-409.0,255.0
17.0,-387.0,253.0
12.0,-391.0,254.0
10.0,-406.0,274.0
-21.0,-408.0,208.0
-16.0,-378.0,225.0
-32.0,-394.0,291.0
-18.0,-391.0,255.0
-3.0,-394.0,288.0
-19.0,-374.0,267.0
10.0,-388.0,269.0
32.0,-358.0,307.0
47.0,-345.0,288.0
28.0,-358.0,303.0
73.0,-312.0,335.0
74.0,-309.0,351.0
74.0,-325.0,336.0
63.0,-324.0,349.0
59.0,-329.0,305.0
29.0,-346.0,319.0
43.0,-331.0,335.0
26.0,-361.0,302.0
27.0,-346.0,322.0
32.0,-342.0,302.0
28.0,-344.0,321.0
14.0,-357.0,288.0
44.0,-342.0,323.0
29.0,-357.0,304.0
26.0,-363.0,304.0
-,-,-
25.0,-277.0,446.0
58.0,-279.0,382.0
33.0,-281.0,397.0
79.0,-229.0,435.0
48.0,-295.0,385.0
30.0,-298.0,382.0
29.0,-322.0,320.0
12.0,-374.0,273.0
1.0,-387.0,272.0
-3.0,-424.0,208.0
44.0,-394.0,243.0
29.0,-404.0,203.0
45.0,-364.0,79.0
30.0,-388.0,287.0
18.0,-395.0,269.0
10.0,-405.0,252.0
-65.0,-436.0,192.0
-36.0,-394.0,269.0
-31.0,-394.0,283.0
-38.0,-407.0,241.0
17.0,-297.0,314.0
-6.0,-374.0,275.0
30.0,-312.0,323.0
58.0,-312.0,350.0
15.0,-357.0,332.0
65.0,-293.0,367.0
60.0,-314.0,364.0
60.0,-315.0,353.0
58.0,-324.0,337.0
45.0,-330.0,332.0
59.0,-341.0,322.0
42.0,-355.0,321.0
41.0,-346.0,283.0
44.0,-356.0,320.0
16.0,-359.0,272.0
47.0,-340.0,348.0
11.0,-371.0,258.0
27.0,-359.0,300.0
-,-,-
-5.0,-283.0,368.0
26.0,-347.0,479.0
62.0,-277.0,418.0
94.0,-262.0,385.0
89.0,-294.0,363.0
111.0,-291.0,364.0
59.0,-355.0,305.0
63.0,-362.0,268.0
30.0,-394.0,268.0
47.0,-345.0,271.0
10.0,-410.0,207.0
17.0,-404.0,225.0
10.0,-426.0,226.0
27.0,-403.0,241.0
29.0,-406.0,243.0
0.0,-402.0,255.0
-6.0,-418.0,253.0
-5.0,-406.0,252.0
-36.0,-411.0,223.0
-36.0,-425.0,226.0
0.0,-356.0,269.0
14.0,-394.0,255.0
17.0,-325.0,305.0
79.0,-296.0,335.0
205.0,-394.0,287.0
75.0,-295.0,350.0
76.0,-328.0,334.0
94.0,-295.0,398.0
95.0,-282.0,356.0
30.0,-359.0,321.0
66.0,-294.0,348.0
60.0,-329.0,351.0
46.0,-343.0,304.0
43.0,-344.0,289.0
33.0,-363.0,291.0
16.0,-374.0,227.0
1.0,-376.0,255.0
15.0,-372.0,273.0
1.0,-377.0,269.0
8.0,-374.0,273.0
-2.0,-388.0,256.0
14.0,-378.0,268.0
-1.0,-386.0,268.0
