-,-,-
412.7,71.4,790.4
809.5,231.7,1061.9
784.1,-104.7,836.5
225.4,6.3,715.8
-453.9,-106.3,973.0
-839.6,28.5,1393.6
-934.9,325.4,1453.9
-915.8,330.1,1242.8
-688.8,273.0,988.8
-249.2,33.3,817.4
-46.0,31.7,795.2
885.7,-584.1,814.2
282.5,-71.4,660.3
819.0,-282.5,1479.3
131.7,433.3,1246.0
3.1,328.5,1273.0
131.7,157.1,1320.6
52.3,106.3,1095.2
-,-,-
603.1,53.9,988.8
909.5,82.5,911.1
861.9,-42.8,884.1
149.2,125.4,558.7
-526.9,76.1,912.7
-666.6,287.3,1223.8
-1088.8,633.3,1607.9
-966.6,630.1,1733.3
-358.7,436.5,1247.6
-407.9,479.3,922.2
211.1,-3.1,717.4
57.1,234.9,504.7
1320.6,-480.9,846.0
515.8,-23.8,842.8
655.5,-19.0,1426.9
301.5,125.4,1173.0
-23.8,253.9,1219.0
-,-,-
771.4,26.9,1095.2
1065.0,28.5,844.4
1098.4,-152.3,836.5
177.7,233.3,458.7
-890.4,352.3,796.8
-1160.3,531.7,1501.5
-1174.6,763.4,1574.6
-760.3,568.2,1622.2
-358.7,330.1,992.0
-55.5,177.7,896.8
234.9,-17.4,512.7
885.7,-250.7,1014.2
765.0,-377.7,842.8
287.3,-49.2,996.8
250.7,-49.2,1319.0
25.4,100.0,1228.5
53.9,58.7,1165.0
-,-,-
717.4,20.6,1023.8
1063.4,-74.6,934.9
766.6,-103.1,793.6
96.8,160.3,666.6
-531.7,228.5,938.1
-982.5,460.3,1395.2
-1141.2,657.1,1544.4
-865.0,542.8,1706.3
-300.0,285.7,1239.6
28.5,98.4,866.6
428.5,-76.1,603.1
868.2,-246.0,712.7
1115.8,-404.7,809.5
631.7,-146.0,987.3
433.3,-55.5,1096.8
74.6,233.3,1217.4
-50.7,153.9,1203.1
-,-,-
739.6,104.7,1150.7
1146.0,100.0,1123.8
1039.6,-126.9,746.0
387.3,4.7,287.3
-331.7,55.5,742.8
-1376.1,533.3,1342.8
-1290.4,580.9,1776.1
-815.8,485.7,1749.2
-352.3,322.2,1271.4
-247.6,411.1,920.6
249.2,-25.4,511.1
585.7,53.9,758.7
1063.4,-563.4,941.2
404.7,152.3,909.5
760.3,-123.8,1292.0
-130.1,377.7,1117.4
31.7,174.6,1200.0
-,-,-
911.1,230.1,1019.0
1269.8,174.6,1090.4
939.6,179.3,679.3
358.7,-125.4,717.4
-611.1,150.7,634.9
-1846.0,534.9,1323.8
-1704.7,861.9,1757.1
-653.9,453.9,1444.4
-398.4,430.1,1041.2
79.3,225.4,909.5
20.6,276.1,536.5
1115.8,-247.6,790.4
680.9,-55.5,731.7
1203.1,-250.7,1277.7
380.9,158.7,1223.8
-142.8,258.7,1193.6
30.1,174.6,1100.0
22.2,122.2,1063.4
-,-,-
1017.4,203.1,1000.0
990.4,-28.5,990.4
225.4,153.9,580.9
-558.7,134.9,711.1
-963.4,353.9,1087.3
-1295.2,784.1,1530.1
-1165.0,884.1,1574.6
-384.1,466.6,1200.0
123.8,182.5,949.2
261.9,160.3,706.3
819.0,-147.6,198.4
861.9,-103.1,1050.7
842.8,-223.8,1171.4
155.5,149.2,1087.3
44.4,131.7,1073.0
3.1,153.9,1047.6
-,-,-
1098.4,126.9,1063.4
941.2,0.0,847.6
301.5,226.9,590.4
-653.9,406.3,839.6
-1066.6,455.5,1295.2
-1373.0,793.6,1939.6
-731.7,479.3,1750.7
-198.4,276.1,1241.2
-144.4,434.9,942.8
530.1,31.7,606.3
363.4,277.7,612.7
1401.5,-374.6,795.2
541.2,80.9,917.4
530.1,22.2,1096.8
261.9,157.1,1200.0
79.3,157.1,1401.5
-,-,-
1195.2,100.0,1014.2
1395.2,-203.1,893.6
887.3,-1.5,438.1
-20.6,250.7,847.6
-1011.1,541.2,1250.7
-1985.7,1176.1,1703.1
-1393.6,1061.9,1577.7
-131.7,533.3,1249.2
328.5,253.9,895.2
760.3,-376.1,758.7
914.2,-182.5,579.3
971.4,-511.1,1023.811
411.1,-30.1,846.0
514.2,-95.2,1120.6
-19.0,223.8,1176.1
-47.6,131.7,1063.4
20.6,123.8,1012.7
-,-,-
1117.4,-79.3,1011.1
1222.2,-174.6,817.4
738.1,-47.6,333.3
-93.6,158.7,555.5
-1085.7,892.0,1317.4
-1898.4,1301.5,2141.2
-1012.7,1041.2,2006.3
30.1,584.1,1246.0
200.0,301.5,793.6
811.1,-228.5,639.6
1042.8,-307.9,633.3
922.2,-334.9,1066.6
484.1,-52.3,839.6
379.3,52.3,1319.0
-101.5,201.5,1117.4
3.1,147.6,1142.8
-,-,-
1150.7,-55.5,1088.8
1265.0,-206.3,1068.2
633.3,80.9,431.7
-100.0,206.3,482.5
-1092.0,690.4,760.3
-2052.3,1325.4,1177.7
-1574.6,1115.8,1455.5
-561.9,836.5,1015.8
404.7,277.7,1117.4
247.6,382.5,538.1
1146.0,-400.0,744.4
920.6,-180.9,839.6
842.8,-247.6,1144.4
285.7,128.5,1069.8
4.7,174.6,1303.1
-123.8,82.5,896.8
-,-,-
1069.8,69.8,917.4
866.6,-79.3,607.9
47.6,107.9,579.3
-179.3,385.7,961.9
-1346.0,1198.4,1657.1
-1447.6,1273.0,1985.7
-503.1,869.8,1301.5
144.4,477.7,1073.0
488.8,252.3,514.2
1020.6,-142.8,587.3
1476.1,-474.6,784.1
739.6,-69.8,1203.1
455.5,330.1,993.6
152.3,158.7,1087.3
-76.1,209.5,1076.1
77.7,76.1,968.2
-,-,-
1200.0,-228.5,758.7
534.9,101.5,558.7
-23.8,231.7,706.3
-1046.0,611.1,1246.0
-1426.9,555.5,1547.6
-1150.7,766.6,1828.5
-447.6,531.7,1455.5
52.3,433.3,1068.2
400.0,273.0,612.7
736.5,-171.4,488.8
995.2,-128.5,733.3
884.1,-282.5,917.4
641.2,33.3,1123.8
253.9,103.1,1325.4
-131.7,280.9,1020.6
50.7,149.2,1114.2
-,-,-
1200.0,49.2,965.0
1220.6,-120.6,736.5
579.3,-26.9,479.3
-295.2,231.7,734.9
-1187.3,715.8,1653.9
-1850.7,966.6,1888.8
-1019.0,639.6,1707.9
-204.7,334.9,1168.2
280.9,157.1,898.4
607.9,22.2,557.1
846.0,-142.8,630.1
795.2,-119.0,1039.6
431.7,-79.3,895.2
109.5,176.1,1023.8
180.9,26.9,1193.6
53.9,73.0,917.4
-,-,-
736.5,103.1,785.7
457.1,71.4,1101.5
-223.8,150.7,553.9
-703.1,276.1,812.7
-1188.8,503.1,1038.1
-1468.2,844.4,1111.1
-1087.3,814.2,1323.8
-322.2,590.4,938.1
507.9,26.9,1065.0
668.2,300.0,312.7
1573.0,-423.8,1217.4
390.4,200.0,807.9
634.9,-17.4,1146.0
131.7,228.5,1019.0
126.9,125.4,1015.8
76.1,158.7,1068.2
-,-,-
715.8,26.9,965.0
790.4,152.3,865.0
768.2,123.8,820.6
280.9,330.1,820.6
-379.3,488.8,1122.2
-887.3,707.9,1222.2
-1112.7,838.1,1857.1
-941.2,888.8,1607.9
-176.1,553.9,1169.8
28.5,431.7,1039.6
536.5,106.3,507.9
1115.8,-323.8,769.8
1098.4,-400.0,739.6
706.3,-101.5,1049.2
358.7,26.9,1112.7
184.1,73.0,1093.6
-,-,-
582.5,126.9,1071.4
714.2,74.6,858.7
639.6,50.7,1100.0
611.1,-98.4,765.0
326.9,-98.4,615.8
-433.3,298.4,736.5
-1188.8,561.9,1042.8
-1425.4,887.3,1365.0
-984.1,811.1,1607.9
-349.2,566.6,1068.2
180.9,261.9,1047.6
388.8,76.1,634.9
939.6,-55.5,842.8
815.8,-298.4,1076.1
360.3,-23.8,888.8
438.1,-69.8,1115.8
-15.8,173.0,971.4
123.8,74.6,1041.2
-,-,-
204.7,250.7,993.6
357.1,207.9,868.2
663.4,1.5,885.7
711.1,-53.9,690.4
833.3,-153.9,922.2
288.8,131.7,563.4
326.9,30.1,1115.8
-584.1,641.2,1100.0
-1166.6,895.2,1758.7
-1085.7,992.0,1604.7
-300.0,668.2,1144.4
50.7,438.1,895.2
401.5,100.0,690.4
734.9,-176.1,819.0
1203.1,-403.1,706.3
639.6,-20.6,966.6
661.9,-104.7,960.3
338.1,125.4,946.0
258.7,123.8,1063.4
103.1,200.0,1088.8
149.2,123.8,1012.7
-,-,-
480.9,0.0,1020.6
631.7,106.3,1014.2
890.4,26.9,1090.4
969.8,-117.4,661.9
411.1,-23.8,585.7
-1.5,228.5,655.5
-1036.5,838.1,1315.8
-1590.4,1201.5,1833.3
-985.7,1046.0,1622.2
-46.0,514.2,1096.8
228.5,225.4,780.9
509.5,149.2,663.4
1192.0,-404.7,1373.0
617.4,125.4,838.1
1114.2,-279.3,1084.1
130.1,277.7,1022.2
120.6,125.4,992.0
26.9,152.3,988.8
133.3,180.9,1100.0
-,-,-
228.5,209.5,1046.0
336.5,150.7,912.7
480.9,104.7,1011.1
707.9,4.7,939.6
742.8,-44.4,868.2
633.3,-80.9,660.3
415.8,-74.6,638.1
-536.5,460.3,1117.4
-858.7,711.1,1498.4
-966.6,844.4,1480.9
-687.3,768.2,1326.9
-150.7,566.6,1100.0
-303.1,487.3,763.4
638.1,-25.4,961.9
1144.4,-349.2,666.6
1252.3,-280.9,406.3
606.3,58.7,992.0
412.7,57.1,1042.8
109.5,152.3,995.2
128.5,176.1,1022.2
180.9,106.3,1041.2
-,-,-
226.9,182.5,1049.2
96.8,174.6,960.3
111.1,153.9,973.0
100.0,158.7,985.7
352.3,149.2,1023.8
760.3,95.2,1074.6
1092.0,3.1,766.6
942.8,-79.3,433.3
284.1,230.1,658.7
-146.0,555.5,988.8
-1346.0,1269.8,1979.3
-1268.2,1222.2,2130.1
-433.3,793.6,1266.6
46.0,492.0,973.0
512.7,104.7,588.8
1073.0,-171.4,734.9
871.4,-200.0,965.0
738.1,-19.0,914.2
507.9,-3.1,1098.4
3.1,258.7,965.0
55.5,222.2,998.4
-4.7,226.9,1015.8
-,-,-
185.7,150.7,1114.2
157.1,131.7,995.2
179.3,22.2,1044.4
46.0,71.4,998.4
53.9,125.4,1000.0
401.5,134.9,1017.4
914.2,23.8,1049.2
1198.4,-179.3,465.0
987.3,-119.0,326.9
-173.0,660.3,1117.4
-1363.4,1215.8,1522.2
-1692.0,1395.2,2009.5
-828.5,1014.2,1220.6
58.7,428.5,919.0
461.9,147.6,706.3
988.8,-253.9,711.1
709.5,-52.3,669.8
815.8,-196.8,1100.0
387.3,101.5,715.8
355.5,58.7,1266.6
77.7,128.5,1093.6
44.4,180.9,1141.2
-,-,-
-52.3,406.3,1039.6
28.5,388.8,914.2
107.9,207.9,1041.2
49.2,180.9,938.1
49.2,123.8,1017.4
433.3,95.2,968.2
390.4,149.2,1071.4
761.9,-74.6,1022.2
787.3,-98.4,692.0
812.7,-144.4,434.9
512.7,228.5,815.8
-790.4,1201.5,1495.2
-1169.8,1166.6,1403.1
-1339.6,1144.4,1498.4
-579.3,758.7,885.7
31.7,360.3,814.2
250.7,206.3,688.8
766.6,-93.6,969.8
961.9,-80.9,871.4
690.4,-68.2,1020.6
277.7,206.3,1073.0
203.1,126.9,1100.0
-69.8,282.5,995.2
58.7,153.9,1122.2
123.8,100.0,1017.4
-,-,-
-96.8,411.1,944.4
49.2,280.9,987.3
174.6,31.7,1022.2
103.1,123.8,1020.6
230.1,153.9,941.2
636.5,152.3,1165.0
741.2,225.4,758.7
941.2,-100.0,617.4
287.3,-103.1,563.4
3.1,80.9,995.2
-1295.2,541.2,1903.1
-1722.2,993.6,2055.5
-853.9,660.3,1169.8
-252.3,306.3,1163.4
304.7,52.3,717.4
607.9,26.9,657.1
733.3,-225.4,912.7
663.4,-49.2,960.3
487.3,-131.7,1096.8
23.8,173.0,919.0
207.9,23.8,1090.4
-76.1,211.1,1088.8
-,-,-
360.3,176.1,973.0
912.7,73.0,1022.2
1039.6,-44.4,834.9
784.1,-55.5,509.5
177.7,84.1,631.7
-604.7,461.9,941.2
-1396.8,784.1,1834.9
-1314.2,888.8,1904.7
-334.9,358.7,1468.2
-23.8,185.7,1090.4
333.3,-47.6,741.2
357.1,31.7,614.2
844.4,-250.7,812.7
490.4,47.6,733.3
604.7,-101.5,966.6
79.3,361.9,873.0
334.9,47.6,1173.0
4.7,228.5,1195.2
-,-,-
1014.2,96.8,890.4
758.7,82.5,511.1
631.7,-201.5,582.5
-506.3,252.3,911.1
-1723.8,861.9,1250.7
-1853.9,806.3,1784.1
-761.9,387.3,1353.9
128.5,-26.9,1114.2
303.1,-73.0,809.5
736.5,-120.6,809.5
758.7,-296.8,807.9
250.7,180.9,844.4
557.1,-53.9,1117.4
22.2,273.0,965.0
133.3,120.6,1120.6
107.9,125.4,942.8
-,-,-
971.4,-46.0,1022.2
912.7,-28.5,657.1
463.4,-55.5,842.8
-582.5,388.8,506.3
-1268.2,636.5,1344.4
-1836.5,893.6,1420.6
-1109.5,742.8,1625.4
-198.4,360.3,1293.6
276.1,203.1,914.2
834.9,-79.3,568.2
1011.1,-203.1,785.7
668.2,-74.6,893.6
665.0,-23.8,1120.6
234.9,47.6,1073.0
-,-,-
1442.8,209.5,1322.2
1601.5,-323.8,566.6
388.8,-55.5,176.1
-1553.9,915.8,1023.8
-2634.9,1420.6,1680.9
-1496.8,963.4,1674.6
-398.4,530.1,1000.0
326.9,103.1,834.9
688.8,130.1,633.3
1576.1,-301.5,847.6
715.8,184.1,812.7
636.5,-66.6,1346.0
-74.6,176.1,871.4
-179.3,200.0,1168.2
4.7,47.6,1038.1
-,-,-
252.3,200.0,842.8
942.8,128.5,1065.0
1625.4,-44.4,1139.6
1728.5,-526.9,490.4
311.1,274.6,714.2
-1347.6,744.4,846.0
-2107.9,1177.7,1684.1
-1220.6,763.4,1371.4
-403.1,306.3,1119.0
-712.7,587.3,1125.4
100.0,236.5,817.4
788.8,-22.2,684.1
1493.6,-380.9,863.4
758.7,-176.1,993.6
252.3,22.2,944.4
30.1,111.1,1320.6
-126.9,155.5,1066.6
-,-,-
733.3,501.5,988.8
2131.7,-374.6,838.1
1496.8,-303.1,206.3
25.4,98.4,966.6
-1653.9,819.0,1066.6
-1976.1,911.1,1806.3
-1169.8,688.8,1600.0
-604.7,514.2,1176.1
-968.2,871.4,1047.6
428.5,760.3,553.9
2260.3,-231.7,846.0
1606.3,-452.3,839.6
661.9,28.5,1165.0
-52.3,157.1,1023.8
-223.8,257.1,1119.0
147.6,1.5,990.4
-,-,-
1677.7,-122.2,1203.1
2063.4,-534.9,555.5
73.0,355.5,-252.3
-1090.4,911.1,760.3
-2558.7,1598.4,1503.1
-1725.4,1219.0,1630.1
-333.3,487.3,1368.2
-106.3,714.2,844.4
560.3,176.1,553.9
790.4,-20.6,365.0
2012.7,-509.5,1349.2
506.3,-73.0,896.8
-3.1,130.1,1114.2
-276.1,184.1,1069.8
-20.6,134.9,890.4
247.6,-119.0,1019.0
-,-,-
1268.2,-53.9,1292.0
1628.5,-334.9,741.2
1063.4,-247.6,439.6
-1522.2,1115.8,333.3
-1957.1,1242.8,890.4
-1366.6,942.8,1325.4
-504.7,920.6,1269.8
-582.5,580.9,971.4
7.9,539.6,533.3
1474.6,-176.1,692.0
1785.7,-577.7,1330.1
482.5,-15.8,665.0
230.1,-25.4,1198.4
31.7,73.0,887.3
22.2,74.6,992.0
107.9,1.5,912.7
-,-,-
2546.0,-680.9,1468.2
1146.0,-246.0,-252.3
-455.5,480.9,760.3
-2161.9,1320.6,1200.0
-2000.0,1226.9,1696.8
-588.8,633.3,1469.8
-430.1,582.5,1146.0
-171.4,484.1,736.5
584.1,307.9,533.3
1874.6,-353.9,888.8
1396.8,-171.4,1273.0
382.5,-73.0,893.6
-73.0,200.0,1176.1
-198.4,198.4,1015.8
147.6,77.7,1012.7
-,-,-
353.9,76.1,923.8
653.9,126.9,992.0
1482.5,-79.3,915.8
1785.7,-531.7,503.1
131.7,157.1,380.9
-1752.3,1088.8,1041.2
-2490.4,1215.8,1709.5
-1095.2,869.8,1773.0
-253.9,538.1,1146.0
-255.5,758.7,966.6
657.1,200.0,614.2
2211.1,-168.2,687.3
1711.1,-450.7,1295.2
465.0,-128.5,1120.6
-253.9,285.7,819.0
-174.6,201.5,1150.7
-26.9,101.5,961.9
126.9,77.7,1088.8
-,-,-
922.2,184.1,1112.7
1288.8,98.4,860.3
1682.5,-680.9,304.7
-252.3,279.3,587.3
-2107.9,1087.3,1242.8
-1779.3,914.2,1546.0
-233.3,104.7,1469.8
58.7,-198.4,995.2
-1084.1,688.8,909.5
-830.1,834.9,638.1
631.7,868.2,563.4
2795.2,-807.9,1377.7
1015.8,-95.2,809.5
160.3,74.6,1063.4
-104.7,180.9,922.2
171.4,50.7,1193.6
260.3,-30.1,942.8
-,-,-
406.3,247.6,1014.2
1169.8,4.7,819.0
1555.5,-426.9,433.3
836.5,-320.6,287.3
-887.3,1095.2,1369.8
-1574.6,758.7,1853.9
-1319.0,863.4,1630.1
-226.9,301.5,1049.2
-528.5,409.5,914.2
-982.5,890.4,430.1
3.1,1090.4,300.0
2801.5,-587.3,1546.0
1528.5,-553.9,631.7
-22.2,125.4,1274.6
-400.0,385.7,1169.8
157.1,76.1,946.0
125.4,82.5,985.7
107.9,57.1,1095.2
-,-,-
376.1,106.3,973.0
707.9,76.1,1063.4
1266.6,-323.8,860.3
790.4,-184.1,461.9
-73.0,277.7,866.6
-887.3,582.5,1295.2
-1323.8,888.8,1293.6
-730.1,555.5,1601.5
-425.4,530.1,1049.2
-307.9,434.9,1203.1
-866.6,1041.2,682.5
614.2,611.1,311.1
2165.0,-284.1,990.4
1704.7,-761.9,1315.8
-253.9,300.0,633.3
25.4,126.9,1250.7
103.1,100.0,1014.2
-,-,-
707.9,126.9,1041.2
1779.3,-706.3,1065.0
1176.1,-196.8,358.7
101.5,233.3,657.1
-1625.4,1473.0,1044.4
-1087.3,912.7,1571.4
-311.1,326.9,1607.9
534.9,-279.3,1219.0
-4.7,80.9,974.6
-1195.2,1252.3,965.0
-584.1,1166.6,692.0
1093.6,607.9,838.1
2801.5,-938.1,934.9
736.5,-426.9,485.7
258.7,-20.6,896.8
22.2,123.8,1190.4
84.1,71.4,973.0
204.7,-20.6,998.4
253.9,-50.7,857.1
-,-,-
1655.5,-509.5,893.6
1119.0,-230.1,311.1
-4.7,379.3,793.6
-1441.2,1469.8,1193.6
-866.6,971.4,1503.1
-358.7,514.2,1503.1
609.5,-403.1,968.2
-833.3,911.1,917.4
-584.1,1020.6,1019.0
73.0,966.6,1119.0
2801.5,-1196.8,1244.4
1092.0,-428.5,566.6
428.5,-330.1,633.3
-430.1,385.7,892.0
226.9,-1.5,1095.2
104.7,0.0,963.4
180.9,-52.3,971.4
-,-,-
173.0,73.0,912.7
587.3,31.7,996.8
1268.2,-255.5,942.8
1596.8,-461.9,584.1
333.3,106.3,384.1
-960.3,719.0,1039.6
-1977.7,1203.1,1782.5
-1298.4,922.2,1673.0
-323.8,461.9,1125.4
-550.7,820.6,960.3
639.6,55.5,533.3
1420.6,434.9,57.1
2471.4,-865.0,1038.1
512.7,-117.4,661.9
-171.4,136.5,1146.0
107.9,4.7,1142.8
106.3,122.2,1047.6
252.3,-128.5,936.5
-,-,-
-101.5,174.6,969.8
1250.7,-355.5,914.2
1203.1,-253.9,503.1
642.8,-177.7,465.0
-206.3,330.1,868.2
-1476.1,1011.1,1290.4
-1725.4,1015.8,1531.7
-485.7,511.1,1323.8
-207.9,358.7,1203.1
-177.7,634.9,1242.8
687.3,49.2,847.6
1504.7,-203.1,412.7
1495.2,-665.0,630.1
407.9,-117.4,763.4
261.9,-47.6,863.4
-101.5,131.7,1222.2
285.7,-133.3,1066.6
180.9,-50.7,1012.7
231.7,-176.1,944.4
-,-,-
1173.0,-100.0,1144.4
1558.7,-501.5,565.0
887.3,-152.3,273.0
-74.6,477.7,741.2
-1246.0,1047.6,936.5
-1653.9,1244.4,1625.4
-657.1,788.8,1500.0
-76.1,530.1,1374.6
-271.4,634.9,1036.5
103.1,249.2,784.1
1166.6,76.1,560.3
1323.8,-301.5,766.6
1315.8,-458.7,1142.8
52.3,107.9,865.0
-46.0,157.1,1090.4
4.7,126.9,973.0
104.7,79.3,1014.2
280.9,-30.1,1112.7
-,-,-
539.6,131.7,968.2
1203.1,22.2,947.6
990.4,-195.2,431.7
336.5,1.5,611.1
-1644.4,965.0,1526.9
-1825.4,1144.4,1723.8
-630.1,685.7,1396.8
-688.8,763.4,1169.8
-130.1,512.7,453.9
1019.0,284.1,711.1
2306.3,-425.4,1546.0
961.9,-206.3,590.4
57.1,131.7,1044.4
-52.3,282.5,1109.5
-71.4,211.1,1146.0
249.2,-46.0,915.8
-,-,-
179.3,234.9,988.8
533.3,182.5,1065.0
988.8,-176.1,1096.8
717.4,-74.6,741.2
204.7,-101.5,433.3
-887.3,458.7,812.7
-909.5,438.1,1473.0
-612.7,541.2,1601.5
-253.9,531.7,1138.1
-661.9,820.6,887.3
-855.5,996.8,592.0
685.7,360.3,866.6
1860.3,-223.8,807.9
1647.6,-625.4,1300.0
-50.7,236.5,663.4
6.3,149.2,1139.6
80.9,133.3,922.2
225.4,25.4,1012.7
-,-,-
1112.7,-80.9,1034.9
1296.8,-228.5,414.2
-66.6,130.1,733.3
-657.1,400.0,1123.8
-1565.0,865.0,2087.3
-857.1,607.9,1800.0
-607.9,607.9,1169.8
-1112.7,1219.0,719.0
331.7,642.8,404.7
2239.6,-326.9,971.4
2139.6,-679.3,834.9
388.8,-128.5,914.2
-274.6,311.1,1038.1
-25.4,126.9,1169.8
257.1,-74.6,919.0
-,-,-
1426.9,-171.4,987.3
1573.0,-609.5,285.7
-633.3,763.4,657.1
-1393.6,893.6,1320.6
-1826.9,1371.4,1038.1
-550.7,742.8,1398.4
-804.7,961.9,1268.2
273.0,838.1,936.5
2801.5,-603.1,1393.6
1074.6,-633.3,531.7
409.5,-55.5,680.9
123.8,77.7,946.0
-271.4,280.9,914.2
436.5,-150.7,965.0
-50.7,74.6,836.5
101.5,23.8,1093.6
-,-,-
1419.0,-230.1,765.0
1044.4,-406.3,465.0
-25.4,130.1,895.2
-1060.3,660.3,1295.2
-1246.0,836.5,1503.1
-531.7,533.3,1415.8
-665.0,714.2,1174.6
-755.5,1100.0,1073.0
80.9,1223.8,553.9
2801.5,-887.3,1301.5
1836.5,-931.7,639.6
73.0,-171.4,860.3
-380.9,300.0,1063.4
-103.1,125.4,1093.6
19.0,-20.6,996.8
-,-,-
1342.8,-276.1,1253.9
746.0,-276.1,377.7
-233.3,79.3,631.7
-1042.8,482.5,1169.8
-1223.8,1115.8,1525.4
-680.9,585.7,1396.8
-860.3,739.6,1223.8
-915.8,1550.7,1092.0
1730.1,-126.9,614.2
2466.6,-628.5,790.4
1366.6,-807.9,907.9
-382.5,282.5,790.4
52.3,44.4,1273.0
1.5,34.9,944.4
-,-,-
1193.6,-301.5,661.9
819.0,-228.5,609.5
-684.1,533.3,1139.6
-1215.8,685.7,1203.1
-1011.1,639.6,1647.6
-942.8,730.1,1346.0
-757.1,885.7,1252.3
-79.3,866.6,834.9
1703.1,-174.6,755.5
2801.5,-1187.3,1095.2
26.9,182.5,531.7
306.3,-169.8,1138.1
-22.2,57.1,1044.4
-,-,-
1166.6,-74.6,787.3
1609.5,-665.0,538.1
-220.6,514.2,463.4
-1173.0,793.6,1304.7
-1947.6,1088.8,1552.3
-1704.7,1149.2,1371.4
-587.3,719.0,863.4
103.1,534.9,844.4
2077.7,-631.7,861.9
1700.0,-482.5,987.3
733.3,-350.7,1095.2
-180.9,158.7,844.4
104.7,-26.9,1163.4
