-,-,-
57.4,-72.1,955.6
76.9,-94.5,957.8
61.0,-86.2,954.9
47.2,-87.8,952.0
61.9,-107.3,954.0
69.9,-95.4,963.1
79.8,-115.8,955.5
165.3,-197.4,945.8
307.0,-343.1,907.8
423.9,-487.1,857.8
489.2,-480.2,879.6
416.8,-340.8,902.6
316.0,-207.5,884.7
244.7,-23.8,857.5
200.6,90.6,877.4
124.4,182.9,894.3
-4.2,339.2,953.0
-76.8,417.6,1048.4
-64.7,390.0,1078.7
-115.2,368.2,1130.7
-252.8,387.9,1215.2
-310.5,307.0,1166.2
-166.2,112.7,1036.5
-95.7,51.2,963.0
-50.0,12.0,901.8
46.3,-60.2,857.1
94.3,-54.7,893.4
146.0,-81.9,908.0
108.7,-41.9,921.4
104.2, 0.5,919.0
137.4,-27.9,910.4
97.4,14.8,937.8
70.9,45.4,974.1
78.4,37.3,986.4
94.7,82.1,986.2
204.5,80.0,989.3
291.0,113.1,963.7
325.0,271.1,999.6
416.2,336.3,1011.9
390.8,349.8,949.4
280.3,254.4,898.3
50.8,73.1,848.6
-221.1,-141.8,862.8
-263.3,-362.5,906.9
-219.5,-465.4,884.1
-237.4,-384.5,932.1
-191.4,-242.6,1020.5
-122.1,-163.4,1063.2
-116.4,-118.6,1052.3
-82.0,-112.6,1014.3
-26.4,-119.4,1009.7
-0.3,-92.5,1000.6
17.2,-78.2,967.5
50.4,-95.9,968.2
56.6,-96.8,963.9
40.1,-82.5,954.6
48.0,-98.6,947.4
50.3,-97.5,934.3
35.2,-83.6,942.1
52.3,-89.3,950.3
62.3,-102.8,937.3
-,-,-
100.7,-106.9,956.0
88.3,-103.1,955.4
86.5,-98.6,953.9
80.3,-92.8,957.6
81.1,-89.1,959.1
93.0,-87.4,959.0
110.5,-90.3,951.5
200.4,-180.1,941.9
395.0,-445.8,887.6
688.6,-759.7,790.9
785.0,-780.2,693.3
556.9,-348.9,762.1
290.7,79.6,871.5
109.7,305.1,884.1
-62.4,541.9,1024.2
-275.9,708.1,1104.5
-449.4,784.4,1194.2
-462.3,679.8,1277.5
-338.7,382.9,1146.5
-88.6,64.9,987.5
74.0,-73.5,924.2
89.8,-63.0,903.6
154.1,-120.5,876.5
129.8,-94.7,875.2
108.7,-43.5,858.7
180.3,-96.9,873.7
161.2,-75.6,945.6
124.6,-22.7,973.9
109.7, 6.7,984.1
83.1,46.4,999.7
96.4,48.5,936.0
140.0,69.0,887.9
242.4,97.8,899.2
334.6,220.1,995.8
463.2,336.2,1075.8
593.6,362.3,960.7
587.5,342.1,804.4
385.7,219.4,738.0
11.1,52.1,805.8
-215.5,-250.3,917.7
-237.9,-529.3,973.3
-231.4,-532.5,1008.7
-134.1,-393.6,1051.8
-102.7,-213.7,1125.7
-76.5,-117.9,1100.5
-12.1,-112.1,1011.3
-29.2,-74.3,982.4
48.3,-113.6,978.5
100.4,-147.1,959.0
-,-,-
118.9,-90.9,959.8
121.7,-90.8,966.1
111.0,-91.1,949.9
116.0,-105.9,937.5
108.3,-96.4,951.1
91.3,-67.0,949.0
139.0,-95.5,910.1
305.0,-250.4,889.9
688.6,-639.8,822.5
1137.9,-902.3,909.6
1033.2,-546.9,885.5
458.9,114.0,685.3
-11.5,660.7,802.5
-245.1,871.1,931.1
-308.1,807.2,1022.7
-224.2,603.9,1088.3
-154.3,464.8,1143.0
-155.0,399.3,1203.7
-94.7,223.0,1141.8
-6.6,66.3,1060.7
39.3,-22.4,979.7
61.6,-98.5,921.7
67.5,-123.3,900.2
97.9,-125.9,904.9
98.7,-97.1,918.0
50.0,-31.1,888.7
79.1,-29.6,887.5
93.0,-34.6,886.9
31.9,54.3,876.7
73.1,66.6,903.8
94.6,63.3,911.7
101.6,102.4,929.1
128.9,125.3,911.9
136.6,210.6,935.6
262.7,280.5,1012.6
449.4,266.3,997.9
531.7,326.7,941.0
523.4,447.5,919.6
439.3,392.1,842.8
272.3,93.0,753.3
-92.5,-165.2,971.9
-306.2,-453.4,1070.7
-257.2,-726.5,935.1
-206.5,-677.0,1026.9
-126.7,-446.2,1075.6
-89.8,-298.7,929.6
-99.0,-187.8,896.2
-23.8,-161.5,960.6
86.8,-166.2,1000.1
93.6,-105.7,996.7
69.5,-85.3,975.8
-,-,-
-1925.0,-2009.7,-1515.9
-121.6,-324.0,686.2
93.9,-130.9,947.9
77.2,-123.8,939.7
75.4,-125.2,947.4
71.8,-124.1,959.4
77.4,-132.0,947.6
93.6,-133.8,947.9
79.9,-110.4,957.1
60.5,-91.5,938.7
92.8,-124.5,897.6
282.9,-273.1,783.1
713.1,-702.7,764.2
1000.2,-907.2,867.2
838.2,-504.4,885.2
433.1,36.5,797.5
127.3,363.2,851.4
-7.1,495.5,899.0
-56.1,507.0,942.0
-79.8,479.3,1024.7
-96.5,435.3,1050.9
-91.3,379.4,1146.5
-166.6,385.5,1268.8
-203.3,314.3,1217.4
-91.3,127.9,1084.9
-58.3,83.8,970.0
18.9,34.4,928.4
164.6,-71.8,897.8
170.9,-55.3,852.9
218.8,-87.1,835.4
290.0,-141.8,868.1
240.9,-92.5,847.0
238.8,-83.2,894.9
240.3,-71.3,946.9
199.0,20.3,964.3
284.3,52.8,987.4
448.7,34.0,964.8
507.9,123.0,957.8
481.6,252.2,952.1
440.1,298.5,946.4
347.6,234.8,920.7
112.6,87.2,841.1
-114.7,-131.4,870.5
-188.5,-413.5,953.7
-201.9,-530.6,1009.7
-182.4,-474.5,1057.1
-128.6,-406.4,995.2
-136.3,-268.7,919.1
-97.7,-189.7,917.4
-17.0,-184.5,958.1
13.6,-181.3,997.4
50.2,-207.2,981.5
83.2,-241.2,963.5
92.9,-252.2,947.7
66.7,-221.5,917.7
52.4,-199.3,932.5
65.9,-201.2,953.9
-,-,-
71.8,-89.7,966.5
71.6,-88.8,955.2
62.3,-84.9,944.7
60.8,-78.8,948.9
66.1,-74.8,952.5
61.7,-65.4,939.8
153.2,-140.3,932.4
479.3,-418.0,1076.2
1135.4,-853.7,1122.4
1344.5,-927.8,735.0
663.9,-180.1,518.4
45.2,532.5,649.5
-120.7,679.2,818.9
-200.6,763.0,1042.7
-298.7,833.7,1255.3
-385.7,803.4,1372.9
-386.0,579.6,1286.6
-256.8,289.3,1165.1
-82.3,51.1,990.3
68.6,-120.5,861.2
121.6,-144.1,858.7
139.9,-135.0,849.8
160.7,-140.2,829.2
129.4,-81.1,860.7
114.1,-60.8,823.4
94.4,-15.0,883.6
109.4,30.7,994.9
154.9,31.4,1014.5
174.2,59.9,1007.6
228.0,98.0,1053.7
296.7,135.6,1036.1
321.9,216.7,1003.2
363.2,255.0,981.1
387.6,254.9,922.1
351.4,259.7,912.0
319.4,203.3,914.7
268.3,114.7,919.5
-29.6,-103.2,847.7
-360.7,-334.5,790.5
-459.6,-395.0,926.2
-330.3,-399.8,1073.7
-170.3,-322.0,1127.4
-117.4,-211.1,1100.9
-52.4,-176.3,968.1
-24.6,-158.4,929.1
-6.1,-162.1,920.8
40.5,-180.9,942.2
-,-,-
44.3,-45.2,938.2
53.3,-47.8,962.4
59.8,-55.8,969.4
56.9,-53.3,953.1
92.1,-100.0,953.5
312.6,-501.7,773.7
844.2,-1081.8,701.0
1266.0,-1122.0,996.6
869.6,-367.4,932.3
225.5,382.0,709.8
-34.9,700.2,791.5
-120.2,789.8,810.7
-138.4,767.0,879.6
-189.8,740.9,1012.5
-261.7,694.1,1146.6
-257.4,548.1,1248.9
-170.5,269.0,1190.0
-60.3,23.3,1051.1
-36.2,-28.7,952.4
10.6,-49.2,913.3
62.0,-76.9,891.6
47.1,-22.9,888.5
100.7,-48.4,876.6
133.8,-94.3,859.0
78.4,-47.6,842.4
81.8,-44.5,844.3
146.4,-35.7,894.8
210.2,-12.0,945.9
233.3,28.6,1017.7
241.0,74.4,1062.9
273.0,107.8,1060.9
334.8,170.7,1050.2
411.4,248.5,1012.2
496.0,282.8,993.6
493.4,265.9,973.0
325.8,271.2,904.0
97.5,185.3,808.8
-54.8,-43.4,770.9
-255.5,-265.6,772.3
-415.5,-360.1,880.6
-251.6,-419.3,1041.6
-77.5,-462.6,1079.7
-118.9,-341.3,1024.7
-104.0,-238.6,988.4
-30.3,-210.9,992.1
 2.4,-170.1,985.3
28.7,-144.7,985.2
-,-,-
37.8,-63.0,970.3
44.5,-74.5,953.8
42.6,-72.8,949.0
37.7,-71.7,957.6
57.2,-100.4,948.4
113.9,-216.2,856.7
357.1,-566.6,663.0
999.8,-1000.0,812.3
1305.4,-948.7,995.7
793.7,-252.1,787.3
302.4,351.6,769.1
54.9,609.1,820.2
-164.9,857.7,906.4
-359.9,1056.8,1130.1
-466.6,1025.5,1244.8
-333.3,648.6,1206.7
-162.0,241.3,1116.2
-51.6, 5.5,1023.7
50.0,-138.2,933.4
65.2,-163.9,940.5
55.4,-125.1,885.8
104.0,-122.9,846.8
146.5,-124.5,876.4
145.9,-104.1,862.3
163.8,-84.8,844.5
159.3,-37.5,894.5
151.5,29.9,970.5
193.0,27.3,976.1
199.4,60.1,938.2
214.0,140.1,962.2
284.9,188.8,980.3
311.8,247.3,976.2
369.9,246.3,949.5
435.9,249.8,931.1
450.6,234.5,907.5
396.7,157.8,831.0
190.8,105.5,797.3
-18.7,-13.6,882.8
-134.0,-196.9,960.5
-226.5,-319.9,988.7
-268.0,-402.9,1062.7
-186.5,-435.5,1054.8
-155.8,-332.6,1019.1
-165.6,-214.6,1006.1
-99.2,-164.6,976.5
-52.6,-118.6,992.6
-20.3,-89.8,1016.5
17.8,-108.4,997.0
23.6,-125.9,962.4
42.0,-132.7,943.0
-,-,-
55.1,-109.3,962.1
49.4,-103.6,964.9
41.8,-99.9,946.2
54.6,-102.9,949.2
65.1,-109.2,948.1
81.1,-132.4,930.5
151.7,-233.0,888.8
385.4,-486.7,822.7
728.0,-793.4,817.9
910.7,-849.3,802.1
793.9,-562.8,709.7
499.3,-151.8,627.5
186.6,294.6,658.7
-11.1,668.1,892.1
-236.4,909.6,1142.3
-425.1,989.6,1308.8
-448.1,792.9,1315.0
-342.5,466.2,1164.1
-183.3,167.5,1051.6
-45.3,-8.3,955.7
88.2,-102.8,904.7
109.1,-99.4,889.1
143.6,-104.1,887.4
230.3,-151.3,876.1
191.6,-60.4,923.0
177.6,-17.5,921.3
194.9,-21.9,898.1
197.8,34.1,922.5
243.9,57.9,937.5
281.4,89.6,966.1
344.7,115.0,989.1
400.5,147.6,979.8
403.8,204.5,975.0
397.4,193.4,938.7
273.7,223.7,940.5
67.1,191.1,1025.3
-14.4,16.2,1016.4
-19.9,-188.5,917.7
-112.1,-372.1,833.5
-205.2,-454.2,822.7
-222.9,-469.2,864.7
-240.8,-410.2,899.8
-216.2,-335.7,885.8
-151.0,-279.1,880.8
-161.4,-169.4,949.4
-110.6,-141.8,972.8
-22.7,-174.1,987.5
-21.8,-178.3,1000.1
16.4,-194.9,947.4
-,-,-
86.3,-74.1,964.5
93.0,-73.7,961.1
90.9,-75.8,953.1
87.4,-69.5,959.7
87.6,-56.8,974.3
88.9,-52.9,975.3
120.1,-78.0,971.6
241.2,-180.2,1020.2
383.6,-417.4,971.1
531.2,-725.1,740.3
655.6,-898.1,557.4
700.0,-763.5,525.6
671.5,-351.6,687.2
433.6,186.0,897.9
104.0,590.7,1005.0
-234.7,863.9,1184.7
-473.7,953.8,1319.5
-485.6,790.8,1269.5
-355.3,491.9,1188.2
-172.6,137.6,1041.4
27.1,-114.8,950.8
88.3,-160.6,963.0
60.0,-125.2,939.7
44.3,-40.5,874.5
106.6,-14.0,912.9
186.5,-50.3,918.4
146.3,27.1,917.8
202.0,20.3,934.3
206.4,39.1,924.6
166.0,126.6,936.4
307.2,77.1,905.0
347.2,58.8,914.2
294.5,123.1,975.3
338.0,177.3,1019.6
416.7,156.5,1008.2
399.6,181.5,960.3
281.0,211.7,960.1
141.6,153.3,921.5
 9.6,55.5,839.6
-162.9,-94.5,867.9
-195.5,-294.8,968.0
-57.2,-476.3,987.1
-55.3,-470.8,949.8
-122.8,-356.0,941.4
-109.3,-268.0,996.4
-87.2,-155.9,1072.6
 4.1,-121.2,1086.7
95.9,-142.7,1031.5
92.1,-136.0,960.1
87.6,-129.0,910.7
-,-,-
95.0,-81.1,955.1
89.9,-80.5,947.2
84.3,-74.0,951.9
93.3,-73.3,953.5
112.5,-88.8,938.0
150.4,-127.8,924.1
269.3,-282.0,934.0
579.8,-609.8,969.9
1000.3,-1020.5,907.5
1022.9,-961.3,564.2
538.5,-210.8,446.4
90.7,500.2,719.2
-122.3,820.2,996.7
-281.4,925.3,1140.4
-364.1,880.2,1226.5
-354.9,716.8,1234.9
-296.1,447.1,1169.9
-164.8,128.0,1068.7
-58.5,-102.8,986.1
-1.1,-177.6,928.7
52.4,-185.3,904.4
94.0,-191.5,895.2
117.0,-156.4,893.0
135.4,-148.2,934.6
162.0,-146.5,939.1
118.5,-65.7,901.4
147.5,-56.8,896.2
188.6,-57.6,865.1
131.3,35.4,901.0
149.8,66.2,941.5
138.0,130.1,956.8
196.0,183.7,968.8
318.4,195.1,945.2
310.6,306.0,948.3
360.2,377.2,979.0
480.9,292.3,962.4
488.0,194.3,903.6
340.2,163.9,890.0
123.8,28.6,875.5
-79.7,-253.5,844.7
-241.9,-456.2,890.9
-228.7,-544.7,990.8
-124.8,-535.1,1008.9
-140.0,-387.5,1000.2
-136.7,-228.6,1053.5
-25.7,-208.3,1042.2
25.0,-183.0,987.2
19.8,-144.1,959.3
90.6,-177.9,930.9
-,-,-
58.2,-50.9,960.8
58.3,-46.9,966.2
55.6,-44.8,964.5
63.1,-45.4,967.9
73.8,-61.8,965.2
119.8,-133.1,948.9
236.6,-287.2,949.9
371.4,-512.6,918.3
605.6,-740.5,910.3
795.1,-745.9,939.5
694.3,-410.6,826.1
498.5,13.6,699.8
235.0,445.4,677.3
-44.0,872.1,845.8
-329.2,1175.3,1198.6
-523.5,1138.9,1282.5
-453.0,755.3,1142.6
-250.5,355.4,1087.6
-40.6,30.2,973.0
77.4,-110.3,889.0
126.2,-124.6,855.4
135.9,-112.5,826.1
168.9,-125.4,834.9
207.4,-136.3,864.9
160.7,-61.3,910.3
144.0,-0.4,964.7
137.6,-6.6,984.4
115.5,23.6,987.5
176.0,46.4,980.5
226.8,63.4,958.4
234.8,117.8,968.0
261.4,152.9,974.7
289.1,186.3,969.9
366.4,195.5,950.6
426.2,192.3,905.9
383.3,217.9,913.5
330.6,171.4,934.8
267.7,104.2,916.3
104.8, 2.8,945.8
-92.3,-172.7,948.8
-328.6,-318.9,877.8
-415.9,-443.6,900.2
-294.0,-550.1,984.1
-211.1,-526.2,949.1
-201.6,-364.1,903.6
-144.5,-229.4,955.9
-,-,-
40.8,-52.2,969.9
35.9,-49.4,961.0
23.6,-48.1,956.3
32.2,-52.0,960.5
37.5,-52.3,964.5
34.6,-54.7,963.0
35.1,-64.9,950.9
68.1,-88.5,955.3
208.9,-191.8,1006.6
490.0,-483.6,1076.0
943.2,-1009.9,1018.0
1017.3,-1086.3,586.9
528.4,-298.2,328.5
40.7,620.8,702.6
-208.9,1012.4,1024.5
-347.9,1082.2,1220.3
-471.3,1039.5,1359.8
-414.6,722.5,1297.7
-252.1,283.2,1153.5
-162.6,63.2,1069.3
-8.1,-88.8,925.7
133.6,-238.4,809.5
169.4,-222.4,837.9
182.1,-171.9,828.5
138.1,-65.9,884.9
119.5,11.0,912.3
119.4,24.2,894.5
88.5,61.3,947.7
168.9,10.5,936.7
233.9, 6.6,941.2
288.1,57.3,999.4
369.6,134.9,1040.2
392.0,262.7,1025.7
388.5,331.5,945.7
353.1,308.0,886.7
263.4,232.9,876.2
96.0,107.8,872.7
-9.2,-129.7,821.9
-135.0,-330.8,802.1
-246.2,-423.4,858.0
-192.3,-481.1,1004.7
-150.9,-458.6,1133.5
-108.9,-392.6,1091.1
-1.2,-337.7,1030.0
65.0,-298.7,985.7
83.5,-242.2,954.9
82.3,-193.7,948.3
-,-,-
75.5,-47.0,956.9
77.7,-49.8,950.6
73.2,-46.3,952.0
82.4,-51.8,954.7
142.0,-116.6,948.3
256.3,-268.4,940.0
388.3,-426.5,929.1
712.5,-802.8,839.4
900.8,-985.4,659.9
684.4,-542.3,559.1
379.6,188.6,746.9
15.5,850.2,988.4
-247.6,1149.5,1173.2
-341.4,1093.5,1321.0
-351.2,833.5,1264.8
-224.9,404.5,1123.2
-68.7,55.7,1022.5
81.4,-129.0,949.6
166.0,-210.8,905.2
137.9,-151.5,896.9
172.6,-126.9,892.6
212.0,-154.8,861.1
210.9,-108.7,889.9
213.5,-65.9,900.9
126.6,42.1,920.6
168.2,63.3,932.6
246.7,51.6,912.8
234.3,130.6,921.2
254.5,182.5,942.8
283.2,257.7,955.9
311.7,357.6,942.7
400.3,364.9,951.1
494.7,299.3,957.6
501.7,216.8,936.8
387.1,63.9,920.7
127.6,-114.3,847.1
-190.5,-290.9,807.7
-349.9,-422.2,922.2
-310.8,-421.0,1016.5
-264.1,-360.2,950.0
-302.6,-232.5,921.4
-268.3,-125.5,979.5
-106.8,-128.1,1005.4
-,-,-
16.5,-70.5,971.4
15.1,-71.3,971.5
19.0,-81.9,949.3
25.8,-85.1,946.7
49.5,-111.2,939.5
127.9,-198.7,902.4
244.4,-333.7,854.0
472.0,-531.3,801.1
778.4,-794.4,868.3
717.7,-614.6,900.0
342.1,-83.9,808.4
79.1,269.5,834.0
-84.3,480.7,915.8
-207.0,618.6,1013.9
-277.3,695.8,1187.8
-320.1,659.6,1286.4
-316.3,476.6,1270.7
-228.1,229.4,1149.9
-63.3, 9.1,1020.8
50.9,-110.5,946.2
125.5,-167.2,894.9
109.9,-99.2,904.7
160.5,-72.6,904.5
233.8,-141.3,839.0
148.3,-38.2,893.2
162.3,-2.2,914.4
191.9,-18.4,885.2
119.1,52.1,927.0
144.2,59.3,938.2
127.1,135.7,983.7
127.2,190.4,1021.4
200.7,178.4,986.0
230.9,234.7,978.0
315.4,266.1,981.6
406.6,219.0,964.4
402.6,188.3,934.9
291.4,195.6,916.8
153.3,93.0,855.4
25.4,-83.9,818.5
-130.0,-227.3,828.4
-281.7,-383.9,851.4
-399.3,-530.0,823.9
-373.7,-615.7,827.1
-245.3,-592.6,975.3
-139.4,-501.7,1049.9
-87.9,-347.5,1047.7
-29.4,-232.6,1073.2
73.1,-227.2,1040.3
86.3,-207.5,966.0
-,-,-
61.8,-145.2,952.5
68.7,-154.5,959.0
79.4,-164.5,948.6
106.3,-191.7,933.0
191.5,-292.4,913.2
342.5,-453.3,870.8
588.2,-729.5,850.1
824.3,-949.1,719.3
791.3,-645.7,618.0
448.1,44.0,773.0
31.2,624.2,976.4
-321.7,987.3,1188.7
-429.3,961.4,1276.9
-434.9,788.2,1251.5
-417.5,532.7,1238.6
-224.4,128.4,1083.7
-48.8,-90.4,988.9
66.2,-156.2,933.6
153.9,-201.1,870.7
126.7,-107.7,864.9
165.7,-63.1,892.5
197.0,-82.4,858.2
116.2,40.6,847.9
185.2,43.2,846.9
222.4,49.5,920.4
212.9,128.7,1000.6
263.3,123.5,994.6
279.8,142.8,999.3
347.7,190.7,1020.7
417.2,245.1,991.4
463.1,281.2,895.3
419.5,311.9,886.0
327.2,304.4,890.3
282.8,133.5,832.8
198.0,-97.9,899.5
-62.4,-246.9,973.5
-312.7,-369.0,941.1
-365.4,-466.3,962.4
-324.1,-457.9,966.4
-259.1,-331.2,993.4
-178.1,-192.1,1020.0
-103.2,-89.5,978.9
-30.3,-62.8,984.8
-,-,-
65.0,-53.9,1010.9
47.1,-57.1,991.4
28.8,-74.7,947.9
28.7,-89.1,941.8
37.9,-87.3,961.2
32.2,-79.8,966.7
22.9,-75.1,968.0
24.4,-92.9,948.7
34.8,-120.7,930.6
125.5,-198.7,930.7
420.4,-480.3,1008.9
925.7,-942.3,1021.6
1078.6,-1029.5,698.6
717.0,-450.0,399.6
291.0,367.6,583.1
-43.4,933.5,883.0
-295.0,1118.2,1171.3
-484.6,1121.0,1356.4
-485.5,885.6,1296.3
-346.9,511.5,1176.9
-169.6,144.6,1005.1
-67.7,-41.0,915.9
56.8,-162.7,892.9
120.6,-185.2,853.7
158.5,-173.5,857.7
214.6,-173.7,874.2
178.3,-85.9,915.3
163.8,-38.4,948.7
162.5,-8.5,964.9
128.0,44.4,979.7
168.6,24.9,958.2
196.8,24.5,944.1
178.5,67.3,944.7
184.9,107.7,958.3
251.7,120.5,930.1
303.7,155.3,922.5
342.4,221.1,946.5
414.5,233.2,933.2
488.7,167.6,906.6
496.9,85.0,888.0
376.9,73.1,865.0
57.3,-85.5,788.4
-173.4,-394.3,739.2
-278.3,-538.0,969.8
-340.0,-553.6,1167.0
-266.3,-548.3,1128.4
-152.4,-474.5,1075.8
-68.5,-367.9,926.7
-53.8,-238.7,830.8
-44.4,-156.1,887.5
-,-,-
81.7,-87.5,949.2
79.2,-84.4,955.2
87.2,-94.1,954.0
91.5,-98.1,962.2
93.8,-93.4,963.2
114.6,-110.5,953.4
154.5,-149.2,910.9
266.0,-183.7,866.3
582.8,-454.6,945.1
975.4,-850.3,992.6
975.2,-896.5,755.9
568.6,-419.7,512.1
98.1,332.7,680.5
-217.6,804.6,1011.2
-352.6,919.6,1332.6
-376.9,870.8,1536.1
-298.9,622.9,1397.2
-180.4,244.8,1145.8
-96.7, 5.1,1005.5
-25.1,-108.4,972.4
62.7,-217.3,884.0
73.4,-197.1,874.0
99.0,-171.6,889.8
137.1,-155.0,868.2
163.8,-121.4,859.8
163.7,-71.7,884.6
139.7,-3.0,920.5
198.5,-28.7,920.8
220.3,-14.2,940.0
212.4,27.7,946.4
223.9,42.3,938.0
236.2,75.7,946.5
291.1,82.3,961.5
303.7,107.6,972.5
287.6,170.9,951.6
289.8,198.1,921.8
352.3,165.9,923.4
438.1,135.5,971.6
469.5,97.2,955.7
463.5,11.2,907.9
316.5,-38.2,887.5
-31.9,-77.2,812.5
-378.7,-212.3,773.5
-503.4,-397.6,846.9
-353.1,-525.2,971.4
-138.2,-506.8,1121.5
-54.7,-358.9,1132.7
-20.6,-219.6,1018.7
-,-,-
71.8,-125.3,954.9
68.2,-123.9,951.3
65.9,-121.1,954.6
71.0,-121.6,947.6
75.5,-127.2,948.8
100.8,-148.8,945.3
154.1,-192.8,929.8
236.0,-262.1,944.3
362.6,-413.8,925.9
558.8,-623.3,872.5
666.1,-702.1,742.9
603.3,-572.0,569.8
411.3,-218.6,622.4
106.1,260.1,833.7
-186.7,584.0,1052.2
-348.7,688.5,1255.0
-488.6,749.9,1437.3
-465.8,645.4,1464.6
-245.0,305.0,1292.9
-82.1,18.6,1116.7
-65.7,-61.0,965.5
-40.5,-87.7,843.1
51.9,-149.9,799.9
49.6,-99.3,813.3
83.9,-69.6,796.9
129.8,-61.9,801.7
157.0,-25.6,854.7
210.6,-68.1,862.0
169.4, 7.2,914.7
189.7,56.4,962.0
209.8,58.6,970.2
168.5,147.9,1011.4
286.3,125.2,1013.9
405.2,71.6,994.1
398.0,128.0,979.5
443.8,162.5,971.1
501.8,156.5,959.4
480.3,158.0,876.7
426.1,107.4,885.5
209.1, 0.2,903.8
-172.0,-139.4,847.6
-528.1,-358.9,835.3
-661.1,-489.6,916.5
-570.4,-506.2,969.6
-486.0,-471.8,881.9
-422.8,-245.2,851.9
-250.8,-47.9,920.6
-43.4,-10.8,995.6
58.3,-44.3,1080.7
54.4,-83.7,1030.2
24.4,-98.8,934.6
11.4,-106.5,929.6
-32.7,-80.0,938.2
-57.8,-68.5,916.9
-,-,-
-14.7,-68.8,951.2
-6.1,-86.5,950.4
-12.2,-84.7,945.9
-16.5,-76.9,965.5
-8.5,-89.9,964.5
-3.9,-91.0,966.3
-7.9,-87.2,963.8
-9.8,-92.9,949.6
-8.8,-91.1,953.7
-19.0,-74.8,956.1
-23.6,-68.8,955.6
-3.9,-92.9,941.9
81.8,-166.0,924.4
299.8,-344.8,946.3
585.0,-629.6,940.6
758.4,-783.3,890.0
689.6,-564.7,755.7
495.6,-142.9,721.1
220.3,284.3,812.3
-111.5,673.6,995.4
-374.8,864.0,1203.0
-469.1,812.4,1323.5
-416.3,599.9,1341.9
-337.4,338.9,1250.8
-179.4,35.4,1139.0
-46.0,-152.0,914.3
12.0,-134.3,861.3
126.7,-164.4,864.8
138.8,-109.3,847.2
156.7,-66.8,859.4
207.7,-83.2,849.4
188.1,-21.4,901.4
213.5,-19.9,920.1
219.3,-45.0,936.4
212.2,-34.3,967.0
204.2,17.1,980.6
194.3,85.6,1016.0
186.9,137.4,988.0
164.6,229.1,955.7
250.3,298.9,969.2
357.4,357.9,961.8
418.7,390.4,913.6
500.7,321.8,899.6
446.3,218.2,876.0
131.7,90.4,846.2
-217.3,-143.1,898.2
-354.1,-492.0,843.3
-313.3,-698.1,802.2
-248.7,-665.3,932.9
-239.3,-534.7,952.4
-265.9,-307.8,925.7
-173.7,-176.9,977.0
-77.4,-108.5,1024.3
-106.6,-28.4,1027.7
-,-,-
67.2,-117.4,959.0
62.1,-129.2,943.1
60.9,-137.9,932.3
69.5,-130.5,947.2
75.2,-126.0,971.9
87.0,-137.8,984.1
100.2,-157.6,964.4
129.6,-197.2,926.1
188.1,-273.0,904.7
301.5,-422.1,846.5
403.7,-551.1,919.6
415.1,-634.0,864.0
444.5,-670.7,673.4
476.4,-515.8,676.7
343.0,-156.1,681.7
255.9,222.4,812.4
130.6,576.1,1147.0
-129.8,808.2,1314.2
-360.0,861.6,1339.3
-456.6,724.2,1325.2
-362.8,353.1,1138.0
-159.0,15.7,1037.8
-10.8,-152.3,951.1
75.9,-193.4,867.3
128.1,-182.7,839.8
155.4,-147.8,882.8
202.3,-137.5,876.5
187.0,-105.7,842.5
187.6,-77.0,871.2
203.9,-64.8,893.0
110.1,44.5,917.1
128.1,78.8,955.9
180.4,88.4,980.5
195.8,140.5,979.9
316.3,115.6,942.7
362.3,200.2,926.7
399.2,309.4,965.7
491.9,278.5,1017.0
479.4,179.2,942.2
347.0,68.5,870.6
109.6,-112.7,931.9
-138.1,-314.2,968.2
-306.8,-486.4,934.7
-388.2,-549.1,928.0
-391.2,-409.8,1002.9
-262.4,-304.6,1022.3
-126.6,-225.2,924.4
-99.7,-83.9,940.9
-18.1,-45.1,988.0
42.3,-71.5,980.3
27.6,-109.4,977.4
-,-,-
-3.7,-112.0,951.1
 6.6,-114.0,967.3
 3.7,-119.7,952.8
-11.7,-107.8,958.2
-5.1,-113.3,962.1
 8.9,-128.7,946.7
20.9,-134.8,947.0
50.3,-157.0,940.7
150.2,-247.1,895.3
295.0,-464.7,793.4
702.1,-863.5,814.3
998.1,-1015.9,745.1
740.2,-518.1,648.5
357.2,144.7,784.4
36.1,643.6,929.6
-267.2,925.7,1043.2
-375.4,916.6,1158.0
-390.7,797.5,1275.7
-401.9,575.4,1259.8
-298.6,269.0,1168.4
-151.8,-13.3,1052.8
-94.5,-132.3,946.7
-53.8,-122.9,888.3
51.0,-172.2,869.1
84.2,-166.7,870.7
74.2,-96.3,822.3
119.4,-99.9,790.3
115.7,-55.7,860.8
74.0,37.0,940.7
110.2, 6.2,966.7
120.0,-34.3,972.9
104.4, 0.1,992.4
145.2, 4.3,970.7
180.2,41.3,963.8
265.6,75.2,964.5
345.7,146.8,942.1
428.6,266.3,935.3
560.7,295.5,947.7
564.6,251.7,931.4
412.0,187.5,908.6
171.7,72.6,917.9
-165.8,-150.4,868.1
-283.2,-520.2,784.0
-239.8,-613.8,932.9
-261.3,-368.7,1116.0
-229.2,-210.4,1045.1
-213.6,-108.6,978.5
-146.6,-86.5,1002.0
-26.0,-121.4,981.2
-28.1,-96.2,963.7
-13.3,-106.1,961.0
14.5,-120.5,951.0
-,-,-
38.0,-98.8,967.0
38.8,-104.1,956.4
42.9,-108.8,958.1
42.4,-106.7,970.4
40.1,-109.7,967.9
41.4,-119.1,956.9
39.5,-121.9,947.1
32.7,-128.2,931.2
63.8,-173.5,918.2
189.0,-311.4,917.4
424.1,-568.7,875.7
665.7,-756.6,802.5
717.1,-633.4,838.1
552.0,-237.6,895.7
271.4,194.2,934.8
83.8,398.9,932.2
-62.9,530.9,988.4
-258.2,691.1,1146.6
-436.6,730.6,1228.0
-491.0,600.6,1178.2
-377.8,347.2,1079.0
-198.8,63.4,989.1
-80.4,-74.5,925.6
16.4,-97.8,886.1
123.8,-139.5,862.9
138.5,-101.3,883.5
123.4,-39.5,880.4
177.0,-50.8,881.2
165.7,-23.1,934.7
137.6,18.4,922.3
155.2,41.9,939.5
197.9,55.2,966.9
254.2,52.9,965.5
266.5,98.8,976.7
279.7,165.2,977.1
336.3,181.8,992.9
327.3,192.6,1005.0
287.8,203.0,984.6
211.4,207.9,995.1
53.7,119.8,930.9
-45.2,-64.3,843.3
-170.1,-256.1,842.3
-387.6,-380.5,814.2
-407.6,-441.0,823.7
-257.5,-471.6,937.9
-188.1,-406.9,967.5
-187.3,-289.2,942.1
-159.7,-208.5,973.3
-99.0,-180.3,994.4
-,-,-
36.0,-110.2,953.1
35.7,-107.1,963.1
33.4,-106.6,964.4
41.2,-114.3,958.3
54.0,-135.3,950.6
105.4,-175.8,947.4
195.1,-289.1,943.4
301.7,-525.1,844.8
466.8,-731.8,827.9
577.5,-695.2,889.0
498.3,-383.5,892.4
328.1,19.1,875.0
180.4,320.4,884.3
31.5,538.8,938.1
-164.2,729.1,1038.4
-358.3,891.3,1231.7
-463.9,827.4,1317.9
-405.7,533.2,1220.1
-211.6,187.0,1047.0
-87.4,-17.4,906.3
-28.7,-73.5,884.4
67.6,-156.1,835.2
79.3,-147.3,825.8
94.4,-114.7,841.2
165.3,-148.6,849.5
166.6,-113.8,899.1
167.0,-76.3,914.5
161.6,-64.4,936.7
120.1,-22.0,939.3
104.7,46.3,967.6
174.5,44.3,995.3
250.9,46.5,995.1
344.3,82.4,1001.3
464.2,127.5,991.6
553.9,180.6,990.6
568.2,249.7,966.2
455.2,325.6,924.7
271.3,234.2,853.3
-20.0,36.1,810.9
-378.8,-145.0,889.1
-506.7,-394.4,930.9
-486.7,-603.6,873.9
-456.9,-575.1,869.7
-355.1,-422.2,939.4
-228.6,-280.6,975.9
-93.0,-209.5,983.4
-22.4,-202.6,1017.7
-10.5,-198.8,1016.3
15.3,-194.4,994.2
-20.9,-176.7,990.9
-28.1,-170.6,952.2
-,-,-
23.6,-101.9,965.7
32.5,-102.1,969.0
33.3,-103.7,959.6
31.8,-115.6,947.4
31.0,-114.5,950.3
30.4,-106.5,959.1
29.9,-106.3,959.5
34.7,-109.5,959.3
44.5,-120.4,959.2
71.9,-152.2,944.2
112.5,-212.3,900.2
173.6,-306.6,857.1
276.9,-462.1,799.0
382.3,-577.7,822.0
451.4,-595.0,860.3
459.1,-516.6,863.6
373.6,-294.3,855.8
290.3,-25.4,900.6
137.2,256.4,921.0
-83.9,540.1,936.0
-248.6,765.6,1061.2
-392.0,892.3,1268.0
-399.0,704.2,1263.2
-239.7,324.7,1187.9
-117.4,65.6,1106.4
-94.4,-60.5,943.5
-96.6,-75.8,880.9
 3.5,-98.3,859.2
102.2,-156.5,796.2
132.4,-148.9,775.0
165.8,-98.4,818.7
176.7,-46.6,883.2
205.1,-61.5,903.6
256.5,-107.5,961.7
254.4,-89.7,1012.8
266.2,-62.5,994.7
348.6,-83.3,958.0
379.5,-48.7,949.4
328.2,63.8,958.8
326.2,178.8,986.2
419.7,177.3,968.8
443.6,175.2,946.2
361.3,253.0,937.3
199.9,160.1,811.7
-8.4,-96.5,678.5
-204.4,-320.2,780.3
-334.5,-504.8,944.1
-327.9,-623.7,970.1
-236.0,-623.4,1013.3
-179.8,-489.3,1016.6
-118.0,-304.3,999.9
-46.3,-212.4,1010.9
-3.7,-195.9,979.9
 6.2,-194.9,937.7
27.6,-199.7,947.0
37.1,-199.4,945.3
-,-,-
-32.4,-76.8,950.5
-31.6,-76.3,954.5
-33.4,-84.1,953.6
-25.3,-95.7,955.6
-17.3,-100.2,960.8
-27.9,-92.3,962.4
-31.9,-91.7,961.9
-18.0,-105.8,954.1
12.5,-126.9,933.8
125.7,-206.8,932.5
376.6,-483.4,982.7
678.6,-772.5,987.5
759.5,-813.6,839.8
625.9,-548.7,671.7
396.6,40.9,814.6
35.9,603.3,935.6
-227.0,845.0,1002.8
-391.2,951.4,1209.9
-464.6,878.8,1319.1
-408.7,606.2,1311.9
-291.4,328.3,1236.4
-80.6,36.0,1026.0
23.8,-97.1,924.6
104.2,-159.7,874.1
201.9,-231.8,824.2
157.2,-175.9,846.1
146.5,-123.3,854.6
178.1,-132.7,876.9
137.5,-79.7,931.6
116.6,-38.3,950.9
94.6,-5.8,961.0
86.8,19.8,984.1
115.0, 8.8,958.3
136.3,35.9,941.6
232.0,57.1,938.6
355.1,121.9,930.9
413.4,277.3,958.8
444.7,364.2,937.3
416.0,374.2,870.4
342.3,318.9,849.1
229.2,147.6,892.1
27.5,-99.0,974.1
-189.3,-322.9,1023.8
-253.0,-550.3,939.7
-269.4,-587.8,877.6
-294.2,-417.0,983.5
-226.6,-301.3,1028.7
-184.4,-189.4,968.9
-163.3,-77.6,987.9
-48.1,-91.5,1008.8
 2.2,-119.4,1010.4
-18.7,-94.2,1010.4
 6.2,-107.3,980.0
-,-,-
74.2,-95.5,960.3
79.8,-97.5,959.1
74.0,-90.4,961.3
81.9,-90.1,967.3
80.6,-89.8,960.4
73.7,-78.3,952.3
91.6,-107.9,931.5
150.6,-197.7,911.8
305.4,-387.7,901.7
535.3,-775.1,798.0
715.2,-1011.8,642.2
791.9,-805.1,595.4
653.8,-192.4,699.4
269.8,509.0,886.2
-22.1,881.9,1095.7
-186.0,1011.8,1269.2
-315.3,981.4,1341.4
-352.7,731.3,1310.7
-248.5,399.3,1211.8
-29.2,84.3,1027.8
157.4,-117.7,904.2
267.8,-232.0,815.9
266.1,-191.0,842.9
281.6,-172.8,855.4
292.4,-165.1,826.0
238.0,-70.2,881.6
283.8,-60.5,898.3
321.6,-66.2,908.9
297.7,-16.8,938.0
264.7,45.5,929.3
319.5,75.7,930.6
351.6,131.2,945.0
304.6,239.6,986.3
376.2,302.1,1016.2
526.4,311.6,962.5
606.4,304.9,897.2
604.9,257.7,872.2
443.5,144.8,839.1
195.9,-133.0,817.9
-200.9,-493.5,754.8
-657.2,-620.8,689.5
-725.3,-537.3,721.5
-523.5,-387.2,855.7
-432.2,-181.1,979.9
-238.1,-113.3,1016.1
-51.9,-132.6,1062.9
-87.9,-87.2,1004.7
-,-,-
152.8,-81.5,963.6
136.9,-81.8,952.1
137.3,-71.9,959.8
143.7,-76.3,954.0
142.3,-86.8,956.4
161.5,-95.1,955.0
173.5,-133.8,939.6
211.6,-222.3,904.5
335.2,-416.5,885.3
553.2,-732.3,912.3
700.1,-913.5,808.4
654.7,-769.3,624.1
545.4,-267.3,646.5
288.6,393.9,760.3
-0.6,827.0,954.9
-146.3,1044.8,1209.5
-310.8,1080.0,1296.5
-348.1,810.5,1234.3
-203.2,397.4,1131.4
-57.4,64.7,987.8
51.4,-100.3,915.4
97.3,-135.5,895.6
156.3,-157.2,876.0
214.7,-162.4,867.7
237.9,-133.2,865.1
245.4,-141.5,877.3
190.0,-89.4,894.7
158.3,-26.6,930.2
195.2,-40.4,960.0
192.3,-4.4,961.1
186.0,47.1,960.4
240.3,64.6,954.2
300.7,139.3,967.5
348.1,267.1,983.4
417.8,340.5,940.9
417.1,372.8,895.7
375.8,334.8,889.8
239.8,165.9,904.9
16.1,-82.7,912.4
-115.7,-403.3,923.7
-212.4,-657.5,955.1
-273.1,-713.5,917.5
-261.6,-590.6,950.0
-242.6,-324.8,1034.5
-153.6,-137.9,1001.2
-40.0,-73.6,993.1
 8.4,-58.7,970.7
51.6,-83.4,939.7
69.0,-107.2,944.7
-,-,-
68.6,-61.5,954.6
66.2,-65.2,945.9
59.5,-60.1,956.4
68.4,-63.4,966.6
73.6,-81.1,965.3
71.9,-72.5,968.3
72.9,-58.0,972.7
91.0,-93.9,948.1
147.7,-199.1,903.5
281.9,-424.5,871.4
418.3,-671.8,826.9
504.7,-774.3,774.1
595.5,-724.6,742.0
623.9,-497.3,723.5
494.8, 5.7,880.1
154.1,618.0,1123.3
-202.5,937.0,1205.1
-334.5,936.7,1216.9
-381.3,818.5,1228.2
-389.2,557.1,1112.8
-218.2,199.8,1011.2
14.0,-49.0,968.4
104.4,-127.5,914.8
158.9,-157.8,878.7
207.9,-154.7,871.0
202.9,-110.5,877.5
250.3,-109.0,892.2
214.4,-67.5,850.5
155.4,27.9,876.8
235.8,26.0,918.4
250.2,74.9,947.9
248.6,156.0,968.0
291.4,205.5,965.5
308.0,317.2,1019.0
354.2,431.9,1022.1
441.5,445.1,964.2
445.7,390.5,933.3
295.6,214.1,878.0
126.4,-131.9,777.5
-47.3,-508.6,701.3
-146.6,-709.1,811.9
-159.5,-689.5,963.1
-148.3,-559.1,1012.4
-98.7,-404.9,1055.1
-91.3,-289.9,998.0
-75.9,-224.0,944.5
-9.5,-224.8,930.4
29.1,-204.4,918.8
-,-,-
45.1,-87.7,960.5
44.7,-87.8,956.8
44.0,-84.7,962.1
50.6,-88.2,960.0
54.1,-90.1,953.4
53.1,-89.7,943.8
58.3,-96.2,934.8
73.4,-95.0,946.2
103.7,-117.2,938.8
139.1,-169.9,909.7
223.6,-305.1,864.4
412.8,-523.3,911.7
620.2,-743.6,929.4
610.3,-766.3,795.2
483.1,-571.4,677.5
318.1, 8.6,799.3
15.4,726.1,1059.5
-201.5,901.4,1107.1
-348.8,920.5,1167.9
-436.9,852.6,1228.6
-326.7,476.7,1071.8
-97.4,132.4,1025.3
 7.3,-33.5,979.7
72.0,-66.1,958.3
210.4,-158.7,909.8
221.4,-180.0,842.1
222.2,-135.7,847.7
263.9,-151.8,862.1
254.5,-116.9,891.9
221.5,-78.4,902.6
183.5,-56.2,937.7
177.0,-14.6,962.6
226.5,24.6,970.3
298.8,69.1,947.3
305.8,209.7,909.6
337.9,369.0,905.2
399.8,441.3,888.9
427.0,387.9,839.7
343.1,213.2,847.8
84.2,-13.6,940.6
-100.4,-333.1,1024.5
-38.9,-692.1,1032.6
-40.4,-747.4,1003.7
-137.2,-525.8,1020.1
-131.5,-350.2,1015.5
-76.4,-255.5,958.6
-34.5,-191.9,928.5
-13.0,-147.6,918.7
 7.1,-115.0,923.4
47.4,-111.9,960.7
-,-,-
49.7,-89.5,964.7
52.3,-89.5,951.6
51.9,-91.9,949.3
46.9,-85.0,954.3
41.4,-81.5,959.7
58.6,-96.5,962.2
71.2,-117.0,948.1
94.6,-161.0,929.0
181.8,-278.7,942.3
321.1,-522.6,952.6
491.4,-771.8,878.5
586.3,-819.0,786.6
598.3,-682.0,612.9
533.7,-198.8,662.5
141.0,603.1,1051.1
-416.1,1125.3,1276.1
-634.7,1124.8,1349.0
-578.8,864.2,1252.4
-347.9,432.8,1044.9
-35.2, 7.3,942.0
89.0,-165.7,934.6
95.0,-205.5,925.8
60.5,-174.7,931.1
66.1,-136.1,946.3
138.2,-153.3,909.1
79.4,-62.0,899.5
74.7,-14.5,921.0
104.4,-60.6,860.8
70.5,-7.0,866.7
147.2, 9.4,937.4
198.6,35.9,996.5
216.8,70.5,1003.1
290.1,51.9,964.9
299.5,135.2,943.8
300.2,269.5,944.3
334.4,410.8,957.3
384.5,476.2,930.3
473.6,356.3,842.1
414.7,209.9,803.1
158.0,36.3,835.0
-38.0,-250.9,882.7
-100.5,-534.3,974.4
-152.2,-652.9,1057.2
-143.4,-566.9,1133.2
-80.3,-380.5,1154.2
-71.8,-236.6,985.2
-31.5,-160.9,903.4
18.6,-147.6,900.8
-,-,-
67.8,-76.0,963.1
70.3,-71.3,953.7
54.0,-57.2,953.3
52.3,-55.3,956.4
73.9,-64.3,958.3
94.1,-70.6,954.3
165.8,-139.3,949.5
311.6,-319.6,999.4
537.8,-664.1,917.0
776.9,-975.5,765.2
825.3,-890.1,685.9
556.1,-219.5,701.4
162.7,571.5,906.3
-230.0,1024.8,1141.0
-474.4,1153.2,1335.8
-501.9,972.6,1350.2
-351.3,557.5,1171.4
-140.5,137.9,1010.6
-50.6,-75.1,948.3
24.7,-135.0,941.7
122.1,-176.1,929.5
121.4,-143.2,923.0
159.0,-94.6,900.8
219.6,-94.5,870.2
180.1,-27.3,927.6
173.6,22.0,949.9
153.5,62.0,938.7
168.1,105.4,938.0
247.0,105.6,922.0
247.6,140.7,883.6
226.7,265.2,918.7
310.8,344.3,950.5
397.2,336.1,913.1
440.5,237.6,887.5
374.3,94.0,854.1
135.1,-83.9,869.8
-102.0,-321.5,931.9
-194.7,-577.3,907.7
-145.7,-718.8,905.6
-75.1,-704.2,964.9
-69.4,-563.6,997.9
-76.6,-373.2,1001.9
-3.1,-262.2,1001.6
60.2,-209.8,994.8
-,-,-
72.0,-29.0,957.7
65.3,-21.4,959.0
72.5,-21.7,968.2
81.0,-33.3,959.6
76.8,-33.0,959.7
74.7,-26.8,966.9
79.4,-26.7,968.9
76.2,-23.5,963.4
68.3,-25.1,954.9
69.5,-25.0,959.3
71.7,-27.1,960.4
103.7,-71.7,953.0
198.1,-198.3,987.7
317.5,-400.1,978.7
447.8,-682.7,877.6
598.8,-805.3,835.6
712.4,-673.2,735.3
545.9,-237.8,677.6
162.9,483.7,872.1
-213.5,1001.3,1029.7
-401.3,1091.6,1135.1
-452.7,1003.3,1260.1
-461.6,736.5,1219.1
-239.5,285.3,1052.6
 6.8,-29.5,971.4
83.9,-137.8,949.7
125.2,-157.2,911.9
161.2,-136.8,901.3
190.2,-124.1,906.7
228.5,-135.7,893.3
195.9,-94.0,929.6
157.4,-76.0,917.3
147.8,-69.4,925.1
164.1,-64.5,953.3
165.4,-44.3,961.4
143.3,-4.2,958.4
150.9, 7.8,947.9
144.1,58.5,965.8
156.7,99.8,963.7
144.5,129.5,954.2
104.7,180.9,948.1
147.9,174.4,937.9
217.4,161.0,938.0
261.0,173.3,915.3
307.6,165.6,901.7
336.2,158.0,902.2
349.4,92.6,888.7
251.9,-41.4,868.0
-1.9,-226.1,928.4
-155.9,-476.4,998.7
-176.1,-674.6,993.9
-212.3,-649.8,991.5
-193.0,-493.2,1000.6
-145.5,-317.4,984.0
-110.9,-149.2,970.1
-69.3,-82.0,987.3
-,-,-
97.6,-57.8,958.9
95.3,-57.8,947.3
94.3,-57.4,953.2
96.2,-60.3,955.5
99.3,-69.0,949.9
101.1,-75.6,952.0
110.3,-82.7,955.9
111.2,-89.3,957.6
121.6,-104.6,950.2
150.0,-168.6,941.1
203.3,-349.1,925.5
288.6,-504.3,967.7
445.8,-663.6,955.7
597.4,-771.4,815.6
646.5,-660.7,657.0
553.9,-219.5,653.8
323.9,413.3,823.5
-13.3,860.6,1000.5
-177.8,926.8,1137.4
-232.3,831.6,1223.5
-284.4,645.8,1188.1
-245.8,318.2,1103.4
-76.5,-0.4,1080.7
59.3,-156.7,998.4
113.3,-187.5,938.6
168.2,-195.1,915.7
187.3,-175.3,873.7
213.5,-170.1,887.0
182.2,-125.9,908.2
124.5,-69.8,895.3
149.3,-74.6,912.5
177.4,-66.2,946.8
179.8,-52.5,959.1
166.4,-33.7,957.3
126.1,16.9,945.5
152.2,28.0,924.7
170.5,79.6,923.0
178.1,170.1,931.0
254.4,242.5,959.4
317.7,325.8,969.4
330.3,407.7,963.7
377.8,410.5,984.9
390.4,305.6,973.6
286.5,157.1,949.5
136.0,-86.7,922.9
78.9,-460.8,829.4
79.6,-689.4,815.6
57.0,-697.0,905.3
27.9,-646.9,896.9
-10.4,-538.9,879.7
-41.7,-354.0,946.4
-19.4,-220.9,1006.4
18.9,-176.5,975.1
46.9,-157.5,944.8
-,-,-
57.3,-34.6,964.1
52.5,-36.7,967.9
40.7,-34.9,962.5
42.8,-41.6,961.6
53.3,-48.2,961.7
53.8,-42.2,962.5
51.8,-49.6,954.2
71.9,-86.9,926.6
126.1,-136.0,903.9
344.6,-330.4,954.0
667.6,-706.4,1005.3
773.8,-860.5,827.8
686.8,-637.0,606.0
505.2,-131.3,652.4
87.5,583.3,840.4
-298.4,1071.1,1273.2
-423.2,1057.4,1491.1
-448.9,798.0,1354.9
-348.1,438.6,1169.8
-156.8,74.3,965.6
-24.9,-118.2,886.9
-1.6,-128.8,867.3
34.5,-141.6,872.1
98.1,-165.6,893.0
72.3,-121.2,873.7
90.9,-106.9,868.0
125.2,-54.3,929.0
104.1,43.1,945.0
120.9,55.1,917.9
99.8,102.2,944.1
108.8,154.3,970.6
147.3,148.4,1000.8
130.3,168.9,988.1
126.7,195.2,967.4
118.1,255.5,971.5
150.4,348.1,979.4
276.1,362.9,955.5
422.9,304.5,914.2
504.7,240.8,863.1
497.6,128.1,839.9
322.3,-10.6,880.6
-15.4,-139.9,964.3
-255.3,-332.3,945.5
-288.5,-560.9,867.3
-182.7,-629.1,936.7
-112.7,-537.9,964.3
-163.3,-336.2,989.4
-147.9,-167.1,1048.3
-11.8,-162.0,987.0
35.7,-150.2,952.7
30.8,-110.7,969.0
-,-,-
66.3,-44.2,948.5
64.5,-42.3,961.8
63.1,-35.8,967.3
65.3,-39.6,965.8
58.7,-42.5,962.7
80.2,-79.6,946.1
123.1,-179.4,948.9
250.1,-372.5,964.2
489.0,-671.0,929.5
712.0,-856.0,806.0
857.0,-757.9,690.5
713.4,-320.4,676.7
264.3,404.8,816.3
-134.9,950.6,1038.0
-368.1,1107.0,1185.6
-410.6,997.0,1165.0
-323.5,705.3,1049.6
-228.4,390.7,989.2
-91.6,98.8,1018.1
-16.5,-71.7,1028.2
-7.2,-88.9,984.0
57.0,-92.6,935.8
120.7,-82.1,915.4
177.7,-74.9,893.3
195.2,-59.5,909.7
190.9,-46.8,925.1
188.8,-32.4,938.7
192.1,-17.4,942.5
174.9,20.8,928.7
167.3,81.6,955.3
186.9,142.7,969.1
218.0,207.2,957.2
247.9,271.5,954.3
257.9,347.7,950.4
272.3,375.4,941.0
330.4,314.5,899.7
391.8,242.2,903.2
359.8,158.2,913.5
173.6,-40.4,787.2
-30.9,-296.2,708.0
-142.7,-490.4,905.3
-152.4,-579.9,1092.6
-82.0,-607.0,1113.0
-49.6,-565.6,1036.4
-72.2,-426.7,950.7
-73.5,-267.6,926.0
-26.4,-186.7,912.3
31.4,-149.1,956.6
75.3,-148.3,989.9
104.7,-161.4,980.0
-,-,-
75.5,-85.3,952.2
73.3,-80.3,960.7
68.0,-77.2,955.7
76.6,-84.2,955.6
78.1,-82.1,957.3
70.1,-82.7,952.6
97.2,-123.2,940.3
134.1,-217.3,940.0
235.7,-449.6,923.3
578.8,-821.7,841.3
907.8,-983.1,754.1
870.6,-707.4,674.1
527.7,-51.8,730.0
146.0,589.7,866.1
-154.2,953.8,948.2
-352.7,1139.6,1068.1
-432.3,1077.9,1062.9
-416.0,784.0,968.0
-323.8,428.9,942.9
-204.1,204.9,996.3
-42.2,43.0,1023.6
55.5,-64.2,932.5
83.8,-38.1,869.8
220.8,-88.3,863.1
255.4,-112.6,843.8
196.6,-29.3,885.8
265.0,-44.1,944.5
256.0, 0.2,967.6
226.0,95.3,978.3
284.3,99.2,967.4
274.8,170.3,973.7
294.3,266.9,979.7
348.7,312.6,960.1
343.9,324.7,933.3
341.1,295.9,897.0
315.2,200.8,866.3
187.8,28.5,888.8
-55.7,-157.2,916.1
-174.0,-428.2,922.8
-84.5,-693.4,921.5
-57.0,-704.0,931.6
-127.4,-510.6,946.5
-135.9,-324.5,941.9
-81.6,-236.2,923.6
-27.9,-202.3,935.4
 7.5,-180.5,951.6
28.3,-179.0,930.7
-,-,-
80.9,-104.6,966.0
73.9,-104.0,959.9
73.6,-105.7,954.8
79.7,-101.2,956.6
77.1,-94.4,960.5
64.1,-85.0,962.9
66.7,-90.2,951.8
67.1,-106.4,941.4
65.4,-116.1,938.4
92.6,-169.5,933.3
160.4,-318.3,917.3
303.9,-556.4,868.1
487.5,-755.6,875.6
604.2,-718.1,834.7
533.4,-421.0,807.5
363.8,-84.2,836.5
126.1,310.9,875.9
-71.0,622.3,973.4
-159.2,709.7,1087.6
-197.4,689.1,1174.9
-243.3,598.0,1166.3
-229.0,422.5,1154.6
-94.8,176.2,1114.7
15.4,-46.5,1027.1
52.8,-166.2,942.9
100.1,-215.7,918.1
120.7,-217.3,890.1
119.8,-180.0,915.1
150.9,-144.8,931.7
146.6,-94.3,902.0
154.3,-69.4,907.2
176.0,-39.1,905.7
130.2,39.8,941.1
177.8,59.2,960.8
243.9,90.6,946.2
201.9,195.9,959.5
223.6,287.5,970.1
286.4,355.8,991.4
358.9,322.1,941.5
389.4,252.0,878.2
335.3,162.9,915.4
210.6, 4.4,950.9
35.0,-241.0,914.2
-107.1,-524.5,868.2
-167.8,-729.0,796.9
-166.4,-740.7,814.1
-177.0,-520.1,957.9
-143.1,-334.0,1019.6
-73.9,-264.4,973.7
-62.1,-177.7,964.3
-,-,-
59.6,-80.1,945.8
50.0,-71.6,954.0
53.9,-77.6,956.4
59.1,-85.3,957.3
51.9,-78.7,965.6
54.8,-78.7,970.8
67.0,-89.7,967.6
66.4,-99.0,953.2
83.6,-128.2,942.6
139.9,-208.6,926.9
258.8,-362.7,901.7
478.3,-589.4,980.2
632.7,-709.3,992.9
599.0,-587.1,805.5
488.1,-291.8,707.0
243.7,134.1,707.5
10.7,473.4,780.3
-196.8,736.5,988.8
-466.6,952.0,1264.9
-585.0,876.8,1363.8
-484.2,578.8,1284.6
-225.2,187.1,1082.0
-35.0,-40.7,935.8
130.0,-140.5,891.7
264.9,-239.5,865.0
198.6,-181.3,869.9
212.9,-158.7,870.9
233.7,-149.4,859.0
133.3,-35.4,918.8
176.5,-62.7,929.6
187.7,-66.2,918.6
192.3,-30.6,936.9
229.5, 7.9,956.7
212.8,134.6,995.6
268.1,211.5,989.2
321.9,272.5,983.9
263.2,395.3,985.1
149.7,476.1,945.3
94.4,385.1,916.9
16.9,126.5,894.7
-38.0,-224.4,869.5
-3.2,-503.7,907.4
17.2,-627.8,915.6
 9.4,-599.1,937.2
-58.2,-477.5,979.8
-93.1,-398.8,936.5
-92.5,-331.5,913.7
-103.5,-268.7,922.8
-43.7,-224.2,943.8
-,-,-
58.2,-62.4,955.0
53.6,-56.3,961.3
45.8,-52.8,962.4
55.7,-61.8,964.1
60.6,-72.7,960.5
56.1,-64.3,966.0
61.1,-66.6,969.0
74.5,-94.6,950.9
89.8,-117.8,949.0
108.7,-158.3,959.9
149.7,-226.0,962.9
198.1,-291.0,985.1
278.5,-389.9,1015.4
375.5,-562.1,951.8
482.9,-709.2,737.4
607.0,-770.3,518.9
571.6,-375.4,571.8
186.5,553.2,863.1
-313.1,1233.0,1141.6
-473.5,1218.9,1230.6
-370.8,929.7,1202.4
-249.4,605.6,1136.2
-64.2,217.0,1080.9
77.5,-72.1,1042.5
46.4,-135.1,955.5
46.7,-157.7,913.1
97.1,-177.1,918.9
108.0,-145.3,899.6
104.6,-109.3,872.0
130.6,-86.7,912.9
161.0,-95.6,911.6
135.6,-70.6,910.8
147.4,-49.3,939.5
157.2,-27.2,958.1
153.3,-12.8,975.0
194.5,-32.5,944.2
160.7,23.3,957.1
119.3,92.0,977.4
158.0,96.8,963.0
167.5,133.0,988.0
203.1,198.9,1015.8
280.9,234.6,984.4
313.5,255.2,944.7
308.0,258.9,906.3
264.6,186.2,898.9
179.6,44.2,921.6
42.1,-176.1,908.4
-116.9,-421.8,871.9
-185.7,-624.9,819.3
-229.6,-697.3,806.3
-242.8,-590.4,902.0
-172.4,-421.1,996.5
-123.2,-275.5,1025.5
-90.6,-187.9,1006.1
-19.3,-188.6,971.2
31.7,-194.5,960.8
-,-,-
17.4,-49.1,950.3
14.0,-39.5,968.6
11.8,-36.5,971.5
12.4,-45.3,965.7
 8.8,-44.2,967.2
 2.3,-39.1,964.4
 2.4,-46.6,946.9
 2.7,-51.1,944.3
-19.1,-37.9,958.8
-39.2,-62.7,943.6
35.2,-212.5,935.0
268.8,-516.5,934.5
590.8,-854.1,785.8
796.6,-896.7,641.4
827.7,-552.0,717.8
607.1,95.8,888.8
161.4,761.6,1030.0
-239.5,1096.0,1116.3
-445.1,1150.4,1215.4
-508.0,978.8,1217.0
-441.1,649.6,1149.5
-256.3,303.5,1092.4
-24.2,15.7,1006.1
149.2,-159.9,963.8
169.3,-166.5,940.2
167.9,-147.9,866.3
216.5,-187.2,829.2
172.3,-116.5,889.0
142.7,-60.8,888.7
138.7,-41.3,889.5
144.8,-6.7,959.7
164.1,10.5,960.8
120.0,81.7,973.8
171.1,110.2,979.9
226.8,145.4,984.8
161.9,262.3,1037.7
201.5,325.5,1074.1
300.9,292.3,1009.4
249.6,249.9,922.8
193.6,201.5,926.5
186.3,59.9,914.0
123.1,-122.7,860.8
 4.1,-320.2,880.1
-138.8,-516.8,860.8
-180.1,-591.6,863.1
-164.9,-546.9,910.7
-159.0,-426.7,941.1
-125.7,-285.3,980.5
-65.6,-185.7,1019.0
-16.8,-122.1,1042.7
-25.9,-100.0,1010.4
-9.4,-133.2,953.5
-,-,-
-28.0,-50.3,960.9
-19.5,-59.4,964.7
-29.7,-57.4,962.7
-26.3,-65.0,953.3
-33.9,-61.9,952.0
-33.3,-54.7,958.5
 2.0,-88.7,956.0
82.4,-230.1,973.7
315.2,-515.1,958.9
567.0,-830.1,776.6
665.0,-809.0,599.9
593.1,-404.8,657.8
354.1,135.2,814.4
129.0,554.3,1067.0
-93.9,807.7,1272.5
-293.4,914.8,1376.4
-354.5,765.3,1377.2
-393.5,511.8,1237.9
-293.7,224.9,1092.5
-111.1,-2.3,959.3
25.5,-130.9,904.2
132.1,-206.6,858.1
169.2,-186.5,829.8
223.7,-159.9,831.8
284.2,-193.6,845.2
261.5,-138.6,904.0
238.6,-72.1,944.9
197.4,-27.1,974.4
193.0,-15.9,952.3
202.0, 7.8,939.7
188.6,94.3,978.5
256.6,157.6,989.2
321.9,261.7,1011.3
394.4,341.1,1008.9
451.8,325.3,958.2
389.1,290.1,915.9
265.4,176.5,917.6
73.3,-34.4,869.9
-72.7,-315.8,829.4
-151.0,-553.0,813.7
-169.2,-678.3,857.2
-148.1,-665.2,950.7
-156.9,-543.8,967.2
-121.5,-372.1,990.4
-72.7,-266.8,980.5
-27.3,-217.9,949.2
17.4,-193.5,951.6
66.5,-211.7,948.2
81.2,-214.9,945.7
84.1,-190.7,949.3
83.4,-156.5,950.2
