-,-,-
1283.4,-478.1,962.1
1355.9,-482.7,947.1
1358.7,-456.1,968.0
1304.5,-384.3,941.1
1206.6,-276.6,952.0
1059.8,-137.0,925.1
894.4,18.8,918.7
702.6,175.7,862.7
514.3,324.2,824.5
323.1,458.7,742.2
149.9,574.0,698.1
-20.6,675.1,636.5
-171.6,754.9,631.0
-307.2,818.7,612.0
-406.6,876.6,653.4
-491.4,929.9,687.6
-537.9,972.3,759.7
-563.0,1003.9,805.7
-542.3,1024.3,879.6
-512.9,1036.6,919.5
-498.7,1060.2,982.1
-535.2,1094.3,1007.7
-571.8,1134.6,1049.3
-609.9,1168.6,1049.4
-617.3,1194.3,1074.9
-618.1,1212.9,1070.0
-600.4,1220.0,1095.5
-610.1,1223.6,1087.0
-617.9,1223.4,1094.3
-615.8,1217.6,1061.6
-578.5,1208.9,1047.7
-560.1,1199.3,997.3
-533.0,1198.0,965.8
-495.9,1197.6,901.4
-410.3,1184.1,883.4
-317.4,1157.2,859.1
-199.2,1103.1,879.3
-65.8,1008.0,858.4
104.0,873.9,847.1
277.8,711.5,785.4
476.1,532.1,736.4
648.8,339.2,667.6
796.7,150.9,639.2
928.8,-21.1,580.5
1078.0,-172.0,587.6
-,-,-
426.5,139.9,909.2
389.2,206.3,851.9
328.4,276.9,821.8
250.6,346.4,769.7
171.9,409.0,754.6
87.5,461.6,715.8
19.8,511.0,719.8
-44.9,553.7,712.5
-82.1,586.1,740.0
-113.2,613.4,753.8
-133.8,648.2,809.0
-174.5,696.3,849.2
-225.2,755.2,934.2
-278.1,814.4,988.1
-320.8,867.9,1072.4
-353.7,913.6,1110.3
-375.4,955.6,1174.0
-405.6,996.8,1194.6
-453.9,1037.8,1241.4
-519.3,1076.5,1242.7
-583.4,1112.1,1263.9
-651.5,1142.7,1234.4
-717.4,1172.2,1235.6
-769.7,1203.2,1196.9
-807.7,1233.7,1196.5
-823.0,1250.1,1150.6
-804.6,1244.6,1132.2
-754.9,1214.1,1055.6
-676.8,1161.5,997.5
-572.0,1098.1,894.8
-444.0,1033.1,841.0
-305.3,971.8,765.4
-151.0,904.5,726.5
26.4,829.9,629.0
256.8,732.6,548.4
579.0,582.9,435.2
952.4,396.6,401.7
1324.5,195.8,387.5
1643.6, 9.9,465.3
1875.5,-153.9,542.8
2020.8,-290.4,683.1
2079.1,-397.5,812.7
-,-,-
-212.1,561.4,892.9
-206.4,565.3,929.1
-176.4,560.1,957.5
-132.0,556.7,1004.7
-98.8,558.4,1033.0
-82.8,570.6,1071.8
-92.8,597.0,1091.9
-106.5,628.0,1125.8
-138.6,661.8,1139.4
-183.0,696.9,1155.1
-243.1,731.5,1143.8
-293.7,760.2,1138.2
-347.8,787.8,1114.4
-405.2,819.1,1104.6
-473.7,853.9,1076.5
-555.4,897.6,1070.1
-647.9,945.5,1036.6
-728.5,986.4,1017.9
-786.9,1026.5,988.6
-815.4,1067.1,973.3
-833.0,1101.0,942.7
-818.8,1125.7,914.2
-773.5,1136.5,865.5
-685.8,1129.6,829.2
-559.8,1104.0,791.4
-395.4,1067.1,791.7
-200.0,1010.2,771.7
14.3,926.6,753.2
258.8,817.9,702.1
529.0,685.2,659.1
805.8,537.9,603.5
1087.8,382.9,589.4
1363.8,225.9,595.5
1617.0,65.2,659.0
1844.0,-106.0,727.7
-,-,-
362.3,241.1,911.4
318.5,288.8,891.8
275.8,335.0,901.5
231.8,382.5,879.3
181.4,433.4,890.6
124.6,484.1,869.1
64.9,535.1,883.0
 2.8,587.9,866.9
-63.4,645.3,889.8
-136.8,701.5,879.4
-220.7,752.7,900.8
-312.9,800.1,892.3
-403.1,843.2,922.9
-481.0,886.2,934.9
-548.2,933.5,986.7
-608.7,981.8,1002.8
-677.9,1031.9,1046.2
-756.3,1081.6,1045.9
-837.0,1132.5,1078.4
-904.2,1180.7,1070.1
-951.8,1222.3,1084.9
-983.5,1257.7,1041.8
-998.3,1283.1,1014.4
-993.7,1300.7,949.7
-964.3,1306.7,919.2
-892.6,1294.0,858.4
-777.1,1269.3,843.2
-629.1,1228.0,798.2
-447.6,1169.3,796.7
-236.6,1090.4,761.2
-4.3,985.0,747.9
251.6,858.0,679.7
547.9,699.4,638.2
869.5,522.1,583.5
1183.0,330.8,603.7
-,-,-
457.7,258.9,880.7
361.9,334.6,832.6
259.3,407.1,811.8
150.8,469.7,772.9
44.3,522.7,761.8
-49.8,567.9,738.1
-127.5,610.8,748.1
-197.1,651.6,751.1
-260.2,692.6,790.4
-312.1,737.5,816.4
-360.9,782.7,867.4
-411.1,829.0,893.7
-454.8,871.2,940.1
-490.5,907.0,960.1
-518.3,931.0,999.3
-540.9,947.9,1014.2
-568.9,964.9,1051.0
-613.4,982.5,1056.3
-662.9,998.0,1077.6
-709.1,1011.4,1060.2
-746.1,1020.0,1051.2
-771.9,1025.8,1010.9
-787.7,1031.8,996.4
-801.4,1040.0,962.9
-826.4,1052.0,962.4
-841.2,1060.7,932.9
-827.9,1063.6,920.4
-789.5,1055.5,873.2
-722.2,1040.0,853.7
-635.7,1018.2,813.1
-538.9,989.8,809.9
-429.0,951.3,791.7
-285.6,890.4,792.9
-105.7,801.7,746.1
96.0,690.5,705.7
301.9,567.3,633.7
501.0,443.2,589.9
683.5,330.4,538.4
862.6,231.0,539.6
1041.5,137.4,534.9
1237.6,36.6,581.8
1471.5,-89.1,628.4
1683.3,-214.4,741.7
-,-,-
240.8,235.9,829.8
230.9,268.6,813.8
205.1,304.1,846.9
161.8,341.7,830.4
105.6,382.1,845.3
42.6,422.8,806.9
-16.5,458.4,810.0
-72.6,493.0,774.2
-120.6,524.2,788.9
-151.5,552.8,771.5
-172.9,583.5,813.9
-194.9,619.0,827.3
-214.5,659.3,900.6
-239.0,703.0,939.7
-282.7,754.8,1026.6
-338.6,808.9,1064.6
-395.7,863.5,1131.4
-458.5,920.0,1135.0
-542.0,982.2,1164.9
-636.7,1043.2,1128.5
-728.1,1096.7,1123.8
-815.6,1141.5,1067.3
-879.6,1177.3,1050.2
-926.0,1209.2,987.1
-965.3,1241.7,969.6
-995.2,1273.8,914.7
-991.7,1300.0,912.7
-948.1,1314.5,865.7
-859.1,1311.1,859.7
-714.7,1281.7,810.0
-534.4,1225.2,811.0
-336.7,1139.1,773.4
-127.6,1022.8,782.5
90.2,883.7,742.3
332.5,717.9,740.9
601.1,524.4,692.4
907.9,305.8,713.9
1209.5,87.8,716.8
-,-,-
42.2,339.1,866.5
16.5,369.5,885.6
-20.0,399.1,904.3
-69.5,427.8,923.4
-123.9,451.3,919.2
-169.3,465.8,912.6
-203.0,473.0,895.0
-232.9,479.3,892.4
-262.8,484.0,889.2
-280.5,481.7,897.8
-276.8,470.2,901.8
-257.6,451.8,918.1
-235.7,432.8,930.2
-223.6,426.5,954.6
-236.8,436.0,972.1
-265.7,456.8,995.8
-300.9,484.6,1004.5
-346.4,518.2,1012.7
-399.8,556.1,1002.0
-447.3,593.7,996.5
-488.9,630.0,986.2
-531.7,666.4,990.7
-570.6,702.9,989.8
-612.6,746.6,1000.7
-674.7,803.5,999.6
-752.7,872.1,1003.4
-834.2,949.7,996.5
-907.1,1031.3,1001.0
-954.4,1110.7,994.2
-959.0,1172.1,990.4
-926.2,1208.9,967.3
-858.0,1224.0,947.0
-760.6,1217.9,910.5
-,-,-
99.2,256.7,831.5
84.2,283.4,856.7
48.5,316.4,844.5
-12.6,351.8,850.4
-83.9,386.5,817.2
-152.8,420.1,815.9
-210.2,448.5,791.0
-254.5,470.7,810.0
-291.0,488.1,805.9
-330.5,507.3,844.6
-366.7,522.4,860.4
-386.5,533.6,909.2
-391.7,544.4,926.5
-394.8,556.8,970.0
-407.4,571.3,976.2
-434.5,590.6,1006.9
-467.8,613.9,1000.8
-495.3,637.8,1025.8
-514.7,659.7,1020.1
-532.5,683.3,1049.4
-558.5,710.7,1053.4
-592.1,737.2,1089.8
-629.1,760.8,1089.8
-659.7,780.3,1113.7
-682.6,797.7,1100.8
-703.4,812.8,1113.0
-719.5,826.5,1088.2
-723.9,835.8,1088.0
-707.2,833.7,1050.7
-666.3,822.7,1039.3
-609.8,806.4,992.4
-548.9,788.8,970.9
-483.7,766.4,915.7
-404.0,736.3,886.5
-304.8,696.3,819.2
-178.0,636.1,770.0
-33.4,565.9,686.2
119.3,486.8,630.5
276.4,404.0,561.0
446.7,323.3,555.8
626.2,244.5,559.2
812.6,160.9,624.4
1003.4,67.3,686.3
1192.3,-33.0,789.0
1377.3,-142.3,852.4
1525.8,-244.3,952.8
-,-,-
-56.8,244.3,842.1
-57.5,255.1,870.3
-48.3,262.4,857.1
-40.4,264.8,883.4
-35.9,262.7,866.0
-33.2,263.9,887.0
-37.4,270.7,862.0
-41.1,280.0,877.3
-41.3,291.9,856.5
-45.9,310.8,889.4
-58.4,334.3,890.6
-78.9,363.6,942.4
-104.2,394.6,951.6
-132.3,428.0,997.8
-163.7,461.4,994.3
-204.3,499.4,1022.3
-267.4,548.7,1004.0
-351.5,609.5,1028.0
-449.7,677.4,1017.0
-558.2,745.4,1046.4
-665.6,812.6,1033.7
-760.0,878.2,1065.5
-845.4,939.5,1056.4
-920.5,995.5,1085.8
-980.2,1040.0,1066.8
-1013.7,1069.4,1072.7
-1014.5,1084.7,1021.7
-977.1,1083.9,997.7
-900.2,1072.1,928.4
-797.6,1052.0,907.8
-675.4,1022.8,861.7
-528.9,977.2,878.1
-361.9,909.4,864.9
-171.5,822.8,891.6
50.7,708.1,848.4
283.6,574.7,815.7
505.5,437.3,736.8
708.3,300.9,700.5
884.0,174.3,641.9
1031.4,66.5,652.1
1149.3,-24.4,655.3
1254.9,-112.8,734.3
1334.8,-196.0,808.7
1387.9,-264.7,948.5
1401.9,-313.1,1045.8
1367.4,-336.9,1174.0
-,-,-
-91.7,166.4,835.3
-97.0,182.5,856.2
-101.5,197.8,844.4
-115.3,213.1,866.4
-142.5,232.5,848.0
-175.3,251.5,866.5
-207.7,268.2,850.3
-233.1,282.0,874.2
-253.9,291.7,863.5
-263.0,296.4,894.1
-260.7,293.6,888.2
-246.7,282.0,917.2
-217.4,267.0,908.2
-191.6,258.4,936.1
-183.2,261.1,924.1
-193.4,272.7,951.2
-213.7,290.0,945.3
-235.5,304.8,976.4
-254.3,319.8,967.4
-263.5,335.4,995.0
-271.7,352.5,990.5
-286.2,373.6,1026.8
-309.1,397.7,1024.9
-346.5,430.8,1054.0
-411.1,474.8,1041.1
-492.6,530.2,1059.8
-578.3,594.9,1043.5
-658.7,662.1,1062.9
-732.8,728.9,1046.2
-792.8,788.4,1062.7
-841.8,841.9,1040.0
-878.6,884.0,1053.9
-886.8,911.8,1030.7
-855.9,926.4,1033.9
-804.6,932.7,990.3
-748.5,934.1,972.7
-676.9,928.7,921.7
-581.8,913.8,917.9
-456.3,878.3,885.7
-292.0,821.7,887.8
-81.2,740.0,849.9
159.9,633.3,838.7
404.1,511.2,795.4
623.8,392.6,802.6
811.9,280.1,795.0
964.2,177.0,842.4
1089.6,84.2,864.2
1208.1,-7.1,923.0
1319.9,-108.3,948.3
1391.9,-201.0,1025.9
1403.9,-266.4,1090.9
-,-,-
96.1,60.7,881.7
85.2,88.6,875.1
73.7,113.6,853.0
63.9,135.0,836.7
48.9,158.4,817.0
32.8,180.2,807.0
23.8,196.8,790.5
15.5,212.3,787.7
-3.0,230.0,784.5
-34.4,250.8,795.3
-71.4,273.8,799.1
-113.0,298.3,809.5
-154.9,324.8,808.5
-195.2,349.7,816.4
-231.1,374.6,823.1
-262.5,398.7,847.5
-284.8,422.6,870.6
-298.8,444.4,907.0
-305.9,463.5,940.1
-310.2,481.1,984.6
-320.4,498.0,1019.0
-335.1,514.6,1052.9
-354.1,535.3,1065.0
-385.4,559.8,1073.9
-426.7,588.2,1063.0
-469.0,617.7,1055.3
-516.9,651.0,1038.3
-573.8,688.8,1024.3
-637.3,726.6,982.4
-700.3,761.7,939.0
-759.9,796.0,892.1
-806.8,826.8,872.9
-832.5,851.5,863.4
-845.8,872.7,875.7
-849.1,890.9,877.3
-833.7,902.1,884.9
-791.9,905.4,886.0
-717.1,899.0,910.8
-618.1,880.3,930.0
-511.6,847.9,948.2
-407.6,806.5,939.8
-306.2,758.2,926.0
-198.7,690.7,876.8
-80.5,610.1,818.8
40.6,518.6,732.2
164.3,421.1,651.4
288.0,329.7,572.3
415.3,246.1,539.0
550.9,169.8,536.6
698.9,90.5,579.4
858.8,10.1,635.8
1017.6,-65.6,740.2
1162.0,-140.7,866.3
1284.6,-209.8,1034.5
1364.9,-267.2,1199.4
-,-,-
-212.3,272.4,737.7
-193.6,275.4,726.8
-187.6,286.0,726.7
-200.6,305.2,725.8
-219.2,327.6,727.3
-237.4,349.6,727.0
-257.4,371.1,733.1
-278.3,391.4,738.6
-299.1,408.7,753.1
-318.8,421.4,762.9
-332.9,426.3,772.9
-337.0,427.7,777.0
-341.8,431.2,787.7
-357.1,440.5,796.4
-381.1,453.8,808.1
-405.9,471.5,817.6
-427.9,489.2,832.0
-439.5,506.9,846.9
-440.7,526.9,872.4
-432.8,545.7,895.0
-433.0,573.0,932.1
-455.6,615.3,972.1
-494.9,665.7,1019.2
-548.4,718.8,1056.7
-602.5,768.1,1089.9
-649.0,811.5,1107.9
-692.6,850.6,1119.1
-737.9,884.6,1115.4
-779.6,909.8,1106.1
-794.1,916.2,1080.8
-785.8,909.1,1055.0
-764.7,898.0,1020.8
-741.4,891.2,988.6
-724.1,890.3,942.4
-700.4,892.6,897.1
-656.2,891.0,858.4
-592.8,881.6,849.3
-506.2,853.4,844.1
-388.3,806.9,840.7
-230.0,734.7,809.0
-36.3,639.5,769.4
189.3,523.3,729.9
416.8,403.0,723.9
624.7,293.6,740.8
872.9,165.3,760.3
1172.4, 9.2,745.4
1371.6,-135.0,825.2
-,-,-
-1.6,126.9,880.9
-17.2,152.6,887.2
-39.6,178.1,873.1
-64.4,199.7,886.5
-87.2,217.6,866.4
-108.1,232.2,867.0
-123.4,246.3,839.2
-124.2,256.4,841.9
-122.2,264.4,819.0
-131.9,271.1,823.2
-151.6,281.6,802.0
-172.6,299.6,816.2
-192.4,319.2,811.2
-206.2,339.6,840.6
-211.4,357.5,852.0
-213.5,372.3,894.4
-209.5,384.8,909.8
-203.7,402.3,952.0
-206.3,430.8,969.6
-228.7,474.0,1017.8
-275.9,528.1,1041.8
-341.4,590.8,1094.9
-415.3,657.3,1120.6
-502.2,727.8,1167.8
-603.2,799.4,1187.8
-705.2,866.7,1229.0
-788.8,924.9,1236.6
-844.1,969.2,1255.5
-875.8,998.4,1230.5
-883.2,1015.9,1219.2
-865.5,1021.4,1173.8
-826.7,1016.9,1144.1
-769.3,1003.7,1078.5
-695.4,981.4,1024.5
-597.2,953.6,939.9
-466.5,914.5,885.1
-291.4,854.5,812.1
-74.0,767.6,770.1
167.0,655.6,715.9
411.9,533.4,709.0
662.1,403.5,704.7
913.5,268.5,755.0
1148.8,134.8,803.9
1353.6,-4.7,889.2
1512.8,-138.5,950.5
1620.3,-253.5,1036.3
1663.1,-330.8,1092.9
1634.3,-371.7,1166.5
-,-,-
-113.9,181.4,824.7
-103.1,201.8,836.6
-111.2,227.0,826.3
-133.5,254.4,855.2
-161.2,281.8,857.4
-189.6,308.3,879.9
-216.7,333.8,865.7
-240.6,355.9,881.9
-257.6,370.1,867.9
-257.2,375.7,880.6
-251.3,385.2,863.1
-267.3,406.5,873.9
-299.0,433.8,861.7
-328.5,463.2,889.0
-351.1,489.1,895.1
-365.4,508.4,935.1
-369.4,523.7,947.0
-365.4,535.8,988.9
-359.3,543.1,1001.7
-353.5,546.7,1052.8
-369.3,558.6,1076.8
-412.8,585.8,1126.3
-471.9,620.4,1135.0
-523.0,654.1,1160.1
-557.0,683.8,1140.7
-572.9,707.3,1141.3
-582.0,724.1,1104.1
-581.2,730.2,1088.9
-551.9,723.7,1040.0
-502.2,710.3,1029.6
-458.5,698.7,999.4
-425.8,693.3,1007.4
-399.3,693.3,992.4
-374.3,694.8,1013.4
-347.9,691.3,995.7
-308.7,683.6,999.5
-249.3,666.5,952.8
-159.2,626.6,911.0
-24.7,562.4,818.7
146.9,480.7,760.6
338.8,390.0,689.9
532.9,302.4,679.4
728.9,211.5,674.7
925.3,119.0,742.8
1121.6,19.4,804.9
1319.8,-90.3,917.6
1474.1,-192.0,1020.3
1555.0,-268.7,1166.2
1565.6,-315.3,1253.6
1508.2,-341.5,1337.1
1391.2,-350.8,1338.0
-,-,-
-140.8,253.2,803.4
-155.6,279.0,850.6
-168.0,300.2,856.1
-174.9,316.8,903.3
-174.1,331.2,907.5
-173.3,344.9,954.0
-176.7,359.0,955.7
-188.7,377.6,997.1
-207.6,399.9,992.2
-234.2,424.4,1030.5
-262.6,449.6,1027.4
-292.7,476.4,1068.6
-325.5,502.6,1069.3
-358.4,529.7,1113.1
-395.7,558.7,1111.8
-428.7,583.9,1149.7
-458.5,606.0,1142.3
-489.2,627.3,1174.8
-519.9,647.6,1155.7
-548.1,667.9,1175.5
-576.1,686.4,1144.3
-598.2,698.9,1148.5
-604.7,704.0,1105.5
-596.6,703.7,1107.3
-579.0,697.6,1064.8
-554.6,687.9,1060.9
-530.7,676.6,1009.5
-507.0,662.1,991.9
-478.7,643.7,925.2
-442.3,625.3,905.7
-396.6,605.5,841.8
-328.3,580.9,821.0
-241.1,548.9,753.7
-134.4,505.8,727.6
-3.3,451.7,666.9
164.9,385.6,670.2
358.3,307.6,662.5
566.8,222.6,728.5
772.3,133.8,771.8
968.4,40.6,878.0
1137.5,-52.3,948.8
1268.4,-137.1,1071.1
1351.9,-208.0,1151.1
1373.1,-254.6,1271.2
-,-,-
-130.1,255.5,808.4
-118.0,270.7,797.9
-115.4,288.5,822.6
-135.0,310.9,814.9
-165.8,333.4,840.6
-191.8,352.5,836.5
-209.6,368.5,863.4
-221.8,380.2,858.8
-228.5,387.9,887.0
-230.2,391.4,886.7
-225.5,391.4,923.0
-204.6,384.0,927.5
-167.6,375.7,967.0
-126.5,371.7,977.1
-87.8,373.1,1021.3
-58.9,387.3,1036.1
-56.4,419.0,1082.5
-83.4,465.2,1093.6
-132.1,519.7,1133.5
-198.1,579.2,1134.8
-274.6,638.7,1160.7
-358.3,695.4,1140.8
-438.1,747.7,1142.6
-520.6,795.5,1108.1
-597.7,830.9,1102.4
-654.2,851.6,1055.7
-686.2,864.2,1040.8
-698.4,872.4,995.4
-694.3,879.0,993.2
-685.9,890.7,975.2
-677.6,905.4,1005.7
-664.1,917.8,1005.0
-622.6,924.0,1029.4
-559.4,919.6,1004.9
-489.1,903.3,994.9
-410.3,879.4,935.3
-323.0,852.3,901.5
-216.4,820.5,825.9
-67.7,774.7,779.2
125.9,710.2,709.8
351.1,625.3,698.3
588.2,519.0,684.7
836.3,397.3,749.2
1078.7,262.4,816.4
1300.0,123.8,945.9
1481.1,-14.3,1046.7
1609.6,-148.3,1182.4
1660.2,-260.3,1267.8
1626.1,-343.5,1359.5
1527.8,-402.0,1376.4
-,-,-
65.3,137.0,821.0
25.1,170.3,805.7
-5.5,203.2,811.6
-33.3,230.7,796.2
-56.8,258.6,808.0
-77.1,286.6,804.9
-98.3,315.4,829.7
-125.7,344.4,840.3
-158.5,371.9,874.2
-188.0,393.8,884.2
-215.9,409.0,907.5
-247.0,422.3,901.0
-279.9,438.9,914.4
-308.6,453.2,914.4
-333.4,469.7,947.8
-355.7,486.1,968.0
-369.0,500.3,1010.7
-371.3,510.5,1030.9
-367.9,517.7,1065.2
-354.6,522.5,1069.7
-345.5,531.8,1088.6
-365.0,552.6,1082.7
-408.8,580.7,1092.6
-451.6,610.0,1082.8
-481.2,634.4,1095.9
-505.6,654.1,1092.0
-527.4,669.5,1109.3
-542.2,681.0,1104.4
-547.2,686.2,1114.8
-536.3,686.7,1102.1
-526.4,690.0,1118.6
-527.4,695.4,1115.1
-547.9,700.4,1126.0
-567.2,706.3,1112.8
-563.0,711.8,1117.3
-537.1,711.5,1095.9
-501.7,704.8,1092.7
-461.6,687.8,1067.8
-394.3,648.3,1043.9
-286.6,587.6,977.8
-153.4,515.3,913.0
 0.9,440.0,823.6
148.5,365.2,760.6
289.0,296.7,707.3
436.2,230.4,707.4
609.8,153.1,730.8
804.0,60.7,812.5
1002.1,-47.8,899.7
1176.9,-155.2,1012.4
1309.0,-249.9,1105.5
1384.3,-322.8,1198.2
1406.3,-373.0,1253.1
1374.3,-402.5,1305.1
-,-,-
15.0,294.1,925.1
-47.6,331.2,901.8
-102.8,361.2,912.5
-149.5,385.9,888.8
-184.2,403.3,912.1
-207.2,413.5,906.1
-222.5,419.7,938.3
-234.2,429.0,940.2
-250.1,442.0,981.6
-272.4,461.4,984.5
-305.2,486.3,1020.3
-343.1,513.1,1023.5
-380.0,539.4,1067.2
-410.8,561.6,1078.3
-438.1,577.4,1124.3
-460.6,586.5,1130.5
-474.2,585.0,1163.4
-485.8,581.6,1154.3
-506.2,580.9,1178.0
-533.3,582.3,1161.4
-557.5,582.6,1174.3
-574.4,581.3,1146.4
-579.3,578.4,1149.2
-571.2,572.7,1114.0
-552.1,564.4,1113.0
-526.3,554.2,1071.9
-512.8,551.2,1068.7
-526.6,556.8,1038.9
-559.5,566.1,1046.7
-585.5,577.2,1021.3
-585.7,589.8,1030.2
-563.0,597.2,998.5
-530.7,597.6,995.1
-501.1,593.7,954.3
-460.1,580.5,941.6
-371.2,549.1,871.8
-230.9,501.9,810.1
-74.7,449.8,708.7
57.0,400.4,654.6
165.2,366.2,599.5
281.6,351.7,618.1
434.5,336.6,628.3
646.9,293.3,690.8
932.1,196.6,727.3
1240.1,30.4,778.1
1464.5,-85.5,863.9
1576.1,-167.1,1034.1
-,-,-
83.5,100.2,924.0
75.4,106.9,901.1
69.3,114.4,892.5
60.6,123.7,880.3
48.9,134.7,874.9
36.3,145.7,853.4
27.5,152.6,831.1
25.0,150.9,799.6
26.1,150.1,779.9
21.6,155.1,766.4
 8.3,165.2,766.7
-11.3,183.4,767.9
-38.3,208.7,786.6
-75.4,242.2,811.3
-120.8,281.1,854.9
-168.9,323.7,894.1
-215.3,366.3,934.4
-255.1,404.4,959.3
-288.8,438.6,985.4
-308.9,464.1,999.0
-308.2,479.5,1018.8
-287.0,485.3,1028.3
-258.1,489.9,1044.2
-251.1,509.6,1060.9
-276.4,539.1,1090.1
-317.5,572.9,1118.5
-363.3,605.7,1156.4
-402.0,636.9,1178.0
-436.1,666.4,1201.6
-470.9,698.2,1211.0
-520.6,734.3,1230.1
-586.1,767.6,1240.3
-642.9,791.7,1249.1
-694.8,818.1,1236.8
-745.2,854.0,1220.5
-758.3,894.1,1181.5
-712.5,935.0,1172.2
-636.3,963.0,1179.4
-542.9,964.6,1210.3
-414.7,938.5,1224.7
-233.2,875.1,1210.5
-9.8,778.0,1143.9
256.6,643.5,1051.0
521.4,487.0,950.5
728.0,336.1,872.7
883.1,192.9,795.5
1025.1,62.2,748.0
1173.8,-72.3,723.7
1317.1,-206.5,745.3
1443.5,-335.9,790.4
1537.0,-440.0,870.7
1584.8,-509.9,948.7
1571.0,-549.3,1035.0
1486.7,-557.5,1092.5
1332.7,-534.8,1130.8
1128.0,-484.6,1120.6
896.0,-412.7,1086.3
669.4,-329.9,1038.3
463.5,-248.2,1021.4
280.6,-173.7,1017.2
143.7,-123.1,1036.4
62.8,-100.1,1042.6
27.4,-101.6,1052.4
26.2,-116.2,1044.1
29.1,-122.6,1049.3
15.4,-113.9,1044.0
-15.9,-95.7,1046.4
-52.5,-77.1,1032.6
-,-,-
-169.9,235.4,847.4
-218.6,270.8,862.7
-266.1,303.9,844.2
-301.4,328.0,854.9
-323.1,345.1,830.6
-337.5,359.3,848.7
-339.7,367.3,838.1
-322.4,366.5,869.2
-293.3,370.4,869.6
-287.0,389.0,915.1
-320.1,415.6,927.2
-370.5,444.4,972.4
-415.1,474.3,981.1
-445.5,499.6,1018.3
-463.1,519.1,1015.8
-470.5,534.3,1048.4
-462.3,539.6,1048.3
-432.5,536.2,1083.0
-406.0,531.0,1083.8
-395.1,541.8,1117.9
-403.5,561.2,1109.9
-422.3,585.1,1127.3
-443.1,609.7,1104.9
-463.5,634.7,1115.3
-481.4,658.2,1092.7
-490.9,671.9,1102.3
-464.1,664.7,1062.3
-399.2,638.4,1046.6
-338.5,609.3,1006.1
-319.7,594.2,1020.8
-336.5,595.7,1008.9
-342.8,606.3,1025.3
-316.9,616.9,989.7
-253.6,623.8,967.7
-147.8,619.4,902.4
 1.2,596.9,871.4
188.9,549.1,810.0
408.1,476.8,784.4
637.6,389.9,740.3
841.0,305.8,759.6
999.8,229.5,777.4
-,-,-
403.8,-83.9,879.6
435.4,-79.5,920.5
440.6,-64.2,910.3
432.7,-43.4,922.9
417.9,-21.3,883.6
397.7, 4.7,882.1
358.8,41.9,852.4
297.9,91.9,874.2
230.8,145.7,864.8
172.8,195.1,897.9
109.7,246.6,890.1
34.8,303.3,916.2
-57.5,362.1,897.2
-160.3,418.8,910.5
-275.8,484.9,883.8
-399.4,554.2,897.2
-520.6,621.8,877.1
-630.9,685.2,904.4
-727.1,740.1,899.3
-799.9,783.0,940.8
-838.8,809.4,947.0
-848.7,823.2,992.4
-830.3,820.7,994.1
-788.5,804.7,1024.1
-756.2,790.0,1012.1
-751.3,784.7,1031.4
-776.4,783.0,1001.0
-806.7,782.4,998.4
-817.5,781.2,955.7
-809.1,779.1,960.8
-790.0,774.5,937.3
-771.8,762.3,957.6
-729.3,729.7,927.6
-647.1,681.1,917.9
-541.9,623.6,861.5
-435.6,577.2,851.9
-354.9,541.4,818.3
-292.5,516.2,827.9
-222.9,495.8,800.1
-128.0,471.9,814.6
 1.2,431.7,795.5
158.3,369.0,825.4
336.7,285.8,829.6
526.1,193.4,876.4
722.4,91.5,880.9
905.0,-6.6,916.3
1047.6,-97.4,908.1
1142.4,-171.9,941.8
1194.5,-225.6,946.9
-,-,-
308.4,83.2,914.9
279.2,115.9,928.4
236.0,145.7,901.4
173.3,176.3,901.2
98.3,212.5,867.3
 7.9,258.2,871.5
-90.8,306.4,845.5
-180.2,347.9,856.9
-255.8,381.4,834.7
-315.3,407.2,851.2
-366.3,427.5,840.2
-404.7,440.9,868.3
-432.3,453.7,867.4
-454.9,464.8,904.8
-474.7,476.8,911.7
-493.6,491.8,954.2
-511.9,510.2,962.8
-530.6,532.7,1011.1
-556.0,560.0,1029.3
-586.7,586.8,1087.4
-623.4,610.7,1106.4
-665.6,633.0,1149.4
-716.8,656.2,1144.3
-774.9,681.3,1162.3
-832.3,704.1,1139.1
-881.6,720.8,1146.8
-914.6,728.0,1114.6
-927.1,727.3,1108.3
-932.0,719.6,1056.3
-946.8,709.9,1029.6
-961.3,703.9,974.9
-958.2,699.8,961.1
-929.1,691.2,913.0
-876.9,674.5,889.4
-798.0,646.5,821.3
-694.2,612.9,781.4
-558.5,566.9,704.1
-369.5,508.1,665.9
-128.1,430.7,601.9
133.9,335.1,584.1
397.1,230.9,557.8
644.9,130.8,599.6
875.8,41.3,651.9
1079.6,-43.1,767.9
1258.4,-130.1,867.0
1399.7,-214.5,999.3
1484.4,-287.5,1090.6
1502.8,-337.8,1194.2
1465.5,-371.1,1240.9
-,-,-
-30.5,142.6,830.0
-35.4,160.9,849.6
-42.6,178.6,871.3
-56.5,197.5,899.7
-71.6,214.6,918.6
-88.2,228.9,930.5
-105.6,242.6,934.0
-122.1,253.2,943.6
-133.7,261.8,950.3
-140.3,268.0,960.4
-141.4,270.2,969.3
-139.2,274.7,991.2
-139.4,284.7,1015.8
-148.6,301.7,1044.7
-164.7,321.6,1066.0
-182.4,346.1,1089.7
-206.0,371.3,1111.5
-230.4,396.0,1144.9
-249.0,420.6,1181.8
-275.2,445.4,1222.3
-320.8,474.6,1248.8
-384.3,506.9,1266.8
-447.2,540.3,1274.6
-493.1,566.5,1282.4
-517.0,583.6,1283.6
-527.4,595.0,1283.5
-540.7,604.1,1271.5
-553.2,607.4,1253.9
-548.3,602.7,1227.0
-525.0,591.6,1205.8
-486.7,579.8,1191.1
-449.5,569.2,1179.5
-412.7,559.7,1155.3
-365.5,547.0,1120.4
-301.6,526.6,1071.7
-213.4,495.1,1014.9
-99.1,451.1,947.5
42.7,390.2,873.3
203.5,312.9,790.0
372.0,228.7,719.0
519.5,154.1,678.1
632.7,97.3,672.4
728.6,50.6,684.9
826.1, 4.8,712.9
926.9,-46.2,749.9
-,-,-
51.3,196.3,869.6
28.6,218.0,877.5
-4.1,241.9,870.5
-44.0,265.3,876.0
-76.1,281.4,868.9
-97.5,295.3,885.0
-119.9,309.4,894.9
-142.0,325.3,924.9
-161.1,340.6,940.0
-181.2,356.6,968.2
-203.5,369.1,978.0
-223.8,380.8,1003.2
-248.6,397.7,1024.0
-283.1,418.3,1063.5
-319.2,440.7,1087.3
-354.0,459.3,1121.1
-384.3,477.2,1134.3
-413.2,495.5,1158.5
-445.7,517.0,1164.4
-481.6,539.5,1186.9
-518.9,557.4,1190.1
-541.7,567.5,1199.4
-547.4,571.9,1185.9
-541.8,572.1,1189.8
-529.9,569.3,1177.2
-512.8,559.2,1178.9
-481.6,539.5,1159.0
-438.1,511.3,1145.7
-398.9,485.7,1110.2
-371.4,470.1,1095.2
-354.3,461.0,1067.2
-338.9,451.4,1051.2
-320.2,435.8,1011.2
-293.6,414.4,985.1
-260.7,386.9,939.6
-227.1,353.9,908.4
-173.6,312.9,857.6
-86.4,261.1,819.2
15.3,204.7,765.3
117.4,147.2,731.8
222.2,96.8,696.6
341.2,53.0,699.7
474.4, 7.6,716.9
621.4,-47.6,785.5
771.1,-113.3,860.5
912.8,-189.4,961.5
1028.1,-266.1,1033.7
-,-,-
-62.2,152.9,864.3
-88.7,187.1,840.1
-117.1,215.6,858.7
-141.1,235.0,833.8
-150.7,246.8,853.6
-153.9,253.2,827.9
-152.9,259.5,843.7
-150.7,268.4,818.2
-151.3,282.2,849.2
-162.5,304.3,851.0
-184.0,336.4,909.4
-222.6,381.3,926.8
-279.8,431.5,979.5
-344.3,480.0,981.4
-401.6,523.2,1024.7
-449.3,558.7,1022.7
-487.4,587.6,1067.1
-513.4,608.5,1070.3
-528.5,621.4,1116.7
-534.2,628.1,1114.4
-538.2,634.0,1152.5
-539.1,640.6,1142.8
-537.4,646.4,1171.7
-539.7,649.9,1149.4
-546.6,650.1,1165.5
-547.2,640.0,1123.9
-542.9,624.5,1120.7
-543.8,611.4,1075.2
-547.8,598.9,1075.0
-540.1,586.0,1027.5
-517.3,575.2,1022.7
-479.8,560.6,968.7
-415.2,535.9,953.0
-316.1,498.5,887.6
-193.0,442.2,860.5
-42.8,368.6,779.3
123.9,287.2,740.1
284.7,210.0,666.2
414.0,147.2,670.4
513.5,100.2,672.9
605.5,66.2,757.6
700.7,37.8,820.8
792.4,12.5,935.7
881.9,-10.3,1008.3
962.2,-34.3,1128.8
1027.6,-66.6,1200.9
-,-,-
 0.0,144.3,955.8
-13.1,160.5,988.1
-29.5,175.8,974.6
-46.4,190.7,986.6
-64.9,200.9,962.2
-76.6,209.6,978.0
-85.6,215.2,958.7
-93.3,219.8,973.2
-107.3,225.9,952.5
-129.0,236.8,967.5
-159.3,252.8,949.7
-197.1,272.0,968.8
-238.3,297.0,954.9
-282.0,329.2,969.5
-324.5,361.0,946.0
-359.8,392.0,962.9
-389.5,423.8,951.0
-411.7,457.1,980.8
-429.1,491.3,985.2
-443.7,525.1,1031.3
-459.3,557.0,1039.6
-478.7,589.7,1071.9
-504.1,623.1,1058.5
-541.1,656.9,1068.9
-588.9,686.7,1035.5
-624.3,714.9,1037.6
-652.1,744.2,1011.1
-693.9,782.3,1019.8
-767.2,832.7,986.5
-856.6,891.8,987.7
-920.2,949.9,967.4
-941.0,999.4,985.2
-919.6,1037.3,958.4
-863.7,1057.3,949.5
-774.2,1049.9,887.3
-629.3,1006.7,841.0
-413.9,920.0,744.9
-119.5,793.3,677.4
208.0,629.9,582.9
510.7,457.0,550.3
757.3,305.7,540.4
945.7,180.9,620.0
1092.9,79.7,699.0
1218.7,-14.2,819.5
1338.7,-104.8,898.8
1445.6,-209.2,1001.8
1505.1,-296.8,1072.8
1475.1,-343.1,1186.3
1392.0,-346.7,1254.6
-,-,-
-109.7,247.0,874.2
-140.2,278.5,873.8
-165.9,299.8,901.2
-186.8,313.7,893.6
-209.7,324.6,912.3
-242.3,339.6,905.4
-280.4,353.4,933.8
-306.3,363.8,939.2
-322.3,371.0,975.9
-335.3,375.2,983.6
-341.1,377.1,1020.2
-340.7,375.3,1029.8
-328.2,369.0,1065.0
-308.6,358.5,1065.4
-289.5,349.9,1088.3
-289.2,350.0,1073.4
-312.7,362.7,1077.8
-348.1,382.4,1051.1
-384.3,403.7,1055.7
-415.3,423.3,1036.0
-436.5,438.6,1048.1
-443.0,444.1,1030.4
-431.7,437.1,1035.1
-402.3,422.1,1008.9
-387.3,414.7,1023.7
-413.0,420.9,1016.2
-468.4,444.0,1042.5
-523.4,471.7,1037.8
-565.0,499.9,1051.4
-596.2,524.0,1024.6
-619.3,546.6,1021.9
-638.3,568.0,986.3
-643.0,577.4,959.8
-596.5,570.2,880.2
-504.8,545.5,821.3
-395.0,510.9,736.1
-282.9,482.2,704.4
-163.1,464.5,678.6
-25.9,451.6,712.9
144.8,431.7,737.6
372.7,379.5,801.6
655.9,280.5,855.6
973.3,153.8,978.0
1262.6,26.1,1091.6
-,-,-
-170.8,204.1,911.0
-164.9,202.1,901.5
-167.9,203.6,931.5
-184.1,207.9,931.2
-204.0,210.2,964.9
-216.4,211.7,959.2
-222.9,212.6,988.5
-219.4,207.6,980.4
-206.7,198.4,1002.7
-189.7,189.4,983.5
-171.7,181.7,999.1
-154.4,176.2,978.9
-136.7,175.6,994.4
-129.8,183.2,978.5
-137.5,195.6,998.9
-150.4,211.3,980.0
-163.2,227.3,995.0
-187.5,243.0,974.3
-227.1,265.3,987.4
-273.3,293.2,968.2
-323.9,327.8,990.0
-383.9,369.6,982.0
-451.0,414.1,1011.4
-520.8,460.2,1006.2
-590.1,509.9,1036.3
-655.9,562.5,1027.1
-707.8,612.7,1047.7
-747.6,654.2,1028.2
-785.3,688.8,1035.3
-825.0,712.8,996.9
-868.3,725.6,987.7
-892.9,735.4,949.9
-880.4,743.8,955.2
-840.0,739.2,923.7
-780.0,719.6,920.3
-690.0,687.6,874.2
-564.3,637.8,850.5
-401.7,567.5,779.0
-198.6,484.6,734.7
36.3,393.1,660.4
257.0,300.0,638.5
453.6,209.4,616.0
635.2,131.0,677.6
810.7,54.0,739.9
968.3,-28.7,850.7
1099.3,-110.6,929.6
1192.3,-183.1,1035.2
1235.5,-233.2,1105.5
1234.7,-260.7,1196.0
1199.5,-272.7,1228.4
-,-,-
-82.3,161.4,840.0
-121.7,180.6,876.2
-166.6,200.3,866.9
-200.4,217.0,897.9
-216.6,230.8,897.0
-220.1,237.7,939.7
-216.7,238.5,940.3
-206.6,234.4,975.4
-201.6,233.1,964.6
-207.3,234.6,985.3
-215.3,240.4,968.4
-232.4,252.9,999.7
-265.6,272.5,993.5
-308.4,300.4,1030.9
-353.8,332.9,1032.0
-397.9,369.4,1075.5
-439.1,401.4,1072.9
-470.9,427.0,1102.2
-499.8,449.8,1085.8
-534.9,472.4,1104.2
-570.4,494.9,1079.5
-598.3,516.0,1093.0
-624.7,536.7,1060.4
-654.3,551.6,1065.0
-684.7,561.7,1030.2
-715.8,568.9,1040.8
-738.2,574.4,1013.6
-744.6,579.0,1023.2
-747.1,579.4,989.1
-745.2,576.1,990.4
-732.9,572.0,958.9
-710.4,564.2,966.9
-671.4,551.2,928.8
-611.9,531.1,921.6
-531.6,500.5,863.8
-443.3,459.8,838.9
-339.6,414.6,773.7
-210.9,368.2,748.2
-71.8,310.0,680.3
82.2,238.6,653.9
240.6,168.0,604.6
387.5,116.6,623.1
525.1,87.2,638.4
668.0,63.8,741.7
822.3,27.3,843.8
981.8,-29.4,997.4
1126.0,-95.9,1106.1
1229.4,-152.7,1234.7
1281.8,-192.3,1307.1
1286.2,-217.7,1392.0
-,-,-
-140.0,221.4,806.7
-165.6,245.7,795.0
-188.3,260.1,830.7
-207.9,265.6,825.1
-219.8,260.9,858.6
-231.8,256.0,838.7
-248.9,255.2,856.6
-263.7,257.6,837.4
-277.0,260.8,869.6
-287.1,267.3,863.3
-293.2,275.5,904.3
-290.9,282.8,904.2
-282.5,288.5,945.4
-276.7,296.5,940.1
-277.9,309.2,975.7
-292.2,327.2,968.1
-318.8,353.3,1003.2
-358.3,387.0,997.0
-410.0,423.6,1034.6
-469.9,458.1,1022.5
-529.9,489.5,1044.6
-587.2,518.2,1021.6
-637.1,543.9,1044.2
-681.2,565.7,1022.9
-715.5,583.4,1041.3
-738.9,595.2,1010.0
-744.7,599.8,1013.6
-734.1,597.2,970.1
-722.6,589.1,969.7
-703.2,579.6,932.4
-670.9,573.0,946.9
-642.3,568.6,928.4
-616.2,559.9,953.2
-581.2,546.1,931.3
-539.8,527.4,944.6
-493.6,509.0,911.6
-431.3,482.6,913.5
-343.4,444.3,859.8
-247.8,394.9,835.2
-141.9,337.7,764.3
-10.1,279.2,746.1
136.4,224.2,708.5
288.9,171.2,734.5
455.8,108.5,735.9
641.6,39.7,807.1
834.1,-22.9,873.7
-,-,-
-147.9,227.5,827.1
-161.0,243.3,833.3
-182.4,262.3,801.0
-212.2,283.5,804.7
-247.5,304.5,783.0
-288.2,329.0,804.8
-337.0,354.7,790.5
-386.3,378.3,811.4
-428.9,397.2,800.8
-454.6,403.1,825.5
-452.0,389.0,817.9
-425.8,362.7,847.7
-397.2,340.0,840.8
-378.3,325.3,866.8
-363.2,316.5,860.5
-345.3,311.2,894.5
-338.0,311.6,897.2
-345.4,321.2,934.2
-360.9,339.0,933.2
-386.2,361.3,959.5
-416.3,382.2,947.6
-438.4,393.8,968.9
-446.5,399.5,960.9
-453.7,406.6,992.9
-463.9,414.3,993.5
-472.2,422.3,1027.5
-481.3,430.5,1027.2
-487.2,438.3,1053.0
-492.1,450.1,1036.2
-502.1,466.9,1044.7
-524.9,485.8,1013.2
-554.2,505.5,1009.4
-577.8,521.2,967.7
-591.6,531.1,958.8
-600.7,538.1,917.9
-613.1,543.7,910.2
-625.6,545.5,867.2
-627.1,540.2,851.0
-616.0,531.2,795.8
-598.3,523.6,768.8
-576.2,517.9,714.9
-542.5,513.2,703.8
-486.0,506.1,674.1
-404.3,490.4,689.3
-301.0,465.2,675.2
-177.4,438.9,698.0
-18.0,411.8,697.7
187.8,370.8,753.3
440.8,305.1,807.2
724.5,218.3,917.7
1034.6,102.5,1002.1
1344.6,-40.8,1105.9
-,-,-
-177.7,328.9,759.3
-225.2,360.8,786.5
-274.5,391.6,773.6
-322.0,417.8,811.1
-365.6,433.8,805.8
-395.0,439.1,840.0
-416.3,439.2,825.8
-436.1,439.1,852.2
-459.0,441.5,833.9
-477.3,447.6,862.6
-496.4,455.2,849.8
-513.8,464.5,886.3
-528.5,477.3,880.3
-545.2,494.4,919.3
-566.1,514.2,914.8
-590.6,532.4,953.4
-610.2,547.1,944.6
-625.7,557.6,974.1
-644.1,564.4,954.5
-661.7,569.4,976.9
-672.5,567.9,950.6
-669.4,558.7,963.5
-650.5,542.9,930.0
-620.4,525.3,945.7
-588.1,508.3,920.8
-569.2,497.1,948.1
-557.5,486.7,933.2
-540.4,477.5,959.5
-516.9,467.9,929.2
-487.9,459.1,937.5
-454.0,445.6,897.8
-412.3,430.4,896.7
-356.3,410.4,845.7
-279.5,385.0,841.9
-174.3,347.9,792.3
-46.9,304.7,796.2
90.8,259.3,767.1
247.6,205.8,801.0
415.3,151.2,815.7
590.7,89.5,891.9
762.0,24.9,941.6
921.1,-37.5,1051.9
-,-,-
-297.2,282.8,817.2
-309.8,287.2,834.7
-321.7,290.2,812.2
-345.0,293.6,826.2
-373.0,299.7,806.5
-404.4,309.1,831.0
-440.5,324.4,825.9
-472.5,341.2,863.6
-488.3,353.9,867.9
-492.9,365.0,910.3
-494.8,376.6,916.4
-491.3,386.9,958.5
-484.3,398.9,964.4
-481.2,411.7,1004.6
-483.9,427.7,1004.7
-494.6,444.3,1035.8
-510.9,462.9,1027.2
-534.3,483.0,1051.0
-561.5,501.0,1032.8
-588.9,515.3,1049.1
-609.2,523.4,1025.4
-617.4,521.4,1031.2
-605.2,508.7,990.6
-584.6,496.3,983.8
-579.1,493.1,946.9
-587.7,496.4,954.9
-595.7,501.4,934.0
-586.2,503.7,947.6
-562.8,498.5,921.2
-531.0,483.2,929.4
-496.4,466.2,908.7
-468.0,446.2,929.1
-454.8,433.0,907.5
-475.3,431.5,909.8
-517.7,444.4,858.7
-568.0,466.6,827.4
-612.8,498.4,757.6
-616.5,537.9,728.7
-564.9,569.4,677.9
-444.9,581.4,686.2
-241.1,550.3,686.1
80.9,450.7,750.4
494.5,301.7,803.7
925.3,127.6,917.0
-,-,-
-59.2,180.4,768.7
-73.8,198.8,807.7
-96.5,220.0,820.1
-122.6,237.3,836.5
-144.2,251.8,831.9
-157.4,261.8,844.6
-156.7,260.5,837.0
-146.1,257.0,846.1
-139.2,260.5,844.7
-150.6,273.6,872.3
-180.8,289.5,887.1
-217.6,309.0,916.1
-263.0,332.8,920.0
-311.9,357.6,936.6
-359.4,385.7,936.2
-408.5,417.1,955.5
-460.4,449.8,959.7
-504.6,478.9,984.3
-538.3,506.6,996.3
-564.4,534.3,1030.7
-589.9,564.7,1052.6
-614.7,593.9,1094.9
-636.1,617.1,1110.9
-649.7,632.9,1131.0
-648.4,635.9,1119.8
-634.4,629.5,1119.4
-617.2,620.4,1098.3
-599.7,613.8,1096.1
-596.9,614.1,1080.1
-622.1,625.2,1078.8
-663.9,642.9,1051.7
-700.8,661.5,1039.7
-726.1,678.0,1008.0
-740.2,694.8,993.1
-741.8,708.2,956.4
-732.3,715.9,932.0
-709.6,713.8,878.7
-656.6,697.7,833.8
-558.7,666.3,768.5
-435.6,630.5,724.1
-300.0,599.1,669.9
-140.9,565.9,643.2
42.9,521.4,615.9
251.3,464.4,623.7
484.9,388.9,631.7
731.3,298.8,674.4
-,-,-
-265.5,321.5,885.2
-269.5,323.2,901.3
-275.1,325.8,895.1
-278.4,323.4,918.1
-277.9,323.8,911.8
-275.0,326.6,931.7
-261.1,329.8,924.7
-229.5,327.6,955.4
-174.5,316.4,957.8
-105.7,308.9,989.2
-67.3,318.8,987.2
-81.2,348.3,1009.0
-122.6,388.9,997.2
-173.1,426.1,1011.8
-226.0,457.1,994.4
-272.3,484.5,1001.6
-306.5,508.7,978.1
-329.6,523.5,989.9
-326.9,519.3,971.9
-285.6,503.9,986.4
-248.4,490.2,982.5
-249.2,495.4,1022.3
-286.0,522.6,1032.5
-352.6,564.0,1064.0
-435.8,609.8,1049.9
-506.4,653.7,1053.7
-547.4,690.3,1020.6
-556.6,712.1,1014.8
-531.7,714.6,971.9
-476.0,699.7,942.1
-408.8,677.0,873.2
-350.8,656.0,838.7
-310.3,645.9,792.5
-289.3,655.3,805.2
-270.3,680.7,796.0
-218.6,705.9,816.1
-120.7,713.3,803.0
11.0,693.6,818.3
154.9,650.3,791.5
309.5,594.6,790.4
476.1,535.5,771.2
659.0,463.5,787.8
826.1,377.7,792.4
952.9,285.3,855.8
1043.2,189.4,907.6
-,-,-
-315.8,330.8,864.8
-296.4,321.5,846.7
-240.0,300.0,880.6
-170.7,286.7,885.0
-132.0,286.2,936.8
-138.3,301.8,942.6
-177.9,333.2,983.3
-230.7,370.2,975.3
-281.7,404.3,999.5
-323.5,434.6,973.5
-348.8,460.7,990.1
-356.6,476.7,959.9
-341.5,479.3,971.5
-303.9,471.2,938.1
-252.1,458.1,955.7
-221.8,450.2,939.2
-224.4,457.8,976.4
-249.7,486.1,975.6
-283.7,522.0,1013.0
-322.0,557.2,995.9
-363.0,593.8,1016.5
-400.6,631.7,995.5
-429.1,665.3,1020.4
-437.9,687.8,996.6
-411.5,697.8,1005.1
-369.5,692.3,962.1
-333.2,680.4,961.3
-311.4,670.9,921.0
-305.5,668.8,927.9
-304.5,672.9,887.0
-282.7,677.7,876.8
-219.7,665.8,817.2
-124.6,636.6,808.0
-36.9,596.7,764.5
26.6,557.0,764.0
71.9,531.1,727.5
123.6,510.7,746.5
203.6,484.8,734.0
306.4,444.5,781.9
403.6,395.5,801.6
480.6,346.1,861.6
566.2,293.8,865.7
692.8,229.8,904.9
-,-,-
-345.2,454.6,866.8
-349.1,473.4,880.5
-368.7,500.5,918.1
-401.7,533.2,924.8
-440.0,565.6,949.4
-475.3,595.3,944.1
-500.1,622.8,962.8
-515.9,644.9,958.1
-518.0,654.6,975.1
-490.3,645.8,963.4
-436.4,624.3,975.1
-392.6,602.9,964.7
-382.1,590.5,980.7
-393.2,589.5,972.8
-411.5,595.0,984.2
-425.3,599.3,968.4
-424.9,602.6,978.1
-411.6,601.1,962.3
-386.7,591.0,972.8
-344.2,569.4,954.9
-277.2,537.3,955.5
-209.4,504.3,927.9
-165.3,476.6,923.6
-150.9,456.4,892.5
-153.9,445.4,889.6
-161.5,443.2,877.8
-167.5,444.9,905.5
-155.3,436.5,912.2
-116.2,416.6,941.8
-61.4,384.1,930.4
-3.6,346.8,925.9
56.4,312.0,888.0
110.7,280.2,873.7
158.4,250.7,828.8
215.5,225.3,814.6
279.1,211.5,794.4
339.7,204.9,821.2
415.8,198.5,846.3
532.8,178.2,917.1
696.4,125.8,971.1
-,-,-
-183.2,133.4,930.9
-177.9,135.0,953.3
-176.0,138.2,956.5
-175.2,143.7,974.1
-167.0,147.3,969.7
-145.3,148.1,976.3
-113.2,145.3,965.7
-80.4,146.1,976.1
-55.1,156.7,972.4
-47.4,179.4,991.6
-58.9,210.4,994.7
-78.6,245.6,1010.7
-104.5,286.4,1008.4
-137.7,331.7,1021.3
-177.9,377.9,1015.5
-226.7,427.0,1025.7
-280.6,474.3,1016.0
-331.4,514.8,1018.1
-377.6,550.8,1000.0
-428.0,584.6,1002.6
-484.3,619.4,992.7
-534.4,649.6,1003.6
-578.3,680.1,1000.1
-612.6,712.9,1017.2
-630.4,746.4,1011.4
-630.2,775.3,1016.1
-610.3,796.5,994.7
-576.8,808.0,982.7
-535.7,813.2,939.6
-502.8,817.6,904.7
-490.6,829.1,846.1
-489.1,849.6,800.3
-477.2,876.4,745.6
-436.8,910.0,748.5
-366.0,938.4,776.5
-260.0,951.8,839.4
-114.9,948.0,869.4
66.4,916.0,878.8
286.0,859.9,852.3
524.3,777.9,869.1
756.9,672.3,914.3
-,-,-
-107.9,216.9,895.5
-111.6,225.4,869.5
-121.9,234.0,862.2
-134.5,241.6,840.9
-149.0,254.3,844.9
-167.6,270.6,834.9
-184.1,287.0,846.9
-207.9,311.3,848.3
-252.3,341.9,870.0
-300.4,368.3,873.9
-334.7,386.0,895.6
-358.8,396.3,899.5
-368.2,399.6,919.6
-365.9,395.4,921.4
-349.7,387.1,940.6
-317.4,371.8,942.5
-283.3,362.9,960.5
-283.7,377.0,962.0
-327.1,411.0,979.4
-394.0,455.5,974.7
-455.7,496.4,978.8
-499.3,526.7,954.4
-524.0,548.7,943.5
-536.6,564.9,922.0
-531.2,567.4,929.7
-486.3,544.2,929.3
-389.6,496.5,947.4
-273.9,444.6,949.4
-200.3,412.1,976.3
-191.7,408.6,990.2
-223.4,423.8,1019.3
-275.2,442.9,1019.7
-327.1,464.0,1025.8
-365.4,484.9,1010.8
-386.9,502.2,1007.6
-396.6,512.6,982.4
-380.4,509.2,960.2
-331.5,488.1,905.7
-286.5,471.5,857.1
-263.3,471.5,782.6
-249.5,504.6,733.4
-225.8,565.0,696.6
-159.7,640.2,712.3
-40.2,708.5,760.3
121.2,759.7,881.6
312.9,778.0,1019.0
559.4,741.7,1169.8
855.0,649.3,1286.1
1175.0,503.7,1407.8
-,-,-
 3.2,132.1,938.9
-23.5,167.4,945.5
-54.2,198.2,907.8
-88.0,226.4,910.9
-118.4,250.6,875.6
-139.9,272.3,887.9
-146.9,285.1,861.5
-149.0,298.0,877.6
-166.4,325.5,855.1
-211.3,369.1,875.0
-274.3,412.0,853.9
-331.2,449.4,876.1
-374.0,484.2,859.6
-405.9,512.6,885.0
-428.3,534.0,868.4
-429.7,545.8,895.7
-399.5,541.4,886.4
-353.6,528.9,926.1
-337.2,532.2,931.2
-366.1,558.5,979.1
-432.4,600.0,978.9
-515.5,645.5,1006.6
-599.1,689.6,974.8
-669.0,729.7,976.8
-722.9,763.4,934.3
-753.5,783.0,928.8
-742.6,781.0,875.5
-692.9,768.8,858.2
-644.0,755.0,794.1
-606.6,752.7,778.3
-577.8,764.9,734.5
-556.2,791.9,750.2
-529.5,824.6,736.7
-486.5,851.4,785.4
-436.8,872.1,806.7
-377.8,881.5,867.8
-290.7,877.9,874.2
-161.9,864.3,910.1
-10.0,838.3,904.3
159.7,803.2,956.7
322.7,764.9,1008.1
451.3,726.1,1144.5
-,-,-
-92.5,108.4,909.8
-108.5,125.7,953.9
-129.0,143.3,955.7
-144.6,156.5,998.5
-146.2,160.1,1004.4
-135.6,157.2,1043.3
-118.7,148.3,1026.5
-95.4,142.7,1038.9
-94.2,154.3,1015.4
-116.8,176.9,1040.0
-148.2,203.3,1029.3
-172.5,229.1,1063.0
-187.0,250.4,1055.1
-203.2,270.0,1088.3
-227.7,293.9,1081.3
-260.5,320.2,1110.6
-287.9,338.2,1084.5
-306.4,354.0,1084.2
-335.7,380.6,1043.7
-374.1,417.6,1054.8
-421.4,461.4,1036.9
-463.1,507.3,1064.6
-481.6,545.1,1051.8
-475.0,569.9,1076.0
-459.5,587.3,1056.0
-442.8,599.2,1064.0
-418.5,603.0,1012.4
-391.8,606.2,977.8
-371.3,616.9,892.9
-354.5,637.9,862.7
-324.3,669.4,822.9
-260.7,692.0,854.0
-158.4,692.4,867.4
-25.0,662.3,920.1
134.3,608.7,915.3
310.8,542.0,939.5
504.0,459.6,936.2
714.0,363.1,995.8
936.1,237.9,1024.6
1131.8,95.9,1092.9
-,-,-
-79.0,198.3,888.0
-74.8,208.1,912.1
-65.7,218.1,917.9
-64.2,228.4,958.4
-71.7,237.8,974.5
-79.4,246.9,1013.2
-87.4,255.1,1020.1
-94.9,261.7,1045.0
-100.0,268.4,1036.4
-100.1,273.1,1047.2
-100.6,278.3,1024.4
-105.2,292.5,1031.9
-122.2,318.6,1017.4
-154.5,359.3,1043.6
-198.1,410.2,1054.5
-249.5,464.1,1098.3
-298.5,516.5,1113.2
-338.3,566.1,1148.8
-366.5,615.8,1154.5
-382.4,660.0,1182.1
-391.9,695.1,1174.4
-397.2,724.6,1182.2
-399.3,748.7,1144.6
-398.2,773.5,1117.0
-399.1,802.0,1053.3
-392.8,828.9,1016.3
-378.1,854.9,957.5
-353.7,876.1,922.9
-308.4,890.8,855.6
-235.4,895.1,816.3
-131.5,889.7,764.8
-4.3,870.9,754.8
152.9,835.9,738.6
337.2,782.1,761.7
540.2,700.6,759.1
753.2,596.6,791.2
979.2,470.1,819.9
1211.0,322.4,890.0
-,-,-
-59.1,105.6,814.2
-60.5,124.8,829.0
-59.9,140.8,813.5
-58.3,151.2,836.1
-43.7,155.7,830.0
-21.1,161.0,861.7
-7.6,171.7,854.4
-12.7,192.3,875.1
-39.3,223.3,860.2
-78.7,257.1,877.2
-119.8,290.0,860.8
-150.5,319.9,886.0
-172.2,348.1,884.7
-187.7,369.9,923.3
-179.0,382.7,937.6
-142.6,387.6,995.7
-95.0,390.5,1020.8
-68.3,405.1,1077.5
-85.0,436.6,1095.1
-134.9,475.5,1134.3
-202.8,512.9,1123.2
-273.3,546.6,1135.0
-337.7,574.5,1101.8
-393.3,595.8,1102.5
-433.6,607.4,1073.4
-444.6,604.0,1081.4
-424.1,589.7,1053.8
-406.5,578.8,1062.9
-417.1,584.4,1042.3
-455.2,612.2,1062.5
-521.6,662.8,1052.5
-589.4,726.5,1074.6
-621.4,790.1,1047.0
-610.4,846.0,1044.9
-576.1,879.3,1005.7
-528.0,896.8,1011.4
-466.6,908.0,986.9
-380.7,911.0,987.7
-251.9,915.0,930.1
-96.7,921.7,900.8
66.2,919.3,847.6
227.1,907.0,868.7
398.0,876.6,879.1
606.7,814.1,930.5
890.4,689.1,933.4
1208.1,509.1,953.2
1492.1,299.4,926.1
1702.7,83.5,942.7
1826.3,-117.4,941.1
1838.9,-278.7,981.6
1755.3,-396.1,969.3
-,-,-
-87.2,157.1,1018.6
-132.8,188.9,995.2
-180.1,218.4,1017.3
-212.6,242.9,997.3
-236.3,262.1,1025.2
-251.2,272.2,1006.5
-238.4,268.5,1030.8
-188.3,254.7,1011.1
-129.0,236.0,1037.3
-90.6,227.8,1015.6
-92.6,246.5,1039.1
-143.3,292.8,1016.0
-226.5,354.0,1031.1
-325.1,424.6,1000.0
-417.6,500.5,1017.3
-499.7,577.8,992.8
-571.2,651.3,1015.1
-636.5,725.0,994.1
-682.2,790.5,1010.5
-717.1,848.0,973.7
-752.3,908.4,976.3
-767.3,975.9,935.3
-736.9,1042.6,937.2
-655.7,1084.5,891.0
-535.3,1095.5,894.1
-418.4,1087.3,852.3
-318.6,1070.9,855.6
-208.8,1043.9,821.6
-52.1,997.7,853.7
162.8,922.1,869.0
392.1,810.3,944.6
623.8,666.2,980.0
833.0,517.1,1051.4
-,-,-
-117.8,236.8,862.2
-132.4,262.0,880.5
-143.9,281.3,893.3
-155.3,292.4,916.0
-159.1,298.3,920.4
-156.2,304.3,926.7
-151.1,312.4,911.6
-145.9,327.0,912.1
-148.1,346.7,912.6
-167.9,371.1,931.3
-201.5,400.9,938.7
-237.8,431.7,957.7
-266.0,461.3,969.1
-282.1,485.8,998.9
-300.3,508.3,1019.5
-336.4,534.8,1053.5
-398.3,569.1,1071.0
-478.4,612.9,1095.0
-559.8,658.9,1100.7
-623.8,700.9,1108.2
-658.4,738.4,1094.3
-665.9,767.2,1087.8
-653.3,781.5,1068.8
-620.9,783.9,1062.0
-569.7,778.9,1042.5
-511.0,769.7,1032.7
-450.6,762.9,1007.0
-406.8,767.6,991.7
-389.3,786.3,950.1
-373.0,811.0,913.9
-333.9,837.1,865.2
-267.1,857.3,842.1
-181.7,863.9,822.9
-79.1,861.6,825.0
60.9,847.4,816.0
255.3,812.5,820.0
497.4,748.2,822.4
757.8,657.0,864.4
1002.6,541.1,914.6
1240.1,396.7,988.9