-,-,-
-14.0,-281.0,442.0
42.0,-266.0,417.0
42.0,-262.0,411.0
31.0,-261.0,401.0
29.0,-291.0,382.0
31.0,-315.0,349.0
61.0,-329.0,322.0
65.0,-345.0,306.0
78.0,-346.0,286.0
96.0,-330.0,331.0
62.0,-376.0,257.0
60.0,-394.0,257.0
63.0,-377.0,288.0
41.0,-359.0,259.0
41.0,-375.0,284.0
-30.0,-378.0,299.0
-114.0,-459.0,174.0
-79.0,-426.0,205.0
-98.0,-453.0,292.0
-39.0,-371.0,208.0
-18.0,-376.0,273.0
96.0,-311.0,336.0
75.0,-342.0,403.0
137.0,-251.0,299.0
-32.0,-420.0,323.0
79.0,-332.0,225.0
76.0,-340.0,385.0
-3.0,-390.0,204.0
11.0,-379.0,299.0
-7.0,-394.0,220.0
10.0,-378.0,242.0
-1.0,-378.0,274.0
64.0,-345.0,321.0
10.0,-387.0,290.0
16.0,-387.0,235.0
-2.0,-387.0,226.0
-20.0,-410.0,222.0
15.0,-374.0,259.0
-,-,-
-50.0,-294.0,443.0
-3.0,-298.0,371.0
57.0,-260.0,411.0
27.0,-275.0,380.0
49.0,-298.0,355.0
43.0,-341.0,347.0
15.0,-373.0,290.0
41.0,-376.0,303.0
15.0,-379.0,227.0
42.0,-407.0,243.0
26.0,-378.0,273.0
-1.0,-396.0,208.0
17.0,-394.0,271.0
-53.0,-421.0,235.0
-54.0,-404.0,209.0
-95.0,-436.0,222.0
-97.0,-423.0,251.0
-65.0,-391.0,255.0
-85.0,-408.0,291.0
-18.0,-406.0,204.0
-3.0,-357.0,271.0
-37.0,-407.0,224.0
-6.0,-373.0,320.0
31.0,-314.0,337.0
0.0,-406.0,305.0
126.0,-277.0,367.0
74.0,-344.0,317.0
61.0,-361.0,285.0
127.0,-313.0,323.0
26.0,-390.0,275.0
-2.0,-387.0,222.0
-24.0,-405.0,268.0
-34.0,-390.0,226.0
-22.0,-390.0,227.0
-22.0,-376.0,256.0
10.0,-387.0,268.0
-18.0,-404.0,251.0
-2.0,-374.0,237.0
-16.0,-410.0,241.0
-,-,-
-65.0,-373.0,577.0
112.0,-275.0,461.0
128.0,-244.0,416.0
91.0,-275.0,369.0
58.0,-346.0,332.0
27.0,-379.0,282.0
31.0,-378.0,273.0
-21.0,-423.0,206.0
-1.0,-406.0,226.0
-17.0,-425.0,207.0
11.0,-394.0,241.0
12.0,-387.0,237.0
29.0,-377.0,255.0
-16.0,-405.0,219.0
-33.0,-456.0,243.0
31.0,-359.0,301.0
-87.0,-454.0,218.0
-36.0,-377.0,241.0
-118.0,-394.0,220.0
-52.0,-411.0,222.0
15.0,-387.0,289.0
42.0,-409.0,284.0
78.0,-345.0,290.0
59.0,-361.0,306.0
-6.0,-409.0,225.0
75.0,-328.0,290.0
44.0,-389.0,240.0
73.0,-343.0,288.0
58.0,-356.0,301.0
45.0,-364.0,272.0
73.0,-362.0,320.0
29.0,-377.0,272.0
14.0,-373.0,257.0
-17.0,-387.0,333.0
43.0,-343.0,267.0
28.0,-373.0,268.0
-17.0,-392.0,254.0
28.0,-359.0,307.0
-3.0,-376.0,243.0
15.0,-378.0,272.0
-4.0,-390.0,290.0
-,-,-
-46.0,-373.0,610.0
65.0,-277.0,369.0
90.0,-279.0,429.0
33.0,-313.0,319.0
111.0,-280.0,380.0
80.0,-323.0,364.0
61.0,-339.0,320.0
46.0,-355.0,291.0
49.0,-374.0,257.0
44.0,-378.0,268.0
-17.0,-408.0,220.0
29.0,-388.0,267.0
33.0,-372.0,287.0
30.0,-375.0,269.0
33.0,-347.0,300.0
11.0,-403.0,267.0
-63.0,-405.0,269.0
-85.0,-423.0,240.0
-81.0,-418.0,252.0
-79.0,-394.0,272.0
-84.0,-426.0,255.0
-17.0,-364.0,274.0
30.0,-342.0,363.0
17.0,-331.0,288.0
91.0,-283.0,380.0
80.0,-313.0,416.0
30.0,-343.0,241.0
77.0,-324.0,383.0
29.0,-346.0,303.0
63.0,-326.0,351.0
12.0,-360.0,300.0
26.0,-345.0,317.0
15.0,-359.0,318.0
30.0,-356.0,303.0
11.0,-359.0,336.0
10.0,-356.0,288.0
18.0,-356.0,300.0
12.0,-363.0,301.0
-37.0,-405.0,253.0
-,-,-
-84.0,-356.0,560.0
77.0,-247.0,448.0
48.0,-265.0,396.0
88.0,-259.0,418.0
74.0,-265.0,413.0
62.0,-311.0,333.0
32.0,-355.0,348.0
11.0,-360.0,273.0
-19.0,-405.0,272.0
-22.0,-406.0,256.0
-51.0,-426.0,196.0
-23.0,-404.0,256.0
-52.0,-424.0,210.0
-4.0,-392.0,290.0
-37.0,-393.0,225.0
-31.0,-387.0,286.0
-51.0,-379.0,257.0
-116.0,-424.0,208.0
-85.0,-403.0,269.0
-94.0,-404.0,254.0
-67.0,-389.0,269.0
-38.0,-371.0,269.0
-54.0,-404.0,287.0
16.0,-346.0,320.0
43.0,-328.0,307.0
1.0,-373.0,269.0
74.0,-314.0,319.0
28.0,-360.0,290.0
43.0,-343.0,315.0
-2.0,-376.0,346.0
31.0,-338.0,273.0
47.0,-345.0,353.0
28.0,-357.0,316.0
79.0,-328.0,352.0
12.0,-374.0,258.0
48.0,-356.0,333.0
-16.0,-376.0,271.0
1.0,-374.0,256.0
-33.0,-378.0,275.0
1.0,-372.0,284.0
-17.0,-392.0,290.0
-,-,-
-3.0,-308.0,414.0
62.0,-292.0,397.0
61.0,-386.0,479.0
154.0,-217.0,446.0
90.0,-290.0,366.0
31.0,-327.0,317.0
29.0,-362.0,318.0
17.0,-375.0,283.0
-18.0,-388.0,268.0
-22.0,-403.0,209.0
-36.0,-425.0,252.0
-35.0,-380.0,253.0
-68.0,-419.0,221.0
-70.0,-396.0,238.0
-80.0,-388.0,272.0
-145.0,-457.0,189.0
-70.0,-389.0,286.0
-86.0,-394.0,254.0
32.0,-403.0,251.0
-52.0,-364.0,289.0
-79.0,-410.0,270.0
-32.0,-362.0,292.0
10.0,-330.0,302.0
-17.0,-393.0,288.0
40.0,-338.0,306.0
62.0,-342.0,330.0
45.0,-344.0,320.0
94.0,-298.0,380.0
78.0,-313.0,348.0
30.0,-342.0,333.0
58.0,-324.0,366.0
13.0,-342.0,283.0
-5.0,-373.0,303.0
12.0,-343.0,290.0
26.0,-347.0,304.0
-1.0,-357.0,304.0
13.0,-357.0,292.0
1.0,-359.0,300.0
9.0,-344.0,283.0
-15.0,-360.0,323.0
-,-,-
72.0,-196.0,524.0
60.0,-260.0,401.0
81.0,-217.0,399.0
64.0,-226.0,475.0
11.0,-298.0,321.0
47.0,-297.0,381.0
-21.0,-362.0,320.0
16.0,-326.0,301.0
-23.0,-379.0,332.0
-16.0,-356.0,288.0
-22.0,-373.0,318.0
-67.0,-393.0,256.0
-33.0,-344.0,303.0
-62.0,-375.0,271.0
-66.0,-359.0,307.0
-64.0,-356.0,320.0
-87.0,-388.0,290.0
-63.0,-341.0,333.0
-18.0,-324.0,350.0
-22.0,-330.0,336.0
44.0,-266.0,398.0
41.0,-267.0,397.0
14.0,-309.0,332.0
91.0,-243.0,432.0
74.0,-266.0,383.0
12.0,-311.0,349.0
77.0,-250.0,412.0
58.0,-290.0,400.0
45.0,-267.0,380.0
48.0,-276.0,398.0
13.0,-296.0,356.0
10.0,-307.0,369.0
49.0,-280.0,387.0
15.0,-306.0,372.0
11.0,-308.0,337.0
15.0,-306.0,367.0
-14.0,-329.0,323.0
26.0,-340.0,349.0
31.0,-328.0,365.0
1.0,-298.0,349.0
-,-,-
-68.0,-275.0,463.0
14.0,-216.0,432.0
11.0,-250.0,369.0
73.0,-210.0,498.0
73.0,-217.0,430.0
47.0,-265.0,399.0
31.0,-258.0,331.0
28.0,-296.0,402.0
30.0,-308.0,322.0
60.0,-300.0,402.0
139.0,-355.0,348.0
13.0,-307.0,320.0
-22.0,-346.0,349.0
-5.0,-298.0,369.0
-7.0,-323.0,364.0
-54.0,-341.0,319.0
-63.0,-343.0,348.0
-80.0,-331.0,330.0
-64.0,-310.0,382.0
-33.0,-294.0,383.0
-62.0,-346.0,346.0
-2.0,-298.0,380.0
15.0,-263.0,386.0
13.0,-290.0,383.0
48.0,-262.0,380.0
-22.0,-340.0,369.0
15.0,-291.0,336.0
79.0,-233.0,370.0
12.0,-313.0,403.0
66.0,-233.0,395.0
57.0,-291.0,428.0
15.0,-296.0,351.0
74.0,-250.0,414.0
17.0,-314.0,396.0
26.0,-299.0,321.0
12.0,-310.0,386.0
9.0,-310.0,337.0
17.0,-298.0,339.0
29.0,-312.0,379.0
139.0,-292.0,369.0
-17.0,-339.0,338.0
-,-,-
-148.0,-374.0,651.0
47.0,-202.0,461.0
74.0,-179.0,477.0
31.0,-234.0,413.0
76.0,-182.0,499.0
11.0,-264.0,379.0
15.0,-278.0,379.0
-2.0,-325.0,385.0
11.0,-326.0,348.0
-15.0,-342.0,332.0
10.0,-347.0,314.0
-1.0,-325.0,347.0
-16.0,-298.0,367.0
-31.0,-293.0,365.0
-34.0,-346.0,398.0
-38.0,-326.0,320.0
-95.0,-360.0,335.0
-69.0,-339.0,369.0
-50.0,-313.0,348.0
-84.0,-355.0,363.0
-4.0,-265.0,428.0
16.0,-260.0,338.0
-48.0,-323.0,379.0
81.0,-185.0,431.0
10.0,-308.0,403.0
27.0,-264.0,339.0
81.0,-233.0,448.0
0.0,-313.0,400.0
-16.0,-309.0,318.0
42.0,-264.0,383.0
-20.0,-329.0,331.0
26.0,-265.0,386.0
58.0,-247.0,446.0
-32.0,-330.0,349.0
15.0,-280.0,368.0
29.0,-283.0,381.0
-22.0,-328.0,316.0
27.0,-279.0,349.0
9.0,-322.0,400.0
-17.0,-327.0,334.0
-15.0,-345.0,449.0
-,-,-
-85.0,-343.0,530.0
44.0,-230.0,450.0
77.0,-198.0,445.0
32.0,-216.0,386.0
94.0,-184.0,467.0
18.0,-280.0,411.0
16.0,-278.0,386.0
10.0,-306.0,351.0
106.0,-325.0,333.0
-3.0,-324.0,365.0
-30.0,-314.0,319.0
11.0,-345.0,321.0
-35.0,-360.0,336.0
-49.0,-373.0,319.0
-68.0,-359.0,321.0
-81.0,-378.0,303.0
-100.0,-390.0,288.0
-68.0,-357.0,352.0
-38.0,-310.0,351.0
-67.0,-354.0,321.0
-38.0,-297.0,428.0
43.0,-213.0,403.0
-36.0,-346.0,348.0
121.0,-186.0,434.0
92.0,-251.0,433.0
47.0,-308.0,368.0
144.0,-183.0,427.0
13.0,-343.0,348.0
93.0,-249.0,413.0
93.0,-246.0,400.0
25.0,-311.0,370.0
31.0,-299.0,365.0
32.0,-295.0,379.0
58.0,-294.0,383.0
0.0,-314.0,321.0
28.0,-325.0,364.0
16.0,-322.0,348.0
27.0,-328.0,364.0
-,-,-
-133.0,-403.0,558.0
73.0,-232.0,434.0
74.0,-202.0,449.0
10.0,-230.0,401.0
44.0,-247.0,380.0
42.0,-292.0,416.0
10.0,-263.0,401.0
-5.0,-324.0,349.0
-4.0,-324.0,321.0
-5.0,-330.0,355.0
0.0,-378.0,268.0
-6.0,-375.0,315.0
1.0,-372.0,332.0
-3.0,-359.0,291.0
-38.0,-375.0,322.0
-55.0,-375.0,307.0
-96.0,-362.0,254.0
-127.0,-405.0,284.0
-38.0,-310.0,364.0
-49.0,-342.0,380.0
-34.0,-339.0,319.0
11.0,-295.0,350.0
46.0,-296.0,364.0
16.0,-312.0,321.0
77.0,-261.0,412.0
78.0,-247.0,400.0
27.0,-327.0,352.0
78.0,-250.0,416.0
46.0,-284.0,400.0
-1.0,-330.0,338.0
66.0,-262.0,348.0
-33.0,-359.0,320.0
33.0,-282.0,381.0
62.0,-263.0,367.0
-17.0,-355.0,319.0
28.0,-299.0,337.0
-6.0,-327.0,356.0
-1.0,-331.0,303.0
-,-,-
-82.0,-243.0,416.0
-20.0,-226.0,429.0
-99.0,-298.0,559.0
12.0,-183.0,512.0
32.0,-199.0,429.0
11.0,-233.0,444.0
32.0,-247.0,398.0
11.0,-311.0,340.0
16.0,-297.0,367.0
17.0,-357.0,305.0
41.0,-327.0,347.0
31.0,-331.0,355.0
64.0,-294.0,411.0
78.0,-312.0,363.0
8.0,-342.0,368.0
-39.0,-340.0,336.0
-102.0,-406.0,273.0
-95.0,-372.0,305.0
-53.0,-345.0,366.0
-20.0,-323.0,335.0
-22.0,-293.0,365.0
11.0,-291.0,379.0
95.0,-180.0,443.0
-3.0,-312.0,401.0
15.0,-248.0,402.0
109.0,-167.0,420.0
-36.0,-315.0,303.0
45.0,-229.0,401.0
91.0,-181.0,492.0
-22.0,-323.0,332.0
14.0,-250.0,435.0
14.0,-261.0,385.0
23.0,-262.0,397.0
33.0,-244.0,430.0
28.0,-279.0,369.0
10.0,-294.0,366.0
10.0,-292.0,335.0
-6.0,-315.0,383.0
-7.0,-323.0,352.0
-,-,-
-36.0,-248.0,462.0
-23.0,-438.0,364.0
48.0,-214.0,465.0
45.0,-216.0,428.0
9.0,-280.0,371.0
79.0,-276.0,403.0
14.0,-376.0,349.0
65.0,-276.0,303.0
27.0,-373.0,349.0
47.0,-310.0,332.0
25.0,-331.0,339.0
30.0,-378.0,290.0
31.0,-346.0,353.0
-18.0,-386.0,302.0
-51.0,-374.0,268.0
-49.0,-391.0,306.0
-68.0,-409.0,286.0
-38.0,-343.0,300.0
-33.0,-340.0,352.0
-47.0,-363.0,292.0
13.0,-266.0,386.0
9.0,-294.0,427.0
30.0,-275.0,352.0
43.0,-263.0,434.0
58.0,-277.0,364.0
46.0,-249.0,284.0
49.0,-277.0,413.0
59.0,-259.0,385.0
-22.0,-356.0,353.0
42.0,-267.0,354.0
1.0,-310.0,382.0
-4.0,-314.0,335.0
31.0,-298.0,369.0
-7.0,-340.0,351.0
32.0,-282.0,332.0
-,-,-
-30.0,-279.0,413.0
32.0,-218.0,449.0
27.0,-217.0,411.0
48.0,-226.0,449.0
42.0,-201.0,432.0
61.0,-228.0,417.0
46.0,-281.0,369.0
29.0,-387.0,367.0
27.0,-329.0,333.0
43.0,-361.0,317.0
27.0,-358.0,320.0
-22.0,-362.0,322.0
42.0,-328.0,323.0
-3.0,-356.0,348.0
-20.0,-373.0,321.0
-35.0,-340.0,274.0
-98.0,-420.0,257.0
-34.0,-358.0,333.0
-16.0,-342.0,333.0
-4.0,-323.0,331.0
1.0,-323.0,364.0
31.0,-282.0,384.0
15.0,-311.0,353.0
42.0,-280.0,397.0
34.0,-279.0,331.0
26.0,-311.0,355.0
72.0,-264.0,367.0
97.0,-233.0,433.0
14.0,-324.0,336.0
46.0,-297.0,369.0
47.0,-281.0,368.0
-32.0,-371.0,304.0
28.0,-296.0,382.0
16.0,-311.0,354.0
26.0,-307.0,354.0
32.0,-293.0,380.0
1.0,-330.0,322.0
11.0,-345.0,333.0
14.0,-325.0,348.0
10.0,-312.0,335.0
44.0,-296.0,366.0
30.0,-345.0,346.0
-,-,-
-79.0,-309.0,462.0
12.0,-280.0,415.0
-5.0,-308.0,386.0
-17.0,-339.0,450.0
45.0,-279.0,382.0
57.0,-340.0,428.0
16.0,-259.0,397.0
43.0,-296.0,323.0
29.0,-342.0,384.0
40.0,-294.0,348.0
26.0,-340.0,318.0
26.0,-358.0,307.0
9.0,-359.0,318.0
-51.0,-394.0,286.0
-32.0,-372.0,290.0
-52.0,-371.0,285.0
-99.0,-389.0,259.0
-70.0,-346.0,319.0
-119.0,-394.0,287.0
-83.0,-358.0,317.0
-63.0,-356.0,303.0
-70.0,-374.0,319.0
-32.0,-329.0,319.0
46.0,-282.0,379.0
45.0,-266.0,348.0
49.0,-293.0,381.0
76.0,-276.0,388.0
42.0,-310.0,399.0
64.0,-277.0,412.0
63.0,-281.0,355.0
27.0,-312.0,381.0
43.0,-298.0,321.0
29.0,-315.0,382.0
42.0,-324.0,346.0
31.0,-570.0,380.0
12.0,-323.0,348.0
25.0,-311.0,332.0
73.0,-342.0,347.0
17.0,-323.0,351.0
14.0,-346.0,349.0
-,-,-
-97.0,-488.0,396.0
44.0,-246.0,459.0
155.0,-217.0,443.0
-20.0,-260.0,403.0
40.0,-245.0,382.0
111.0,-291.0,372.0
45.0,-263.0,397.0
47.0,-309.0,324.0
30.0,-356.0,317.0
44.0,-327.0,318.0
46.0,-359.0,332.0
46.0,-372.0,269.0
60.0,-387.0,291.0
25.0,-393.0,304.0
-1.0,-379.0,240.0
-36.0,-424.0,253.0
-81.0,-440.0,210.0
-66.0,-427.0,226.0
-53.0,-389.0,239.0
-80.0,-404.0,258.0
-7.0,-354.0,320.0
47.0,-295.0,364.0
-1.0,-330.0,319.0
47.0,-296.0,365.0
91.0,-279.0,399.0
46.0,-298.0,353.0
12.0,-345.0,383.0
17.0,-311.0,319.0
-33.0,-362.0,302.0
15.0,-323.0,334.0
49.0,-307.0,371.0
-3.0,-357.0,308.0
17.0,-344.0,339.0
-5.0,-355.0,318.0
11.0,-331.0,322.0
12.0,-340.0,332.0
12.0,-356.0,332.0
-,-,-
-32.0,-266.0,400.0
-84.0,-485.0,419.0
48.0,-324.0,467.0
58.0,-245.0,414.0
26.0,-248.0,384.0
31.0,-281.0,384.0
44.0,-322.0,368.0
42.0,-328.0,351.0
9.0,-323.0,333.0
-17.0,-363.0,285.0
-17.0,-378.0,290.0
-1.0,-379.0,268.0
-4.0,-361.0,270.0
-19.0,-376.0,315.0
-46.0,-388.0,287.0
-97.0,-410.0,253.0
-70.0,-404.0,269.0
-71.0,-394.0,314.0
-64.0,-372.0,274.0
-67.0,-358.0,302.0
-19.0,-330.0,333.0
27.0,-276.0,331.0
-6.0,-373.0,331.0
97.0,-233.0,447.0
74.0,-250.0,340.0
48.0,-296.0,397.0
64.0,-245.0,399.0
64.0,-265.0,399.0
32.0,-292.0,366.0
56.0,-278.0,386.0
32.0,-283.0,386.0
47.0,-280.0,370.0
18.0,-296.0,385.0
17.0,-259.0,306.0
11.0,-312.0,337.0
17.0,-315.0,339.0
26.0,-308.0,353.0
15.0,-315.0,365.0
-,-,-
-52.0,-356.0,385.0
10.0,-283.0,395.0
65.0,-226.0,416.0
63.0,-211.0,477.0
78.0,-200.0,463.0
-22.0,-198.0,429.0
62.0,-215.0,434.0
50.0,-277.0,369.0
48.0,-296.0,399.0
58.0,-306.0,335.0
25.0,-343.0,351.0
11.0,-359.0,306.0
34.0,-345.0,306.0
-18.0,-378.0,300.0
27.0,-314.0,319.0
-3.0,-355.0,331.0
-38.0,-374.0,317.0
-21.0,-343.0,349.0
-56.0,-362.0,306.0
-48.0,-360.0,308.0
-21.0,-314.0,348.0
-38.0,-359.0,292.0
-19.0,-343.0,334.0
-17.0,-329.0,347.0
-4.0,-341.0,371.0
45.0,-267.0,369.0
30.0,-290.0,367.0
48.0,-284.0,382.0
59.0,-282.0,371.0
29.0,-313.0,383.0
62.0,-267.0,387.0
46.0,-296.0,366.0
43.0,-310.0,382.0
26.0,-213.0,382.0
32.0,-308.0,349.0
122.0,-245.0,381.0
26.0,-327.0,334.0
12.0,-330.0,347.0
-4.0,-343.0,334.0
-,-,-
-33.0,-282.0,402.0
-1.0,-293.0,368.0
10.0,-331.0,528.0
74.0,-185.0,484.0
-48.0,-234.0,370.0
57.0,-247.0,400.0
-15.0,-283.0,412.0
48.0,-295.0,336.0
44.0,-325.0,395.0
17.0,-309.0,353.0
44.0,-327.0,304.0
10.0,-373.0,320.0
-5.0,-355.0,317.0
-36.0,-362.0,303.0
-33.0,-371.0,288.0
-67.0,-393.0,288.0
-86.0,-402.0,255.0
-67.0,-374.0,302.0
-84.0,-371.0,304.0
-94.0,-394.0,270.0
-64.0,-358.0,335.0
-50.0,-341.0,338.0
13.0,-281.0,381.0
24.0,-267.0,364.0
-19.0,-327.0,369.0
30.0,-266.0,398.0
48.0,-228.0,383.0
-70.0,-408.0,303.0
31.0,-251.0,430.0
60.0,-259.0,365.0
-48.0,-372.0,306.0
26.0,-325.0,366.0
44.0,-293.0,401.0
29.0,-330.0,331.0
74.0,-275.0,413.0
9.0,-329.0,338.0
50.0,-309.0,338.0
2.0,-361.0,333.0
-,-,-
-5.0,-263.0,429.0
59.0,-262.0,431.0
89.0,-233.0,496.0
92.0,-244.0,415.0
49.0,-261.0,384.0
78.0,-282.0,352.0
30.0,-312.0,372.0
27.0,-311.0,339.0
10.0,-344.0,331.0
-35.0,-377.0,288.0
-18.0,-357.0,273.0
-55.0,-409.0,284.0
-64.0,-376.0,273.0
-70.0,-363.0,298.0
-98.0,-375.0,300.0
-100.0,-361.0,308.0
-54.0,-331.0,347.0
-84.0,-362.0,349.0
-53.0,-357.0,317.0
-37.0,-330.0,400.0
-51.0,-358.0,331.0
-18.0,-312.0,339.0
49.0,-250.0,381.0
2.0,-313.0,350.0
58.0,-280.0,379.0
80.0,-278.0,384.0
26.0,-324.0,338.0
79.0,-249.0,434.0
94.0,-265.0,368.0
62.0,-280.0,398.0
96.0,-244.0,419.0
-86.0,-290.0,365.0
-112.0,-314.0,353.0
32.0,-312.0,318.0
-18.0,-361.0,318.0
28.0,-314.0,354.0
77.0,-309.0,395.0
-,-,-
9.0,-266.0,417.0
1.0,-297.0,381.0
28.0,-309.0,427.0
-146.0,-280.0,435.0
44.0,-235.0,444.0
47.0,-249.0,339.0
60.0,-280.0,388.0
48.0,-298.0,370.0
74.0,-308.0,350.0
80.0,-309.0,367.0
41.0,-324.0,321.0
49.0,-315.0,298.0
27.0,-377.0,317.0
29.0,-346.0,290.0
42.0,-359.0,289.0
30.0,-394.0,332.0
11.0,-356.0,318.0
-5.0,-362.0,274.0
-17.0,-372.0,306.0
-19.0,-360.0,320.0
-66.0,-390.0,287.0
-52.0,-363.0,273.0
-32.0,-362.0,301.0
-20.0,-356.0,333.0
16.0,-314.0,333.0
-1.0,-325.0,338.0
32.0,-292.0,351.0
60.0,-248.0,398.0
65.0,-294.0,385.0
43.0,-281.0,369.0
17.0,-330.0,366.0
60.0,-264.0,382.0
44.0,-299.0,369.0
-1.0,-323.0,352.0
41.0,-294.0,354.0
26.0,-326.0,351.0
33.0,-308.0,366.0
27.0,-326.0,350.0
15.0,-328.0,332.0
0.0,-330.0,348.0
-,-,-
-50.0,-280.0,429.0
31.0,-420.0,397.0
41.0,-248.0,416.0
14.0,-229.0,417.0
49.0,-203.0,429.0
42.0,-230.0,435.0
29.0,-250.0,401.0
29.0,-275.0,382.0
-6.0,-339.0,380.0
25.0,-312.0,350.0
-6.0,-330.0,338.0
-39.0,-371.0,322.0
-4.0,-338.0,320.0
-53.0,-371.0,306.0
-55.0,-341.0,316.0
-79.0,-330.0,399.0
-79.0,-358.0,290.0
-50.0,-315.0,387.0
-66.0,-346.0,335.0
14.0,-309.0,382.0
15.0,-307.0,365.0
-34.0,-342.0,286.0
14.0,-295.0,339.0
79.0,-230.0,427.0
-2.0,-310.0,347.0
43.0,-277.0,354.0
112.0,-211.0,465.0
-5.0,-419.0,307.0
123.0,-199.0,449.0
63.0,-247.0,383.0
10.0,-324.0,348.0
32.0,-265.0,414.0
43.0,-266.0,385.0
29.0,-299.0,385.0
42.0,-276.0,367.0
45.0,-291.0,397.0
43.0,-293.0,381.0
-,-,-
-68.0,-261.0,403.0
-20.0,-422.0,380.0
12.0,-216.0,484.0
0.0,-217.0,400.0
-3.0,-278.0,383.0
43.0,-251.0,415.0
47.0,-263.0,370.0
43.0,-294.0,356.0
73.0,-291.0,364.0
61.0,-310.0,365.0
58.0,-314.0,336.0
48.0,-315.0,334.0
16.0,-372.0,334.0
49.0,-312.0,320.0
12.0,-373.0,307.0
-37.0,-410.0,284.0
-18.0,-360.0,305.0
-78.0,-404.0,319.0
-52.0,-374.0,317.0
-63.0,-346.0,274.0
-50.0,-331.0,318.0
-17.0,-323.0,355.0
-2.0,-308.0,380.0
34.0,-249.0,386.0
28.0,-164.0,365.0
-23.0,-331.0,371.0
42.0,-232.0,396.0
-81.0,-267.0,387.0
-35.0,-298.0,387.0
31.0,-229.0,412.0
10.0,-313.0,367.0
46.0,-266.0,401.0
76.0,-263.0,378.0
-3.0,-346.0,337.0
32.0,-314.0,386.0
-,-,-
-31.0,-358.0,480.0
60.0,-267.0,412.0
77.0,-229.0,461.0
77.0,-201.0,386.0
74.0,-231.0,419.0
58.0,-247.0,398.0
75.0,-264.0,385.0
31.0,-316.0,364.0
27.0,-309.0,351.0
25.0,-346.0,338.0
-17.0,-388.0,303.0
13.0,-340.0,305.0
-16.0,-374.0,304.0
-14.0,-345.0,324.0
-4.0,-343.0,319.0
-68.0,-392.0,305.0
-54.0,-359.0,284.0
-30.0,-346.0,347.0
-15.0,-314.0,353.0
-35.0,-355.0,335.0
29.0,-283.0,363.0
29.0,-295.0,386.0
13.0,-308.0,379.0
63.0,-262.0,400.0
0.0,-326.0,366.0
58.0,-279.0,397.0
90.0,-243.0,428.0
11.0,-306.0,316.0
80.0,-248.0,416.0
-113.0,-292.0,365.0
46.0,-311.0,348.0
42.0,-323.0,332.0
33.0,-309.0,352.0
46.0,-294.0,381.0
63.0,-284.0,384.0
47.0,-296.0,368.0
65.0,-295.0,386.0
-,-,-
-127.0,-330.0,481.0
26.0,-227.0,460.0
1.0,-215.0,465.0
30.0,-215.0,396.0
45.0,-233.0,432.0
64.0,-202.0,428.0
78.0,-265.0,364.0
64.0,-314.0,381.0
63.0,-296.0,354.0
49.0,-340.0,317.0
59.0,-340.0,332.0
49.0,-343.0,337.0
32.0,-372.0,350.0
11.0,-377.0,322.0
-38.0,-408.0,287.0
-47.0,-403.0,292.0
-4.0,-356.0,318.0
-37.0,-377.0,306.0
-6.0,-329.0,322.0
14.0,-298.0,337.0
15.0,-310.0,355.0
46.0,-265.0,413.0
43.0,-280.0,371.0
74.0,-274.0,400.0
78.0,-245.0,404.0
-3.0,-327.0,332.0
-33.0,-340.0,367.0
48.0,-261.0,383.0
-2.0,-299.0,366.0
31.0,-280.0,382.0
61.0,-261.0,412.0
12.0,-314.0,365.0
33.0,-313.0,363.0
30.0,-341.0,351.0
-,-,-
-1.0,-232.0,467.0
61.0,-218.0,412.0
0.0,-392.0,573.0
78.0,-218.0,449.0
90.0,-234.0,400.0
81.0,-261.0,346.0
79.0,-268.0,385.0
17.0,-374.0,334.0
47.0,-356.0,316.0
26.0,-371.0,303.0
12.0,-374.0,291.0
14.0,-359.0,322.0
-21.0,-376.0,290.0
-66.0,-408.0,255.0
-51.0,-379.0,302.0
-68.0,-376.0,306.0
-18.0,-331.0,318.0
-2.0,-327.0,354.0
-1.0,-341.0,319.0
33.0,-299.0,369.0
41.0,-292.0,355.0
29.0,-310.0,323.0
95.0,-262.0,414.0
73.0,-292.0,364.0
63.0,-296.0,354.0
123.0,-247.0,442.0
73.0,-295.0,371.0
31.0,-314.0,348.0
76.0,-261.0,384.0
47.0,-279.0,349.0
12.0,-328.0,337.0
31.0,-325.0,335.0
45.0,-341.0,306.0
62.0,-327.0,354.0
89.0,-308.0,370.0
97.0,-330.0,396.0
-,-,-
-17.0,-306.0,591.0
106.0,-214.0,434.0
75.0,-246.0,445.0
78.0,-228.0,384.0
49.0,-294.0,385.0
48.0,-308.0,365.0
26.0,-356.0,316.0
42.0,-359.0,289.0
27.0,-359.0,320.0
-7.0,-377.0,301.0
-1.0,-359.0,284.0
1.0,-355.0,334.0
-64.0,-391.0,273.0
-34.0,-359.0,338.0
-53.0,-362.0,319.0
-54.0,-360.0,301.0
-20.0,-344.0,306.0
-32.0,-361.0,321.0
11.0,-310.0,355.0
29.0,-313.0,337.0
16.0,-327.0,332.0
78.0,-282.0,381.0
90.0,-293.0,354.0
30.0,-331.0,338.0
79.0,-292.0,372.0
61.0,-313.0,354.0
58.0,-314.0,321.0
62.0,-307.0,354.0
31.0,-328.0,332.0
95.0,-313.0,354.0
90.0,-314.0,347.0
25.0,-347.0,317.0
48.0,-325.0,334.0
42.0,-338.0,321.0
-,-,-
-6.0,-342.0,609.0
123.0,-243.0,451.0
138.0,-154.0,449.0
127.0,-197.0,415.0
105.0,-279.0,350.0
90.0,-405.0,352.0
33.0,-375.0,322.0
59.0,-359.0,274.0
-4.0,-410.0,302.0
-18.0,-406.0,251.0
15.0,-388.0,285.0
-51.0,-391.0,273.0
-38.0,-389.0,240.0
-69.0,-388.0,255.0
-55.0,-420.0,272.0
-22.0,-358.0,332.0
-22.0,-346.0,302.0
16.0,-315.0,349.0
30.0,-300.0,367.0
32.0,-327.0,348.0
58.0,-265.0,380.0
44.0,-326.0,331.0
44.0,-311.0,338.0
50.0,-308.0,350.0
63.0,-314.0,348.0
79.0,-294.0,348.0
94.0,-308.0,369.0
105.0,-292.0,364.0
62.0,-325.0,347.0
80.0,-308.0,352.0
63.0,-327.0,367.0
25.0,-354.0,333.0
65.0,-311.0,349.0
44.0,-341.0,318.0
47.0,-341.0,320.0
43.0,-345.0,317.0
77.0,-330.0,336.0
-,-,-
16.0,-214.0,557.0
-1.0,-266.0,370.0
60.0,-280.0,386.0
58.0,-277.0,369.0
58.0,-296.0,348.0
49.0,-342.0,315.0
80.0,-341.0,298.0
65.0,-357.0,315.0
61.0,-392.0,271.0
143.0,-370.0,301.0
75.0,-388.0,269.0
44.0,-373.0,303.0
-6.0,-405.0,269.0
-51.0,-419.0,254.0
-54.0,-421.0,252.0
-35.0,-374.0,299.0
-53.0,-388.0,300.0
-35.0,-357.0,283.0
-6.0,-342.0,333.0
-1.0,-344.0,303.0
45.0,-294.0,365.0
28.0,-327.0,319.0
63.0,-298.0,367.0
62.0,-296.0,365.0
57.0,-312.0,339.0
64.0,-293.0,385.0
44.0,-329.0,348.0
30.0,-331.0,332.0
63.0,-307.0,349.0
44.0,-355.0,333.0
57.0,-326.0,334.0
59.0,-331.0,347.0
74.0,-359.0,306.0
60.0,-374.0,363.0
-,-,-
-2.0,-391.0,460.0
94.0,-246.0,444.0
58.0,-260.0,353.0
43.0,-314.0,371.0
41.0,-294.0,367.0
32.0,-298.0,321.0
16.0,-378.0,290.0
28.0,-359.0,284.0
9.0,-503.0,252.0
12.0,-371.0,253.0
-34.0,-435.0,236.0
-15.0,-403.0,267.0
-3.0,-363.0,285.0
-95.0,-438.0,223.0
-68.0,-410.0,224.0
-47.0,-376.0,286.0
-66.0,-406.0,242.0
-32.0,-361.0,302.0
-2.0,-341.0,346.0
17.0,-345.0,316.0
31.0,-314.0,348.0
26.0,-343.0,339.0
94.0,-282.0,366.0
61.0,-309.0,387.0
11.0,-344.0,303.0
42.0,-311.0,369.0
26.0,-330.0,308.0
31.0,-310.0,386.0
42.0,-325.0,336.0
27.0,-339.0,334.0
13.0,-348.0,320.0
41.0,-328.0,332.0
14.0,-357.0,301.0
13.0,-342.0,318.0
16.0,-389.0,322.0
-,-,-
30.0,-265.0,449.0
44.0,-298.0,385.0
91.0,-275.0,401.0
73.0,-324.0,368.0
47.0,-263.0,387.0
32.0,-308.0,353.0
25.0,-348.0,319.0
13.0,-344.0,321.0
-18.0,-393.0,272.0
17.0,-390.0,268.0
-6.0,-405.0,268.0
-17.0,-410.0,220.0
13.0,-377.0,290.0
-70.0,-420.0,236.0
-96.0,-404.0,228.0
-78.0,-394.0,284.0
-79.0,-393.0,251.0
-81.0,-394.0,290.0
-34.0,-361.0,299.0
12.0,-313.0,335.0
9.0,-345.0,316.0
47.0,-298.0,321.0
90.0,-279.0,399.0
-3.0,-376.0,284.0
91.0,-279.0,412.0
66.0,-281.0,382.0
13.0,-356.0,142.0
42.0,-315.0,338.0
73.0,-297.0,368.0
17.0,-373.0,317.0
91.0,-283.0,380.0
90.0,-298.0,370.0
28.0,-358.0,314.0
64.0,-312.0,332.0
59.0,-395.0,334.0
-,-,-
-8.0,-218.0,435.0
-71.0,-419.0,557.0
138.0,-226.0,478.0
75.0,-267.0,386.0
62.0,-295.0,306.0
77.0,-309.0,338.0
44.0,-356.0,318.0
60.0,-378.0,286.0
31.0,-442.0,288.0
26.0,-394.0,251.0
10.0,-403.0,242.0
9.0,-388.0,287.0
-19.0,-408.0,239.0
-16.0,-389.0,269.0
-49.0,-411.0,272.0
-51.0,-411.0,242.0
-30.0,-375.0,284.0
-51.0,-410.0,254.0
-15.0,-340.0,320.0
15.0,-327.0,347.0
9.0,-343.0,275.0
57.0,-296.0,371.0
75.0,-310.0,379.0
49.0,-298.0,368.0
64.0,-292.0,369.0
17.0,-344.0,337.0
62.0,-295.0,338.0
49.0,-311.0,348.0
32.0,-341.0,333.0
139.0,-250.0,412.0
-1.0,-387.0,288.0
17.0,-375.0,315.0
44.0,-423.0,367.0
-,-,-
-66.0,-387.0,559.0
93.0,-264.0,416.0
92.0,-248.0,496.0
92.0,-201.0,381.0
50.0,-261.0,269.0
9.0,-378.0,322.0
-5.0,-394.0,267.0
-15.0,-394.0,242.0
-19.0,-388.0,269.0
-47.0,-427.0,209.0
-15.0,-393.0,268.0
-49.0,-392.0,241.0
-98.0,-436.0,205.0
-83.0,-423.0,273.0
-66.0,-424.0,252.0
-36.0,-379.0,286.0
-17.0,-340.0,303.0
-38.0,-376.0,271.0
-21.0,-340.0,305.0
11.0,-363.0,300.0
45.0,-300.0,364.0
76.0,-299.0,350.0
49.0,-330.0,347.0
59.0,-299.0,381.0
74.0,-323.0,365.0
76.0,-297.0,372.0
76.0,-297.0,332.0
62.0,-326.0,380.0
79.0,-314.0,321.0
47.0,-343.0,322.0
28.0,-375.0,284.0
-,-,-
-1.0,-311.0,319.0
25.0,-329.0,371.0
33.0,-309.0,367.0
13.0,-315.0,334.0
33.0,-246.0,433.0
64.0,-211.0,450.0
49.0,-276.0,351.0
93.0,-265.0,426.0
58.0,-322.0,337.0
90.0,-312.0,317.0
43.0,-386.0,305.0
31.0,-376.0,157.0
49.0,-361.0,285.0
-17.0,-440.0,187.0
-47.0,-443.0,180.0
-33.0,-409.0,240.0
-64.0,-440.0,238.0
-22.0,-405.0,271.0
-34.0,-374.0,275.0
-36.0,-360.0,220.0
29.0,-314.0,365.0
27.0,-360.0,303.0
61.0,-306.0,382.0
-6.0,-280.0,380.0
32.0,-339.0,339.0
63.0,-299.0,322.0
76.0,-292.0,396.0
48.0,-327.0,335.0
79.0,-309.0,353.0
65.0,-312.0,364.0
47.0,-324.0,335.0
74.0,-328.0,364.0
42.0,-330.0,323.0
43.0,-357.0,303.0
1.0,-393.0,306.0
28.0,-409.0,337.0
-,-,-
-102.0,-424.0,514.0
81.0,-230.0,452.0
43.0,-248.0,397.0
45.0,-260.0,384.0
75.0,-276.0,410.0
80.0,-266.0,348.0
75.0,-339.0,340.0
46.0,-363.0,290.0
58.0,-390.0,256.0
58.0,-374.0,256.0
34.0,-389.0,291.0
17.0,-390.0,300.0
-5.0,-388.0,272.0
-50.0,-419.0,256.0
-67.0,-427.0,221.0
-47.0,-408.0,285.0
-32.0,-375.0,301.0
-36.0,-392.0,254.0
25.0,-326.0,334.0
61.0,-280.0,380.0
30.0,-330.0,335.0
81.0,-226.0,412.0
31.0,-406.0,334.0
46.0,-339.0,353.0
80.0,-276.0,395.0
31.0,-330.0,319.0
61.0,-299.0,379.0
41.0,-327.0,334.0
17.0,-326.0,349.0
57.0,-309.0,339.0
46.0,-325.0,367.0
33.0,-324.0,338.0
26.0,-346.0,315.0
26.0,-344.0,333.0
29.0,-355.0,368.0
16.0,-427.0,415.0
-,-,-
25.0,-263.0,418.0
82.0,-407.0,291.0
97.0,-326.0,380.0
77.0,-311.0,350.0
47.0,-295.0,346.0
91.0,-249.0,349.0
26.0,-372.0,349.0
48.0,-298.0,335.0
10.0,-371.0,287.0
26.0,-376.0,285.0
1.0,-394.0,253.0
-17.0,-412.0,242.0
-6.0,-390.0,234.0
-19.0,-420.0,254.0
-32.0,-407.0,268.0
-54.0,-421.0,210.0
-65.0,-425.0,191.0
-49.0,-389.0,259.0
-63.0,-418.0,227.0
-37.0,-393.0,269.0
14.0,-346.0,300.0
16.0,-346.0,303.0
31.0,-313.0,304.0
74.0,-310.0,383.0
90.0,-312.0,382.0
145.0,-247.0,396.0
109.0,-262.0,322.0
126.0,-262.0,381.0
95.0,-310.0,364.0
78.0,-313.0,337.0
108.0,-297.0,347.0
63.0,-330.0,347.0
62.0,-325.0,322.0
41.0,-339.0,320.0
48.0,-355.0,301.0
59.0,-330.0,331.0
58.0,-341.0,319.0
-,-,-
10.0,-308.0,367.0
113.0,-420.0,337.0
49.0,-282.0,395.0
92.0,-250.0,387.0
73.0,-250.0,428.0
59.0,-248.0,418.0
31.0,-294.0,378.0
26.0,-311.0,322.0
26.0,-344.0,335.0
-4.0,-378.0,270.0
-2.0,-373.0,282.0
-20.0,-390.0,274.0
-17.0,-403.0,253.0
-33.0,-392.0,239.0
-70.0,-426.0,236.0
-55.0,-403.0,271.0
-69.0,-391.0,284.0
-52.0,-377.0,284.0
-38.0,-359.0,322.0
-38.0,-374.0,276.0
-7.0,-346.0,306.0
-6.0,-339.0,332.0
16.0,-312.0,353.0
45.0,-309.0,323.0
-3.0,-389.0,320.0
46.0,-310.0,337.0
90.0,-266.0,346.0
62.0,-343.0,332.0
58.0,-267.0,366.0
92.0,-310.0,349.0
90.0,-313.0,395.0
111.0,-267.0,348.0
89.0,-325.0,348.0
80.0,-310.0,337.0
62.0,-328.0,302.0
41.0,-361.0,320.0
75.0,-311.0,335.0
74.0,-328.0,352.0
74.0,-324.0,349.0
-,-,-
-4.0,-372.0,527.0
61.0,-293.0,415.0
113.0,-230.0,400.0
81.0,-291.0,363.0
94.0,-268.0,395.0
62.0,-309.0,350.0
59.0,-325.0,336.0
47.0,-358.0,305.0
26.0,-377.0,290.0
29.0,-394.0,270.0
-20.0,-426.0,224.0
-3.0,-395.0,210.0
28.0,-346.0,288.0
-37.0,-428.0,210.0
-4.0,-379.0,258.0
-22.0,-409.0,285.0
-85.0,-419.0,212.0
-19.0,-390.0,321.0
-3.0,-340.0,317.0
-18.0,-362.0,271.0
28.0,-342.0,348.0
31.0,-312.0,350.0
75.0,-308.0,339.0
29.0,-360.0,302.0
110.0,-283.0,419.0
107.0,-276.0,364.0
27.0,-355.0,304.0
49.0,-324.0,337.0
76.0,-309.0,349.0
43.0,-347.0,350.0
106.0,-282.0,381.0
76.0,-311.0,349.0
94.0,-292.0,287.0
79.0,-330.0,317.0
16.0,-373.0,274.0
28.0,-359.0,286.0
-,-,-
-118.0,-424.0,499.0
91.0,-266.0,431.0
47.0,-267.0,401.0
63.0,-275.0,350.0
93.0,-280.0,399.0
45.0,-329.0,333.0
46.0,-330.0,317.0
63.0,-344.0,319.0
15.0,-408.0,257.0
48.0,-358.0,271.0
-2.0,-425.0,238.0
11.0,-404.0,239.0
12.0,-363.0,273.0
-54.0,-421.0,209.0
-71.0,-419.0,225.0
-38.0,-377.0,286.0
-67.0,-418.0,244.0
-48.0,-394.0,289.0
-51.0,-259.0,299.0
-55.0,-392.0,260.0
10.0,-310.0,334.0
15.0,-388.0,304.0
105.0,-308.0,337.0
63.0,-327.0,338.0
73.0,-312.0,365.0
90.0,-293.0,354.0
76.0,-325.0,353.0
43.0,-313.0,352.0
76.0,-294.0,353.0
60.0,-313.0,366.0
96.0,-291.0,385.0
59.0,-315.0,337.0
45.0,-344.0,291.0
34.0,-343.0,306.0
-,-,-
-161.0,-457.0,547.0
78.0,-275.0,415.0
65.0,-248.0,366.0
32.0,-277.0,400.0
75.0,-252.0,415.0
60.0,-291.0,379.0
42.0,-309.0,338.0
44.0,-373.0,252.0
41.0,-379.0,286.0
40.0,-362.0,300.0
18.0,-387.0,257.0
26.0,-374.0,300.0
-3.0,-387.0,268.0
-7.0,-374.0,259.0
0.0,-356.0,316.0
-23.0,-388.0,288.0
-67.0,-406.0,251.0
-51.0,-403.0,270.0
-50.0,-391.0,283.0
-33.0,-391.0,284.0
27.0,-362.0,288.0
28.0,-330.0,332.0
-4.0,-374.0,273.0
48.0,-307.0,346.0
50.0,-330.0,353.0
62.0,-299.0,402.0
108.0,-263.0,368.0
46.0,-328.0,350.0
59.0,-306.0,352.0
92.0,-312.0,355.0
96.0,-275.0,387.0
96.0,-267.0,388.0
66.0,-299.0,384.0
59.0,-324.0,290.0
42.0,-331.0,364.0
41.0,-341.0,317.0
