-,-,-
193.1,-150.7,917.9
363.1,-300.3,861.0
459.8,-365.2,898.9
418.1,-300.0,919.0
281.0,-184.3,851.9
186.8,-92.8,911.4
110.2,-30.2,884.1
53.6,21.4,896.5
-40.5,119.7,1021.8
-109.0,217.3,1064.7
-142.9,273.9,1169.4
-177.1,255.3,1193.1
-181.7,181.7,1139.2
-253.2,148.1,1142.1
-216.3,73.4,1093.1
-120.1, 4.5,1028.2
-105.4,42.1,975.7
 1.4,13.3,947.5
41.5,32.0,935.4
79.5,59.5,941.3
102.9,52.8,919.2
93.8,103.8,929.9
176.6,48.1,923.0
142.4,75.0,914.1
153.0,99.7,942.9
184.3,76.2,931.0
94.7,132.6,909.2
91.4,154.6,917.4
94.8,194.3,910.1
104.5,260.1,900.7
159.1,276.0,889.4
182.1,274.2,877.8
137.2,328.5,886.7
193.4,247.7,847.4
201.6,171.3,848.9
92.7,149.0,939.3
122.2,-38.9,986.6
69.8,-167.0,1080.3
-96.3,-247.4,1134.9
-165.9,-348.1,1114.7
-147.1,-371.4,1086.5
-88.5,-352.0,995.1
-88.5,-235.0,967.7
-61.3,-137.3,973.9
20.0,-104.9,984.3
70.2,-96.0,981.3
95.9,-86.4,985.5
-,-,-
332.4,-106.3,987.2
419.9,-187.2,986.8
428.3,-250.7,968.1
290.3,-188.4,927.8
190.2,-181.7,795.2
93.5,-125.2,877.2
-2.5,-43.0,964.7
-44.7,-16.5,923.3
-172.3,107.8,972.1
-142.9,146.8,1038.9
-86.9,165.4,1146.5
-141.0,199.9,1262.5
-163.8,144.9,1238.7
-193.9,69.9,1158.9
-183.0,-27.8,1071.8
-94.5,-150.9,1015.5
-78.8,-183.0,968.7
-83.7,-129.4,917.6
-82.5,-28.6,887.7
-1.7, 0.8,902.5
39.4,57.0,885.7
51.6,133.4,901.0
128.4,115.2,920.4
133.8,145.8,926.9
185.9,140.5,944.7
252.3,101.7,916.9
241.4,141.5,929.3
249.3,152.0,944.1
200.1,205.1,898.1
184.0,280.0,903.5
260.8,313.1,915.8
342.6,278.1,898.7
303.4,262.9,895.5
223.1,242.5,900.4
180.2,152.7,936.1
97.2,61.1,961.8
37.8,-60.3,1000.6
 9.7,-247.5,996.4
-21.1,-394.6,1005.6
-84.5,-419.4,1091.5
-129.6,-409.7,1094.9
-124.5,-330.0,1087.1
-,-,-
360.6,-211.9,945.3
562.9,-401.5,929.3
624.8,-499.0,858.1
567.5,-444.0,836.4
271.7,-158.9,828.0
-15.7,77.9,874.2
-136.7,191.9,939.1
-246.3,343.0,994.6
-267.6,376.5,1121.5
-270.1,384.5,1257.5
-166.6,289.9,1326.2
-96.2,158.4,1228.7
-203.8,84.7,1088.4
-313.4,51.7,999.4
-225.5,-104.4,954.7
-239.1,-30.2,958.7
-155.5,62.0,961.0
109.4,-39.0,914.6
176.0,88.2,916.8
303.4,128.4,901.6
364.8,123.8,859.2
349.9,165.1,901.2
372.0,127.9,946.8
324.8,142.1,959.2
332.9,159.3,970.5
346.3,199.6,961.5
335.8,216.1,946.1
313.5,189.2,931.2
209.0,199.6,946.3
118.1,153.6,924.8
68.4,33.1,855.1
-23.5,-66.1,809.7
-104.5,-177.6,889.8
-179.5,-307.2,1011.7
-268.8,-373.5,1098.1
-236.9,-418.0,1123.3
-203.6,-351.0,1083.9
-168.5,-255.1,1038.3
-38.5,-237.7,959.9
-,-,-
565.5,-419.5,988.3
679.4,-571.8,864.1
603.4,-456.6,865.8
414.3,-231.7,823.9
217.8,-36.3,742.4
102.0,177.9,742.1
-32.8,427.8,842.2
-189.6,589.6,1029.0
-279.7,605.2,1155.1
-292.9,551.0,1252.8
-207.6,392.1,1286.4
-168.6,291.8,1185.6
-176.2,214.7,1055.7
-170.6,102.2,945.6
-219.0,96.4,920.2
-170.7,71.2,877.0
-137.9,153.4,904.6
-56.6,170.1,957.3
48.8,121.7,860.3
126.6,177.4,851.0
293.4,126.8,862.8
376.8,141.0,882.0
431.6,138.1,952.8
430.4,76.7,965.6
338.6,112.0,975.9
282.0,147.3,992.4
297.8,206.4,994.2
372.3,257.2,947.0
405.3,327.3,910.7
412.6,348.5,906.4
382.5,295.6,883.9
284.8,251.4,880.3
159.8,167.9,842.1
67.7,56.7,848.9
-14.3,-67.2,890.2
-93.3,-175.7,988.5
-173.3,-301.9,1028.0
-234.1,-389.5,1001.5
-253.1,-372.0,1051.0
-236.0,-265.3,1087.0
-153.6,-166.8,1014.5
-,-,-
547.5,-479.9,984.8
699.9,-610.5,935.7
712.1,-524.6,872.0
481.9,-184.4,841.4
234.0,188.1,751.3
-21.2,561.1,805.0
-252.9,747.1,986.6
-350.2,714.0,1062.7
-283.7,566.9,1139.8
-172.0,413.5,1157.7
-90.9,305.6,1153.7
-45.5,210.3,1123.0
-175.0,175.9,1049.2
-275.6,124.6,949.4
-278.7,117.3,928.1
-223.5,137.3,932.5
-31.5,57.5,850.6
42.0,138.7,849.8
230.0,134.7,896.8
393.9,40.1,815.1
345.7,126.3,861.9
427.4,66.8,959.2
402.4,56.8,999.0
304.5,122.5,1044.1
267.3,88.2,997.7
165.5,130.5,973.0
166.2,140.9,978.6
179.2,161.1,956.6
236.4,189.6,941.3
325.2,202.8,886.1
379.2,231.4,848.2
424.5,279.1,899.2
426.0,287.1,899.8
379.9,243.8,891.0
288.1,177.6,894.1
240.5,-34.0,824.3
61.1,-151.5,889.6
-178.0,-155.7,1014.5
-278.0,-212.0,1094.2
-270.0,-264.3,1087.9
-208.2,-283.5,1022.4
-161.2,-218.9,1052.4
-68.0,-176.4,1046.5
37.0,-143.9,1008.0
99.2,-117.5,992.3
-,-,-
89.6,-4.0,946.6
84.4,-2.6,956.4
89.3, 0.6,973.2
86.4,-2.7,979.8
79.1,-9.4,976.9
91.2,-13.0,971.6
88.2,-12.7,947.5
84.3,-8.1,933.9
79.4, 6.0,943.9
85.0,-0.6,945.8
199.8,-91.8,935.3
437.7,-345.3,923.7
767.4,-649.4,1011.1
958.9,-660.4,1010.3
776.7,-333.4,830.7
402.4,134.0,744.3
52.9,586.4,809.6
-203.6,827.3,862.1
-312.3,834.6,933.9
-324.4,724.5,1039.1
-148.7,477.0,1066.7
21.7,273.6,1070.2
112.3,126.5,1037.2
167.0,21.7,998.7
155.8,-8.0,992.2
85.7,12.1,970.4
59.4,25.0,990.4
21.6,44.5,1021.2
-91.7,123.4,1009.3
-136.4,181.2,994.4
-141.8,207.7,1044.2
-168.2,216.4,1029.8
-172.3,225.9,971.3
-72.5,138.0,921.4
 5.1,121.8,833.9
113.7,142.0,851.7
324.8,15.6,890.4
383.1,-4.5,887.0
420.6,-33.9,939.1
421.2,-87.3,958.2
326.4,-39.7,972.6
257.7,-1.1,988.3
188.4,32.9,964.2
149.1,54.6,927.5
148.8,78.0,926.6
188.3,102.4,940.5
203.3,157.8,935.7
230.5,211.4,912.9
308.5,226.4,905.6
368.7,249.1,930.2
432.2,232.7,958.7
444.8,183.2,971.0
374.6,124.2,898.4
275.4,37.7,844.9
108.5,-104.4,832.5
-182.3,-207.7,908.4
-400.5,-291.1,1166.3
-304.7,-393.2,1220.8
-161.7,-389.2,1019.4
-178.7,-262.4,936.2
-170.9,-99.0,956.0
-114.5,-26.5,975.6
-21.7,-41.8,937.7
12.0,-44.7,936.9
43.3,-57.6,952.5
46.5,-43.3,968.8
18.6,-9.2,980.0
-,-,-
77.5,-26.5,966.1
79.8,-28.7,964.3
87.2,-37.6,961.0
81.6,-32.0,973.4
78.5,-26.7,980.5
90.3,-34.4,970.5
91.2,-35.8,959.6
82.6,-30.8,958.5
85.3,-29.5,960.0
86.1,-26.7,953.4
97.1,-35.6,948.4
180.5,-83.3,962.7
336.5,-224.0,954.3
557.2,-445.7,945.6
770.1,-590.8,914.1
782.6,-509.1,781.2
593.2,-182.5,728.3
347.7,175.8,773.5
42.0,494.5,849.9
-274.8,763.3,959.9
-403.0,785.4,1063.0
-320.0,622.2,1134.9
-118.5,403.3,1130.0
84.6,151.9,1079.0
116.1,44.8,1030.8
33.4,44.2,1014.0
-13.0,29.1,1053.6
-39.4,-13.6,1076.8
-168.3,81.0,1032.4
-201.1,111.9,961.8
-197.7,133.0,904.3
-165.1,167.5,883.4
-4.6,94.8,832.9
58.4,145.1,826.2
214.9,137.1,859.1
338.2,118.0,904.4
367.1,127.0,967.8
386.6,77.0,986.7
331.3,72.3,977.9
279.6,70.3,971.9
221.2,88.9,970.7
180.0,140.3,963.5
223.4,168.8,954.7
329.3,192.7,934.5
400.4,245.8,900.8
435.6,290.0,877.3
433.9,276.1,859.6
383.2,182.1,863.5
295.0,57.0,915.0
107.7,-36.4,922.5
-77.9,-123.2,981.1
-300.0,-107.6,1133.2
-416.7,-64.3,1199.6
-271.0,-117.6,1179.2
-133.6,-130.2,1052.2
-71.1,-91.4,951.2
37.3,-69.2,897.1
99.0,-25.0,905.1
134.8, 9.5,982.4
184.6,-5.1,986.2
194.4,-0.3,1008.1
166.6,30.5,995.8
147.5,36.7,959.6
150.4, 0.1,935.9
140.1, 2.3,929.6
142.9,-7.9,963.0
-,-,-
283.0,-233.2,913.7
578.7,-556.7,918.9
767.6,-686.3,938.4
666.8,-455.8,887.7
489.9,-182.9,822.1
301.5,147.8,813.1
140.0,389.7,818.2
-45.9,571.7,885.8
-200.1,712.5,1083.8
-169.4,604.2,1184.4
-77.3,422.5,1177.7
24.4,237.7,1139.2
101.4,71.3,1045.4
90.5, 8.3,988.9
20.2,11.4,981.3
-42.8,22.1,1007.9
-103.6,39.9,1041.0
-103.8,23.4,1028.8
-89.8,37.5,992.8
-71.1,68.7,950.9
22.6,29.3,914.7
115.2,41.9,920.7
241.3,18.8,925.1
299.2,-9.2,881.8
307.7,46.5,902.2
394.6,-6.9,940.2
340.6, 2.4,957.0
290.6,36.7,973.9
277.5,22.5,962.8
214.0,72.0,965.5
205.7,68.0,956.4
188.4,75.5,945.6
173.3,96.1,939.6
183.5,111.2,936.7
256.9,130.0,944.3
363.7,153.5,930.3
412.1,180.8,876.5
417.3,210.2,918.4
405.1,208.4,963.8
373.8,161.2,944.1
311.8,102.2,959.4
226.3, 0.3,898.8
123.7,-142.6,851.1
-116.0,-218.1,903.2
-291.6,-255.6,1009.5
-305.7,-314.5,1105.6
-215.7,-341.6,1107.7
-100.1,-319.1,1002.6
-97.5,-226.2,913.4
-67.3,-119.2,895.4
20.6,-87.3,936.2
76.9,-87.8,977.8
102.3,-74.3,986.0
133.8,-83.6,968.4
129.2,-87.3,969.0
97.3,-62.5,945.7
107.6,-67.5,962.4
116.8,-84.4,977.2
94.7,-74.1,936.6
-,-,-
187.9,-68.1,974.6
429.0,-354.1,1018.0
713.1,-698.2,1009.7
894.1,-803.8,905.1
747.1,-462.1,824.8
468.8,42.4,752.3
263.1,397.2,749.8
 8.4,708.5,845.7
-235.1,891.1,993.6
-345.6,822.0,1100.7
-254.3,571.3,1086.4
-83.5,317.0,1116.9
-1.3,139.5,1123.7
-69.8,107.4,1114.2
-138.8,103.7,1106.8
-173.4,83.6,1064.1
-187.5,95.8,998.2
-94.4,48.6,932.0
-57.6,97.8,924.8
14.9,95.7,892.3
145.3,49.9,789.1
266.6,77.2,844.6
427.3,18.6,957.1
464.6,-10.1,946.6
428.1,-7.5,938.3
384.4,-3.8,973.3
318.5,14.7,968.1
274.1,26.3,930.4
234.5,78.3,949.0
271.6,117.8,974.3
355.7,130.4,936.5
399.0,168.4,886.7
414.5,211.1,878.1
407.1,223.0,905.0
334.9,225.0,917.0
248.3,187.8,892.4
204.3,95.5,882.8
129.2,-0.5,847.2
37.4,-115.1,853.5
-104.2,-242.3,1007.9
-179.9,-326.3,1136.9
-55.8,-410.1,1144.5
-33.3,-399.9,1028.7
-88.0,-277.2,959.6
-45.8,-182.1,975.2
-28.7,-67.4,954.6
30.6,-2.9,977.5
103.8,-19.4,1000.8
122.0,-26.6,983.3
200.7,-77.9,987.3
-,-,-
105.1,-42.2,976.0
97.7,-37.0,967.9
98.3,-37.5,963.8
105.5,-37.9,961.2
115.6,-52.6,942.9
183.4,-122.8,926.3
368.4,-289.8,898.4
662.8,-544.7,855.1
795.5,-569.0,814.7
724.2,-362.3,788.0
556.0,-79.1,804.3
350.4,186.9,887.4
119.9,408.7,916.4
-111.4,577.4,959.6
-257.2,616.4,1052.9
-293.2,542.9,1112.1
-195.5,381.7,1143.3
-69.0,235.2,1175.7
-15.5,140.5,1162.4
-80.9,94.8,1110.0
-124.0,51.7,1018.5
-125.4,43.6,953.6
-61.0,-24.7,927.9
-37.1, 4.7,934.1
24.3,21.6,933.9
90.9,-36.6,812.8
93.3,48.0,818.3
254.2,41.1,907.0
322.2,66.1,929.9
299.5,137.7,983.5
334.1,87.7,985.7
282.8,115.5,983.3
234.6,131.4,996.7
214.0,116.7,979.0
183.1,139.9,969.7
183.8,156.0,941.8
209.5,179.8,904.2
287.3,201.7,896.0
371.2,194.6,888.7
409.7,193.8,895.5
380.7,215.6,927.6
318.2,197.0,934.6
258.9,135.7,920.6
192.6,62.0,905.8
107.2,-29.6,873.8
 8.8,-124.5,874.4
-112.1,-214.9,913.3
-158.8,-302.1,1032.0
-149.7,-341.1,1101.3
-107.3,-329.5,1097.5
-18.0,-305.1,1077.0
 8.3,-221.5,980.2
46.7,-143.4,951.7
72.5,-107.5,949.6
115.7,-97.6,924.4
-,-,-
82.5,-32.9,972.8
74.4,-33.7,948.3
80.1,-34.5,953.7
78.1,-23.7,968.0
78.1,-32.6,961.7
86.3,-52.0,942.5
106.6,-68.5,926.9
172.0,-106.0,922.2
385.1,-276.8,892.9
645.9,-531.6,822.9
770.5,-555.6,829.4
684.7,-336.4,846.9
519.0,-118.4,848.1
357.1,94.9,849.1
143.9,340.9,899.8
-62.6,521.4,1007.5
-204.2,578.9,1100.7
-265.4,532.8,1112.5
-186.8,383.2,1107.5
-31.4,205.2,1115.9
 3.8,144.3,1092.0
-21.5,101.6,1067.9
-98.7,63.8,1052.0
-187.9,49.4,1005.5
-174.5, 1.7,957.4
-142.4,41.1,976.1
-26.9,-8.8,944.0
-2.1,31.2,918.5
45.3,100.7,942.0
248.4,-27.1,882.7
258.1,24.2,884.0
295.9,67.8,927.0
350.6,36.5,919.6
293.7,63.3,943.3
277.2,48.3,942.1
234.5,63.3,951.7
176.3,90.5,980.2
139.6,101.2,985.7
112.7,113.9,975.2
122.0,115.2,969.6
137.0,146.7,953.4
172.6,169.6,925.2
247.6,200.8,941.1
322.5,211.1,951.2
341.3,220.4,932.9
321.1,240.3,939.4
278.6,224.4,921.2
190.9,221.5,921.8
137.1,157.6,929.9
122.9,10.2,889.4
81.3,-134.8,828.0
 5.1,-161.8,927.7
-77.0,-130.9,1063.0
-68.6,-157.3,1069.1
-47.8,-193.7,1065.1
-70.4,-218.2,1004.9
-53.1,-211.7,964.8
-60.6,-168.3,996.5
-64.7,-89.3,1000.3
 0.1,-51.2,1032.3
52.9,-50.2,995.8
83.8,-39.5,964.4
126.9,-39.0,980.3
-,-,-
88.7,-20.9,962.4
86.0,-13.9,969.0
85.9,-18.6,960.9
97.8,-36.1,953.9
150.4,-84.2,960.3
261.3,-188.4,960.9
365.8,-268.6,934.5
466.7,-312.0,911.0
514.6,-237.8,923.4
554.2,-159.6,918.2
491.0,-101.9,870.8
346.0,-57.5,805.6
271.1,-55.8,768.6
78.9,117.5,807.8
-137.6,368.7,905.5
-277.1,520.6,1132.5
-320.9,527.6,1283.6
-213.8,406.3,1281.7
-85.9,248.2,1232.5
-18.9,84.2,1155.0
-73.8, 6.1,1085.0
-146.0,-15.5,978.5
-204.4,63.9,942.7
-143.4,74.4,908.1
-47.7,76.7,830.6
38.3,121.5,841.7
210.3,53.8,834.0
272.7,62.3,843.0
293.6,123.4,891.2
359.4,96.7,917.7
315.5,140.1,945.4
280.2,172.7,978.8
301.9,152.7,1001.4
282.4,163.5,1003.4
270.7,184.3,988.8
303.9,187.4,958.2
328.6,194.1,947.8
329.3,197.4,930.5
339.1,209.5,928.9
303.1,225.7,920.3
190.4,254.7,908.9
157.4,217.1,888.2
191.0,140.8,889.8
143.2,88.4,911.4
77.7,-36.7,866.5
 9.2,-153.7,811.5
-18.0,-238.9,843.0
-101.0,-236.1,1006.7
-208.1,-171.7,1080.9
-167.7,-153.1,1088.7
-126.9,-137.1,1111.3
-121.6,-108.6,1022.4
-62.1,-77.6,1008.3
-64.2,-18.4,1018.4
-42.3,13.5,992.5
 9.7,12.5,1029.9
-5.7,52.1,1031.8
-30.6,80.4,1019.1
99.7,-53.9,966.2
-,-,-
117.7,-44.9,965.1
209.4,-108.5,972.4
353.9,-283.1,930.9
473.2,-379.0,909.5
711.6,-525.0,806.3
792.9,-528.7,732.2
652.6,-311.4,809.2
365.8,82.9,844.2
69.7,411.0,822.0
-165.3,578.8,925.9
-352.0,635.9,1141.2
-393.4,537.4,1213.7
-298.4,397.2,1234.1
-146.4,217.9,1232.5
-114.4,102.0,1160.1
-144.7,26.2,992.0
-212.6,68.9,965.9
-127.8,14.9,969.4
-36.8,11.7,928.2
45.0,53.2,941.7
185.8,-60.8,834.5
175.2,49.0,801.3
296.1,100.5,930.5
427.9,11.3,925.7
364.1,102.0,952.0
371.9,88.1,1001.9
346.8,64.4,960.8
280.9,110.3,955.2
280.1,109.2,939.3
272.9,160.6,941.8
323.0,178.9,927.5
336.4,230.5,901.1
367.2,258.9,889.7
398.5,221.1,879.4
369.4,209.2,910.1
347.9,135.1,942.2
303.1,14.9,938.0
213.8,-42.1,970.2
114.4,-114.1,937.6
-33.8,-155.7,881.6
-159.0,-189.4,873.5
-147.3,-255.4,919.6
-147.2,-238.2,1060.4
-101.6,-223.9,1062.5
-50.2,-162.8,1063.2
-90.3,-66.4,1113.4
-10.7,-74.8,1002.1
78.2,-66.5,941.9
-,-,-
121.9,-71.9,962.7
113.5,-59.8,966.4
118.5,-62.8,966.1
122.0,-69.4,955.8
159.4,-90.9,959.3
256.1,-157.2,954.1
410.0,-282.3,906.5
612.6,-483.9,802.9
757.5,-570.7,721.9
745.9,-460.0,705.8
588.8,-271.7,708.4
344.5,34.4,752.2
59.7,383.0,920.7
-211.2,581.5,1073.3
-345.7,602.9,1144.9
-318.1,495.3,1206.4
-216.0,370.2,1239.8
-42.8,210.5,1204.4
57.6,69.6,1149.2
10.6, 0.2,1068.9
-91.3,-13.4,978.4
-172.2,41.5,982.0
-166.1,39.0,983.0
-189.0,93.1,987.7
-156.7,125.4,950.9
-18.3,22.1,851.4
82.9,33.1,886.1
202.0, 9.3,916.1
218.4,25.0,918.0
233.6,59.0,938.3
260.5, 4.1,956.1
212.7,16.6,964.9
240.7,-33.6,963.4
211.1,-63.4,953.6
124.3, 1.0,990.3
112.8, 7.8,1003.4
95.2,37.2,990.1
112.6,58.4,983.4
161.2,70.6,975.7
225.7,118.6,971.3
297.8,155.9,952.4
336.2,158.8,909.2
353.8,133.9,879.4
306.4,148.4,907.6
265.0,99.8,896.9
208.8,-7.7,840.0
35.7,-52.1,835.3
-134.9,-128.5,864.9
-231.4,-214.9,1023.1
-231.9,-266.5,1251.0
-156.7,-341.0,1209.9
-86.4,-377.9,1052.2
-72.3,-280.5,975.1
-48.0,-201.7,927.3
40.3,-181.9,948.8
105.4,-139.8,990.3
124.4,-92.7,999.6
144.1,-78.1,981.4
-,-,-
94.3,-43.8,974.7
102.2,-57.0,967.7
100.4,-64.5,955.9
98.9,-56.8,960.2
100.2,-63.1,960.7
109.7,-74.4,949.0
109.7,-70.5,942.5
106.4,-60.3,956.3
116.6,-62.4,968.5
115.3,-60.2,958.9
140.5,-71.8,952.8
196.7,-120.0,923.9
271.2,-195.3,911.6
388.0,-305.7,909.0
507.6,-441.5,859.3
553.9,-503.1,820.5
531.9,-459.9,806.7
436.4,-355.2,749.1
368.1,-227.2,697.8
307.4,-43.8,732.8
126.5,195.9,816.9
-33.0,384.9,980.2
-92.4,449.0,1149.7
-86.0,442.0,1231.2
-36.2,394.7,1259.0
28.8,279.6,1232.7
-3.6,229.5,1141.1
-72.5,162.7,1057.5
-116.4,105.4,970.8
-97.9,78.9,962.8
-63.0,31.4,936.4
-15.2,14.0,912.5
84.7, 5.4,945.3
169.0,-30.6,903.7
188.3,23.1,890.3
272.7,26.2,929.6
368.8,-61.8,926.3
321.7,-29.0,928.9
307.0,-11.3,942.0
290.1,-20.9,945.9
207.6,41.0,946.7
211.7,37.3,936.7
238.5,31.8,935.9
275.6,60.3,939.5
350.6,73.7,928.3
366.6,130.0,944.1
416.5,150.8,957.6
449.8,183.5,942.9
449.7,173.3,908.5
421.2,141.5,916.5
296.5,138.7,874.4
194.3,26.1,778.2
86.6,-100.8,785.0
-133.7,-173.1,874.6
-271.3,-313.9,1080.0
-293.9,-496.1,1162.4
-281.4,-564.4,1049.6
-254.4,-444.6,1092.5
-151.5,-280.8,1123.0
-,-,-
45.8,-66.6,959.9
33.0,-58.6,957.4
27.6,-59.9,954.9
28.4,-57.9,947.9
65.4,-78.2,930.1
194.6,-175.3,912.5
343.0,-281.5,891.4
590.1,-522.9,868.5
704.8,-594.1,850.1
619.9,-428.2,747.8
420.3,-132.2,697.4
171.7,180.6,800.1
-35.4,414.4,964.4
-187.5,542.6,1173.8
-245.6,515.9,1313.5
-214.4,420.4,1368.3
-158.3,319.0,1327.2
-142.9,201.6,1224.3
-185.2,170.2,1078.2
-76.8,25.2,1003.0
-9.1,-61.1,946.6
-36.5,-2.4,909.9
77.6,-67.4,860.2
101.2,-14.3,873.3
153.2,18.5,930.3
258.8,-55.8,849.0
178.3,121.7,876.4
242.5,145.9,936.3
343.5,56.0,885.8
297.6,120.8,936.9
311.8,90.2,955.0
280.4,96.6,932.9
269.2,118.8,956.8
334.1,103.4,979.1
359.8,169.1,994.1
419.7,181.6,942.4
432.9,221.2,933.3
395.1,286.2,938.1
378.6,283.2,906.5
338.5,282.9,907.8
316.4,184.1,866.7
187.7,29.5,771.9
-73.3,-115.9,758.2
-333.6,-307.5,862.8
-464.6,-512.3,989.1
-398.4,-631.4,1091.0
-318.9,-510.6,1157.4
-290.6,-254.1,1078.9
-,-,-
-1945.1,-2032.3,-1534.0
-158.8,-323.9,689.4
84.1,-131.0,946.7
186.5,-201.1,916.4
318.2,-298.2,916.8
479.6,-448.0,861.1
579.5,-587.8,753.7
503.8,-492.4,791.0
365.4,-300.3,820.9
229.0,-121.4,777.7
182.2,47.8,872.2
59.7,271.2,984.9
-82.8,433.5,1123.5
-171.2,456.2,1257.7
-270.6,449.9,1335.5
-304.4,353.7,1303.5
-319.7,251.1,1254.3
-290.9,148.9,1144.4
-228.5,-11.4,969.5
-207.3,-23.0,932.7
-108.8,-20.7,934.8
-61.4,29.0,884.1
27.1,72.2,902.7
193.4,-54.6,877.6
257.4,-38.9,901.6
345.7,-24.6,959.2
316.2,-44.9,940.0
224.6,11.5,926.5
232.9,20.3,906.7
199.7,64.6,875.1
208.5,125.0,885.1
280.3,161.5,924.9
331.9,221.3,973.9
449.5,199.4,986.6
464.7,245.3,992.1
412.9,205.9,953.6
316.3,124.9,926.1
172.1,-17.6,896.7
83.7,-271.3,891.1
-132.9,-390.0,849.1
-302.8,-430.2,821.6
-291.8,-471.6,1082.8
-360.2,-334.7,1213.5
-400.6,-207.2,1052.7
-307.9,-215.0,970.3
-163.3,-217.1,937.5
-21.2,-167.2,999.6
50.5,-99.8,1057.9
-,-,-
391.2,-309.2,933.9
551.4,-462.4,873.4
641.8,-570.2,776.9
610.8,-502.7,842.7
479.1,-315.6,871.2
311.5,-104.8,807.7
142.5,134.2,843.0
14.7,267.3,881.9
-94.2,326.7,976.3
-191.7,374.9,1114.6
-243.2,343.1,1232.9
-258.6,241.9,1297.1
-243.3,107.2,1217.8
-254.0,24.2,1154.0
-249.1,-66.4,1059.7
-264.8,-33.5,998.8
-177.2,-30.0,1008.3
-87.3,-55.7,944.0
-41.6,56.4,936.4
109.9,14.9,885.9
170.2,34.3,845.5
225.1,108.6,904.3
334.7, 3.6,909.6
304.2,-0.8,906.1
257.6,55.3,927.5
241.5,79.4,926.4
238.1,99.2,898.4
261.0,129.8,909.9
332.6,194.7,966.4
423.4,170.6,942.6
447.6,155.8,963.1
396.7,217.3,1003.1
339.6,166.9,952.8
255.7,101.6,954.4
179.6,24.0,927.3
129.8,-175.7,887.9
-50.0,-305.1,825.1
-173.6,-394.1,875.6
-237.2,-440.3,994.6
-283.9,-398.5,996.8
-246.7,-365.3,1076.7
-208.0,-352.4,1065.1
-137.4,-322.9,948.2
-79.0,-251.4,927.5
10.1,-221.6,956.7
-,-,-
655.6,-684.2,809.5
823.3,-743.4,765.8
695.1,-502.3,786.7
423.7,-183.0,867.2
147.4,176.4,941.6
-63.4,409.8,1001.1
-177.0,473.3,1078.0
-143.1,407.6,1102.5
-62.9,309.8,1098.8
-77.5,281.8,1131.7
-116.6,260.6,1147.4
-149.2,150.1,1099.6
-201.5,42.2,1088.7
-214.3,-66.7,1098.0
-193.2,-153.8,1011.0
-185.6,-74.9,1033.7
-98.0,-64.4,999.8
16.4,-86.2,897.2
150.6,-55.6,921.4
229.2,-49.9,895.9
243.9,50.2,899.8
318.2,71.1,922.0
309.7,41.7,906.0
331.5,-0.3,855.9
336.1,-37.7,861.3
250.7,73.3,906.5
318.2,129.9,922.1
370.3,183.9,939.0
420.6,249.7,996.6
501.9,228.0,1008.5
481.1,161.1,881.1
392.6,117.6,912.6
288.5,-22.8,917.8
158.4,-221.5,868.8
-22.2,-362.4,911.7
-160.5,-502.0,955.0
-253.0,-555.2,983.2
-299.4,-518.6,907.9
-200.6,-541.3,941.8
-145.2,-508.2,1006.1
-145.2,-368.8,959.9
-82.3,-280.7,952.3
-44.3,-218.9,966.0
 2.7,-182.9,988.8
-,-,-
448.3,-394.9,884.7
512.1,-432.6,787.4
501.4,-427.1,694.2
434.9,-357.8,744.1
403.3,-270.4,921.4
282.6,-121.2,972.0
104.3,41.5,965.8
-76.8,183.3,996.3
-232.1,315.7,1110.5
-266.0,291.7,1250.6
-247.5,210.6,1288.9
-144.6,80.9,1173.4
-47.7,-14.7,1066.9
-4.9,-75.6,1005.2
-78.6,-97.0,999.9
-174.4,-102.6,1017.0
-211.9,-121.3,1047.7
-176.9,-163.8,1008.1
-185.1,-67.9,975.0
-108.6,-32.9,989.5
55.6,-137.7,934.7
160.7,-101.2,954.4
234.9,-32.3,974.1
246.0,31.5,927.5
269.4,66.6,888.5
296.3,34.7,846.8
236.9,52.8,872.5
194.4,68.2,913.6
131.8,131.6,929.8
149.7,184.8,967.7
281.8,152.5,967.9
349.6,177.7,976.9
331.9,255.9,1022.1
307.1,240.9,973.4
230.1,226.0,918.6
170.3,159.7,909.1
207.9,-42.3,885.1
132.1,-235.5,871.8
-25.5,-374.0,906.3
-85.7,-576.1,974.9
-153.8,-649.6,1063.5
-249.8,-533.9,1066.6
-236.7,-462.6,1020.7
-188.9,-384.0,931.3
-156.2,-272.1,918.1
-77.9,-210.7,924.5
 0.6,-163.2,975.6
-,-,-
459.7,-459.0,929.9
434.3,-493.5,772.3
403.4,-450.6,771.5
404.1,-320.3,884.6
293.3,-117.5,967.8
199.4,-5.2,944.2
80.5,137.6,937.6
-86.1,261.3,1005.8
-193.4,280.7,1098.6
-230.0,295.8,1212.1
-177.0,165.7,1234.5
-184.6,73.0,1173.7
-194.5,-16.3,1109.0
-169.0,-110.8,1029.7
-168.5,-184.1,1010.3
-177.8,-220.9,938.2
-195.4,-128.3,932.6
-106.5,-148.2,951.1
-73.9,-58.2,888.8
-43.4,115.3,993.6
112.2,36.6,991.3
170.5,61.7,898.0
251.3,107.5,930.0
316.8,45.3,876.3
281.3,64.9,865.4
270.5,66.9,944.3
261.7,49.8,956.6
229.2,94.4,935.7
221.3,128.9,931.9
285.2,155.0,987.4
402.6,188.3,1042.0
474.5,153.0,963.7
441.0,167.9,957.4
400.8,135.0,952.1
336.2,21.3,899.9
169.4,-29.8,941.6
42.2,-169.2,944.4
-82.5,-351.3,913.0
-267.7,-425.5,876.9
-322.0,-482.4,986.1
-339.4,-407.6,1053.0
-315.0,-352.4,967.5
-220.5,-364.0,866.7
-154.8,-315.0,844.2
-64.9,-263.0,937.5
25.5,-233.9,970.5
-,-,-
609.1,-457.1,765.8
493.0,-446.5,669.3
401.3,-433.6,747.7
202.6,-229.8,867.1
66.3,14.2,966.5
-89.4,295.8,1051.8
-225.5,424.3,1172.9
-241.4,352.3,1296.3
-223.9,281.9,1320.8
-123.8,115.1,1285.1
-117.0, 4.7,1179.4
-151.6,-46.7,1098.7
-154.8,-192.4,1067.9
-224.9,-215.0,983.7
-247.3,-156.9,970.0
-159.1,-250.4,922.7
-172.1,-110.4,940.1
-93.2,-36.4,972.2
45.8,-80.5,887.1
96.3,139.5,920.3
272.7,144.9,921.9
403.0,52.9,836.1
405.8,40.3,832.0
381.0,-21.5,889.7
286.1,27.2,977.5
168.5,114.2,992.4
226.5,111.5,986.3
356.4,92.2,1020.9
391.0,134.5,991.6
376.3,176.5,964.8
349.2,149.7,898.0
253.0,96.7,822.4
190.2, 9.9,909.4
137.6,-185.6,917.2
-5.9,-362.1,925.3
-146.0,-538.4,992.9
-219.6,-645.4,1074.3
-189.2,-626.6,1009.0
-143.6,-591.5,895.6
-114.9,-504.7,916.4
-90.0,-387.4,962.9
-70.9,-285.7,949.2
-20.9,-224.9,924.1
22.0,-182.9,945.7
-,-,-
76.3,-29.5,957.5
82.3,-30.7,963.2
82.3,-34.2,962.9
80.7,-32.8,961.6
84.8,-37.9,966.9
81.3,-31.7,968.4
96.4,-36.7,958.0
122.0,-50.2,958.8
169.2,-88.1,968.7
281.9,-196.5,938.5
407.2,-329.4,893.2
497.3,-483.1,772.4
597.8,-584.4,760.1
604.2,-483.6,853.4
489.3,-262.6,788.6
332.0,-82.5,812.1
63.8,232.1,1047.2
-103.1,387.2,1157.9
-228.1,428.5,1231.6
-279.0,405.9,1355.4
-226.2,277.2,1326.3
-189.8,187.3,1133.8
-157.5,71.3,1007.1
-167.6,-41.0,969.5
-218.1,-88.3,1016.6
-226.7,-108.7,1047.7
-179.6,-171.0,984.7
-169.1,-98.5,928.9
-68.0,-48.3,907.2
55.7,-42.5,926.8
110.5,28.0,980.9
187.3,41.8,937.7
249.6,75.5,908.4
320.9,45.4,947.2
318.3,10.4,920.2
266.2,40.9,910.3
265.2,20.4,935.9
221.5,52.5,915.8
180.9,84.8,903.6
205.0,97.6,938.2
238.1,128.3,965.6
282.3,171.0,972.1
341.0,196.4,974.4
369.0,165.5,916.6
360.4,173.0,976.9
332.5,105.6,987.1
250.5,-44.0,907.9
43.4,-133.9,921.4
-104.5,-301.0,923.6
-165.7,-427.2,1005.1
-201.3,-405.1,1045.0
-209.9,-356.3,1055.1
-271.1,-263.1,1057.8
-260.6,-211.5,907.7
-155.9,-259.8,855.4
-134.8,-216.6,888.0
-55.0,-194.4,962.7
23.4,-186.1,1008.6
57.0,-168.8,1011.7
101.4,-172.2,990.0
-,-,-
45.2,-78.0,959.6
50.9,-85.5,961.1
43.4,-68.8,962.4
58.8,-77.0,970.7
48.6,-64.8,969.8
50.0,-64.2,958.9
71.4,-80.1,959.3
75.3,-75.2,957.9
100.9,-92.6,946.3
207.5,-167.9,920.2
382.4,-331.0,874.0
520.8,-473.6,826.4
583.0,-531.4,743.8
568.5,-490.0,713.3
491.8,-353.4,807.1
374.4,-155.5,891.7
271.1,55.7,1008.5
67.9,308.2,1118.7
-165.7,494.5,1289.2
-298.3,489.2,1427.5
-327.7,350.8,1337.7
-196.9,105.1,1162.4
-78.2,-102.7,1010.1
-110.2,-150.6,968.0
-169.1,-175.0,1006.8
-188.6,-212.6,1001.1
-223.5,-130.8,1020.7
-167.4,-117.6,1004.8
-106.2,-50.8,982.3
-4.1,20.7,975.1
96.5,11.2,883.5
183.0,72.3,900.2
358.3,36.6,951.1
384.5,31.1,940.4
345.9,73.8,935.0
342.7,56.1,894.9
278.0,93.6,885.2
242.9,122.8,936.5
219.5,151.0,953.5
251.4,186.3,970.7
361.9,159.8,941.9
425.5,131.7,937.4
428.2,129.1,992.5
373.8,77.5,961.3
259.1,30.1,951.1
121.4,-85.4,886.7
 6.9,-290.8,853.6
-125.5,-411.7,908.3
-241.1,-441.4,923.4
-293.0,-432.1,981.7
-350.3,-312.2,977.8
-314.5,-256.9,908.4
-247.0,-273.1,934.0
-224.9,-212.7,956.3
-89.1,-239.2,940.8
-5.5,-250.3,954.8
 6.7,-209.9,1006.0
36.7,-197.8,977.4
43.2,-178.7,967.2
-,-,-
149.3,-66.3,970.6
191.4,-82.4,978.6
322.8,-194.2,971.9
439.8,-356.0,923.3
524.1,-512.9,778.4
525.4,-543.3,738.1
473.5,-456.0,788.2
445.0,-334.6,839.3
342.1,-166.3,851.5
220.7, 4.8,866.7
18.3,236.2,1057.3
-142.5,380.0,1186.3
-199.5,373.3,1219.0
-235.9,330.4,1246.8
-197.1,195.1,1169.4
-171.4,48.4,1085.9
-189.6,-41.2,1044.6
-141.2,-156.7,991.3
-112.4,-176.2,975.4
-151.4,-71.8,1004.4
-91.0,-122.1,932.0
-61.7,-25.5,914.4
42.5,30.1,972.1
166.5,-68.5,910.2
149.9,18.3,923.5
204.1,37.2,937.0
285.0,30.8,920.0
340.9,81.3,922.7
421.7,36.3,904.9
403.0, 3.1,895.9
311.3,82.0,905.4
266.2,116.7,907.7
264.1,134.9,944.9
321.9,160.5,976.1
382.7,169.9,971.0
481.3,180.8,977.4
534.5,104.9,872.4
450.9,123.2,838.3
377.8,140.1,895.6
324.0,63.2,909.8
273.0,-47.2,937.1
152.5,-197.7,913.9
15.4,-327.8,982.1
-102.9,-384.5,1015.5
-161.2,-419.9,1021.8
-179.2,-426.6,994.2
-264.3,-332.7,894.1
-272.3,-277.3,857.2
-210.3,-286.5,881.0
-92.1,-268.2,934.7
 5.7,-231.0,975.6
-,-,-
619.1,-426.2,755.5
601.4,-413.8,707.0
489.4,-352.1,746.2
325.5,-282.3,819.4
139.0,-61.2,953.4
-24.8,148.8,1025.5
-168.9,272.0,1168.5
-277.1,353.1,1296.8
-222.7,259.7,1342.1
-157.0,166.4,1277.4
-91.6,31.0,1081.2
-77.3,-105.5,971.4
-115.3,-184.2,977.3
-120.5,-237.5,964.8
-145.2,-175.9,1003.1
-126.4,-168.5,975.5
-123.8,-50.6,973.2
-48.3,60.5,1019.9
90.9,-12.5,888.7
185.1,19.2,869.7
309.5,-4.0,984.0
286.6,105.6,995.2
330.2,122.4,961.4
378.3,28.3,908.8
302.5,82.4,870.3
257.4,115.6,895.9
218.1,154.4,884.9
221.8,194.5,923.4
326.4,209.7,953.5
442.0,161.1,908.4
471.4,137.1,961.2
407.2,133.2,971.9
391.8,70.7,962.8
349.2,-41.3,892.9
214.2,-152.5,837.9
126.3,-295.6,913.3
-37.0,-356.9,889.3
-170.9,-395.5,893.7
-208.9,-448.5,955.1
-244.4,-372.3,996.1
-204.6,-305.2,1034.8
-146.5,-274.2,1008.8
-70.0,-245.8,992.7
10.1,-218.7,989.4
-,-,-
117.3,-105.5,973.1
151.7,-129.4,970.4
202.6,-159.2,968.4
319.1,-248.1,944.6
456.7,-373.3,876.7
515.6,-451.2,787.8
498.6,-445.0,778.2
446.3,-392.0,827.3
352.9,-294.6,868.9
175.6,-135.6,910.8
-37.6,34.8,913.0
-196.1,148.4,936.7
-319.6,222.3,1046.2
-329.6,199.3,1176.6
-279.9,146.8,1201.5
-234.4,72.4,1133.0
-173.5,-39.5,1031.9
-177.9,-121.0,986.0
-218.3,-174.3,952.8
-259.4,-132.2,965.8
-232.0,-74.1,1015.3
-130.6,-81.1,965.0
-80.6,32.2,992.0
23.0,26.6,980.1
112.6,24.0,888.7
194.6,46.7,931.6
250.8,-2.4,886.3
279.4, 1.0,833.1
353.6,-32.9,913.2
290.4,19.7,951.0
246.9,87.2,950.1
292.5,74.1,959.2
299.8,119.7,954.3
410.3,114.6,937.2
500.2,107.2,936.6
488.8,152.4,970.1
488.4,149.6,956.3
398.5,123.4,912.1
276.5,59.0,897.6
154.1,-19.3,918.3
-48.7,-138.5,934.7
-195.5,-261.2,960.1
-238.1,-354.3,969.0
-263.2,-404.3,907.3
-318.1,-353.3,928.7
-321.5,-328.2,933.4
-256.0,-359.0,882.4
-255.0,-289.1,887.7
-213.7,-238.8,897.1
-102.0,-223.5,942.5
-42.4,-189.4,980.9
-,-,-
281.1,-303.9,831.4
515.0,-529.6,811.5
623.1,-643.2,797.5
572.8,-613.2,779.0
484.4,-448.0,809.8
385.6,-242.5,808.3
267.3,-17.4,841.6
154.6,220.5,982.8
-15.7,456.2,1164.8
-104.7,483.1,1304.1
-190.4,419.9,1305.1
-206.1,307.8,1186.3
-186.3,175.5,1026.2
-221.1,117.4,993.0
-227.5,18.2,999.0
-210.9,-18.1,1030.2
-137.2,-64.6,992.7
-115.8,33.2,946.5
-16.8,95.3,982.2
113.5,23.0,862.4
190.7,76.6,858.5
330.0,82.6,939.9
372.3,82.1,918.8
421.7,56.6,883.1
471.3,-29.0,894.2
404.4,-35.2,927.7
319.5,17.7,917.9
250.8,96.6,940.0
304.6,106.5,953.4
387.8,87.3,923.5
441.8,99.5,947.9
471.4,125.5,993.8
376.7,152.9,934.0
306.8,111.7,920.9
255.9,33.7,941.0
195.6,-80.8,921.5
62.2,-211.9,902.3
-95.9,-300.1,877.4
-150.6,-404.7,975.5
-279.8,-365.6,1000.1
-346.4,-263.8,922.8
-289.6,-271.0,906.1
-240.6,-259.9,919.0
-150.5,-256.2,982.2
-84.5,-266.5,990.8
 3.3,-291.9,953.1
-,-,-
666.6,-492.6,813.4
746.8,-518.7,794.2
621.1,-430.0,754.6
424.3,-338.5,779.2
289.5,-273.1,838.1
103.1,-43.3,854.5
-91.7,219.2,1034.8
-265.4,328.4,1194.8
-350.3,302.3,1250.7
-321.4,221.6,1217.4
-244.0,118.1,1118.6
-133.7, 1.9,1019.2
-71.5,-84.6,968.0
-118.2,-136.5,959.7
-188.2,-123.9,1013.4
-152.8,-207.8,1028.7
-211.3,-113.6,1047.6
-179.6,-47.5,1062.5
-67.1,-119.8,928.3
-112.6,79.1,942.7
18.4,66.2,995.2
178.8,-34.2,884.6
135.2,146.7,958.3
176.2,213.4,983.3
318.1,80.9,815.8
369.6,24.4,799.2
358.3,27.4,839.2
362.0,17.4,877.6
317.7,100.1,963.6
348.3,153.5,1037.9
465.4,129.7,1026.5
510.5,116.9,964.6
454.8,127.4,939.6
329.8,105.0,931.5
196.5, 6.2,921.1
154.1,-153.8,905.7
73.7,-245.5,911.7
-94.8,-244.5,975.6
-200.5,-287.7,982.1
-265.4,-326.2,897.9
-287.4,-373.6,908.4
-307.3,-341.4,1020.7
-317.2,-260.7,1049.3
-259.0,-236.8,931.5
-156.7,-276.3,827.1
-49.8,-304.8,847.8
-,-,-
668.8,-447.2,838.7
770.2,-513.2,736.9
672.5,-453.5,674.8
475.2,-300.4,746.8
197.7,-134.9,820.2
-73.6,44.5,941.4
-299.1,214.1,1105.8
-452.5,278.5,1178.0
-470.8,227.8,1184.0
-362.2,144.3,1135.1
-147.5,10.8,1069.5
-35.7,-52.0,1020.1
-33.3,-90.1,968.2
-178.6,-57.7,972.2
-318.8,-91.0,984.6
-377.0,-160.0,1019.4
-302.4,-271.1,1005.2
-240.6,-255.3,943.9
-220.1,-150.0,1005.5
-85.9,-178.7,991.0
-35.9,51.4,1049.4
123.3,129.0,1074.6
264.3,19.9,777.0
243.7,102.5,751.1
290.5,93.7,934.3
256.3,100.9,934.9
226.5,109.6,914.2
148.5,151.4,922.2
166.5,153.5,970.7
278.3,155.2,1031.0
338.3,186.7,1010.8
375.5,171.2,1021.7
365.5,153.8,1037.1
312.3,95.8,947.4
236.9,50.9,947.0
176.0,-75.8,948.9
63.2,-258.5,870.5
-169.5,-322.0,828.7
-277.8,-425.9,876.6
-289.7,-504.5,895.7
-281.5,-479.1,935.6
-223.7,-465.4,1084.4
-228.5,-372.1,1083.8
-180.4,-249.1,982.0
-109.0,-201.6,958.3
-80.2,-184.4,931.5
-8.9,-189.9,958.7
-,-,-
172.1,-152.7,924.5
209.6,-161.3,943.7
250.1,-148.3,958.1
451.4,-287.1,879.1
657.8,-537.7,693.1
680.2,-633.3,632.3
523.6,-571.5,690.0
370.2,-508.8,696.9
285.8,-312.8,833.0
156.0,-28.5,925.1
11.3,181.3,1017.8
-154.5,373.9,1134.3
-197.8,422.7,1164.7
-190.6,364.8,1406.0
-184.1,278.8,1425.0
-104.2,116.0,1129.2
-82.2,13.4,999.5
-117.5,-48.7,1021.4
-145.6,-140.1,1087.2
-162.6,-218.4,1055.9
-243.7,-113.9,1035.5
-186.8,-152.9,1012.9
-126.9,-182.2,911.6
-126.4,-62.3,928.0
45.9,-194.5,889.2
33.6, 7.2,847.7
84.8,152.3,932.5
274.9,11.6,874.5
311.1,68.5,846.2
396.1,-18.0,944.8
363.0,-71.0,925.0
236.2, 9.7,907.0
187.3,96.5,916.6
215.6,158.4,1005.1
318.2,141.7,1047.1
370.8,137.5,980.3
379.9,144.8,966.9
326.3,128.3,941.2
246.4,111.5,934.3
164.4,43.9,979.5
96.1,-81.6,984.6
-32.7,-209.4,906.5
-253.9,-263.2,823.9
-332.1,-343.1,884.8
-347.4,-408.5,924.9
-400.3,-312.0,974.3
-364.7,-285.8,1011.2
-310.9,-284.7,946.2
-217.1,-245.7,980.9
-114.0,-218.8,1015.0
-,-,-
533.9,-685.3,803.3
473.2,-594.8,781.4
384.7,-420.2,798.7
309.0,-169.0,883.0
175.5,95.3,944.2
 3.1,264.1,961.3
-108.3,348.1,1094.5
-155.5,343.2,1193.2
-143.8,287.8,1222.5
-145.0,230.3,1208.4
-148.3,125.1,1113.7
-145.3,12.4,1024.2
-195.1,-54.2,987.4
-220.0,-167.7,972.1
-290.2,-160.2,998.8
-247.2,-191.8,1000.4
-245.2,-121.4,956.8
-187.1,-19.5,1029.2
22.3,-153.7,912.4
51.7,-34.4,802.1
114.9,110.7,904.8
234.6,112.0,882.0
287.8,176.0,872.0
398.4,102.6,905.9
452.1,13.1,879.9
436.2,-8.3,944.1
348.5,78.6,985.9
309.8,139.3,1008.9
375.5,152.0,1032.0
395.1,143.1,998.0
405.2,97.3,950.1
368.9,78.2,976.5
274.3,40.2,970.0
136.7,-3.1,922.7
-10.0,-69.3,865.0
-86.7,-169.0,850.1
-173.4,-230.2,843.4
-255.2,-296.2,905.1
-280.1,-412.5,947.2
-300.9,-428.3,940.7
-245.9,-339.7,1003.5
-217.4,-228.1,1020.4
-183.2,-139.9,1029.3
-95.4,-130.1,1020.7
-19.8,-126.7,989.8
36.2,-128.1,997.2
-,-,-
525.7,-536.9,795.2
496.3,-533.6,769.2
494.0,-513.3,807.2
375.8,-282.6,896.2
145.8,37.8,970.8
-102.4,284.4,932.0
-216.0,405.2,989.6
-219.5,434.0,1137.2
-187.5,398.6,1184.9
-160.0,362.5,1173.2
-102.4,254.4,1045.1
-22.3,70.7,979.6
-131.5,-6.1,1005.4
-229.5,-68.9,1061.2
-247.3,-125.5,1067.9
-222.8,-163.8,1016.8
-238.8,-50.6,1024.5
-127.6,-39.3,995.3
-54.0,-43.3,907.3
 9.8,-12.3,865.0
132.4,-38.9,817.3
186.0,18.2,913.7
280.9,57.7,965.2
396.3, 6.1,901.9
385.2, 3.9,956.9
338.7,48.7,949.1
316.8,75.7,910.6
273.1,160.5,985.1
372.6,164.5,1026.0
484.3,147.3,968.9
412.2,180.9,971.1
306.7,173.7,965.3
217.9,120.4,964.4
126.1,29.3,987.2
45.9,-105.3,949.2
-101.6,-211.8,844.3
-167.6,-297.5,908.4
-164.6,-378.6,1023.9
-269.8,-311.9,1002.7
-295.5,-248.3,1015.2
-240.1,-292.4,989.4
-210.1,-274.6,910.4
-149.2,-245.8,908.9
-51.9,-229.1,943.1
19.9,-172.0,1025.5
-,-,-
615.9,-534.7,730.0
620.5,-525.0,763.3
519.1,-376.2,782.6
322.3,-80.4,910.8
15.0,284.7,967.3
-227.8,499.3,1028.3
-289.3,534.3,1186.3
-232.8,487.5,1296.8
-167.5,389.2,1255.5
-165.7,257.7,1134.6
-155.9,90.0,1020.1
-163.0,-62.7,1019.0
-216.3,-84.6,1066.2
-198.0,-105.1,1012.1
-264.7, 3.9,1004.6
-228.5,37.7,1000.7
-86.9,-37.5,895.6
-85.1,22.7,904.0
18.9,-47.7,824.0
59.1,27.3,695.9
104.7,170.0,809.5
306.5,77.1,949.7
340.3,69.5,984.9
370.4,39.9,989.3
394.5, 7.3,963.1
266.0,159.3,986.9
331.4,173.0,1016.7
384.0,186.0,995.8
349.1,199.2,950.7
327.4,156.4,939.2
282.5,131.5,971.3
262.1,-0.8,941.0
180.2,-122.4,869.5
53.4,-172.8,863.0
-35.7,-213.9,957.8
-94.9,-282.1,1085.7
-110.2,-355.5,1050.6
-177.6,-346.8,957.0
-240.0,-337.1,924.4
-176.1,-359.6,915.4
-107.0,-336.3,930.2
-50.8,-244.4,985.8
 6.6,-155.2,1049.2
49.6,-116.6,1018.5
-,-,-
459.4,-497.0,809.7
402.7,-459.3,803.1
369.8,-432.2,784.5
329.5,-296.2,819.1
201.9,-57.0,893.4
-24.7,230.4,977.1
-139.6,383.6,1163.8
-216.7,457.5,1274.7
-232.1,399.6,1276.8
-193.4,318.1,1209.0
-126.2,170.0,1037.5
-130.9,-5.7,937.6
-257.1,-63.2,945.7
-282.1,-142.3,944.8
-337.6,-68.6,981.2
-294.3,-25.5,1040.9
-181.3,-43.5,929.2
-164.7,85.1,942.5
-0.3,26.2,946.9
123.0,21.5,756.9
227.0,94.3,786.5
376.5,20.2,978.3
325.8,90.1,1032.1
350.3,103.3,997.7
384.1,56.5,943.4
263.8,126.2,926.0
219.5,178.1,946.8
297.0,202.4,994.6
389.0,203.9,1013.0
407.8,188.7,984.3
369.6,182.5,929.7
332.5,149.5,931.5
327.5,25.8,962.8
241.3,-74.7,919.5
108.2,-174.9,880.2
-45.5,-316.0,847.6
-236.3,-467.6,871.5
-329.6,-553.5,915.1
-353.3,-503.3,952.4
-358.4,-419.9,958.6
-293.1,-363.8,930.1
-220.8,-279.6,926.3
-183.4,-174.8,937.4
-58.9,-158.8,975.9
15.7,-156.3,989.4
22.3,-139.3,996.3
-,-,-
715.3,-738.1,783.9
645.1,-613.4,809.2
505.6,-409.4,884.6
261.3,-55.9,842.1
19.2,255.8,823.8
-204.7,433.9,897.0
-286.5,474.6,1055.8
-262.5,449.0,1157.4
-226.8,405.6,1221.3
-213.4,325.8,1197.3
-251.4,225.7,1122.0
-256.8,46.2,1025.1
-286.1,-35.9,1000.9
-267.9,-78.4,1022.6
-192.5,-152.2,924.6
-217.4,-35.5,933.7
-135.0,-30.1,923.5
-49.1,50.6,840.4
62.2,175.0,909.0
242.9,95.8,917.1
281.6,139.0,909.4
332.8,134.4,934.1
384.2,72.3,921.8
396.2,31.8,936.1
346.9,88.2,971.2
281.3,215.3,1007.9
378.9,206.7,992.4
547.1,119.3,950.8
487.4,118.8,931.3
341.7,159.9,933.7
344.4,37.1,884.9
285.6,-125.8,860.7
157.1,-225.2,911.1
35.8,-308.1,846.9
-146.7,-347.7,898.2
-289.0,-357.4,1051.4
-287.5,-367.0,1042.0
-297.6,-305.3,990.6
-271.8,-267.2,969.3
-170.5,-262.4,950.1
-135.1,-221.2,943.6
-,-,-
591.2,-702.4,835.7
683.0,-666.3,844.5
620.6,-462.6,888.2
408.9,-141.4,873.4
249.1,157.8,903.3
79.1,354.2,953.9
-96.6,449.6,1014.9
-144.7,424.6,1083.9
-158.3,377.7,1131.7
-217.5,338.5,1214.2
-250.7,240.8,1175.0
-273.2,175.1,1082.7
-277.2,73.9,1038.9
-296.8, 6.8,1039.4
-251.8,-46.6,1091.0
-135.8,-165.4,980.1
-151.1,-11.4,916.2
 3.5,70.5,991.4
265.4,-89.3,874.7
294.9,46.4,873.0
393.4,121.1,931.4
474.5,34.2,863.2
411.3,44.7,887.1
375.7,54.3,863.9
292.0,116.2,856.4
288.9,193.4,971.8
424.1,150.2,974.1
446.9,181.0,937.4
424.1,230.5,986.3
455.0,134.5,938.0
383.7,62.7,896.9
265.9, 6.8,927.4
164.0,-150.7,909.0
-20.8,-373.2,926.5
-294.9,-465.0,945.1
-366.3,-495.5,1035.4
-345.6,-482.5,1082.6
-336.6,-450.6,1005.0
-298.7,-406.8,959.2
-245.2,-299.3,905.9
-81.0,-207.1,914.8
26.0,-146.2,986.0
36.5,-96.7,992.5
-,-,-
619.1,-684.2,665.0
565.3,-669.6,666.9
517.1,-557.8,798.9
384.5,-297.6,932.1
193.8,54.3,984.4
-12.2,337.8,1011.5
-181.1,464.8,1063.1
-202.1,427.0,1170.4
-179.8,370.2,1205.7
-153.4,294.1,1149.6
-153.3,189.4,1075.5
-228.8,110.7,1041.1
-285.8,19.7,1020.8
-272.0,-82.2,996.4
-260.6,-72.8,1018.0
-181.9,-122.1,960.5
-165.0,-36.2,896.1
-71.7,15.1,975.3
90.2,-39.8,856.7
118.2,107.4,816.9
261.1,150.2,940.0
370.7,136.8,874.2
424.6,102.0,901.6
458.5,47.8,1002.4
373.2,110.0,984.2
292.6,168.4,922.2
338.1,207.3,935.3
462.8,156.4,960.6
487.0,138.6,927.3
411.1,175.3,939.3
320.9,93.9,930.0
248.0,13.9,967.6
192.0,-39.7,976.2
124.6,-151.6,906.2
18.8,-269.8,896.8
-110.6,-352.7,937.2
-196.8,-400.4,1001.8
-279.3,-369.0,965.8
-257.2,-375.2,932.4
-218.9,-378.9,925.6
-259.1,-308.2,911.5
-187.2,-248.1,956.4
-62.1,-186.9,1031.9
-,-,-
336.3,-392.5,815.7
343.6,-380.4,813.4
359.1,-372.6,852.9
309.6,-265.8,951.1
248.1,-139.0,961.8
114.3,58.2,995.7
-1.6,216.7,1052.8
-40.7,261.4,1135.1
-101.6,294.2,1161.8
-125.8,230.0,1119.7
-158.3,165.2,1077.3
-163.7,76.6,1020.4
-207.5,12.1,1056.8
-239.1,-78.5,1034.4
-287.3,-78.0,993.2
-316.4, 9.4,1047.0
-198.9,-66.9,1001.7
-127.3,-16.7,930.3
-34.6,40.1,925.0
81.2,43.0,816.1
88.0,213.7,869.7
236.6,209.2,941.4
402.8,103.8,839.5
474.1,43.4,878.6
437.9,35.2,955.4
326.8,99.9,956.2
297.5,160.5,973.7
354.1,162.8,970.7
436.1,126.0,942.9
468.5,133.4,930.0
423.3,85.9,895.4
324.6,22.1,934.1
204.8,-16.7,1054.9
238.5,-186.7,1090.0
168.0,-256.4,1011.5
-126.5,-249.3,887.3
-264.1,-375.2,855.9
-330.7,-417.8,852.6
-366.6,-357.8,873.3
-294.2,-297.8,929.7
-219.7,-223.3,1017.4
-151.0,-160.9,1061.5
-64.1,-151.0,1036.3
-,-,-
603.7,-634.2,753.1
396.5,-361.3,915.0
213.7,-110.9,979.6
92.3,110.5,951.0
45.9,226.7,948.0
-28.3,313.0,1042.1
-57.4,360.3,1123.8
-69.5,350.1,1201.5
-85.6,309.5,1185.5
-11.8,197.5,1091.1
-5.7,110.4,991.9
-83.3,68.9,961.8
-163.6,15.6,1011.4
-272.5,-38.1,1064.8
-345.1,-75.4,1084.2
-284.9,-103.5,1047.7
-219.3,-70.4,1032.9
-101.3,-105.2,943.3
-45.5,-33.4,860.6
65.0,59.7,872.3
259.7, 9.0,831.3
290.2,109.3,875.3
349.3,168.4,972.7
451.9,41.5,901.1
399.4,14.4,866.7
294.7,88.1,935.5
245.6,170.2,972.3
302.7,202.0,1015.6
420.8,142.5,982.2
406.2,153.6,915.6
376.7,140.7,962.1
355.0,55.2,981.0
256.6,-26.5,946.3
173.5,-216.4,905.4
74.2,-414.4,853.1
-23.8,-555.3,883.1
-96.7,-633.8,985.2
-172.8,-610.3,1060.4
-221.4,-526.8,1045.7
-186.2,-443.1,925.6
-127.8,-342.8,892.3
-79.1,-247.0,942.2
 3.8,-218.3,933.1
