-,-,-
-3690.6,-3691.5,-3689.0
-3275.5,-3306.5,-3204.1
-2819.2,-2881.5,-2653.3
-2379.8,-2449.0,-2105.6
-1964.9,-2015.1,-1558.3
-1532.1,-1571.5,-1018.0
-1076.5,-1131.3,-477.0
-610.0,-702.9,47.2
-124.5,-271.9,596.9
175.3,-18.1,932.1
209.0,-11.4,941.0
255.7,-9.2,968.5
324.5,-15.4,973.9
397.3,-27.4,997.3
458.1,-38.1,1007.6
498.8,-48.0,1035.3
526.0,-50.9,1038.8
545.2,-47.7,1047.7
559.4,-42.5,1028.7
571.1,-35.9,1018.2
583.0,-32.3,984.6
601.3,-34.7,969.5
619.9,-39.1,936.8
637.2,-42.1,923.5
650.4,-54.5,892.2
663.0,-68.2,881.2
671.6,-78.5,858.7
663.4,-80.2,859.0
624.9,-65.8,843.5
554.0,-30.2,848.8
452.2,18.8,835.1
329.4,70.5,838.6
188.7,130.2,823.5
49.0,199.9,836.2
-83.4,265.2,829.8
-198.3,322.7,851.9
-291.7,375.8,864.0
-367.0,426.2,907.0
-432.5,479.7,931.4
-500.6,545.0,981.1
-572.0,631.1,1008.4
-651.5,730.2,1049.5
-742.6,836.9,1061.3
-835.4,951.8,1087.9
-917.9,1060.4,1080.0
-983.0,1152.2,1086.2
-1030.1,1222.5,1065.4
-1053.1,1272.2,1072.6
-1043.8,1296.6,1063.7
-1001.5,1300.0,1080.3
-917.1,1285.0,1069.2
-782.2,1248.1,1070.2
-601.1,1186.9,1047.6
-398.0,1101.1,1048.9
-193.8,994.7,1024.4
17.5,864.0,1001.0
243.6,709.2,928.4
494.8,529.8,867.9
746.9,341.6,802.8
963.3,161.5,800.5
1107.7, 7.0,810.2
1192.3,-120.7,860.6
1243.6,-219.5,890.7
1291.8,-289.4,950.2
-,-,-
-3690.7,-3690.6,-3688.7
-3271.4,-3254.5,-3184.0
-2808.5,-2788.0,-2606.2
-2346.0,-2335.9,-2060.9
-1861.5,-1879.9,-1471.1
-1356.9,-1428.6,-899.7
-841.3,-995.7,-303.5
-304.9,-567.1,279.3
232.7,-144.5,889.3
568.2,74.1,1235.2
627.0,32.0,1254.1
668.1,-2.0,1254.9
696.8,-27.9,1249.4
709.2,-51.5,1224.3
702.6,-74.7,1194.1
679.8,-88.2,1147.7
645.9,-93.6,1100.8
610.7,-92.8,1049.1
580.4,-92.4,1005.0
552.5,-92.8,962.4
522.3,-95.1,927.1
487.7,-98.9,887.5
448.0,-95.0,851.4
406.0,-82.9,804.1
351.7,-66.5,756.3
286.7,-45.5,713.8
206.7,-17.2,690.2
110.2,22.7,678.2
-3.0,69.7,676.5
-124.7,126.9,678.3
-237.4,190.4,692.9
-338.7,250.4,714.9
-423.7,310.1,750.8
-485.6,374.2,789.5
-544.2,444.1,825.8
-602.3,517.7,856.6
-652.3,600.9,895.4
-690.9,691.8,944.0
-734.9,786.6,994.4
-793.4,885.6,1035.3
-865.8,995.1,1072.4
-946.8,1104.8,1101.7
-1011.9,1202.7,1126.4
-1032.1,1275.9,1139.2
-1003.0,1313.4,1136.5
-938.5,1314.2,1115.3
-850.9,1289.7,1089.1
-751.1,1252.8,1067.4
-644.4,1206.6,1047.6
-521.7,1153.1,1023.5
-372.1,1089.4,992.4
-183.6,1011.3,951.3
30.4,911.6,907.1
248.1,786.5,858.5
457.6,641.0,798.8
651.7,490.7,740.8
845.2,348.6,710.1
1021.3,218.2,724.4
1164.9,86.6,782.8
1265.5,-42.9,879.3
1332.1,-163.7,983.9
1384.6,-273.7,1079.1
1423.2,-353.7,1166.5
-,-,-
-3690.6,-3690.3,-3688.3
-3238.0,-3207.0,-3123.4
-2783.0,-2727.5,-2584.1
-2339.7,-2254.6,-2018.3
-1892.1,-1770.4,-1469.3
-1441.8,-1289.5,-881.6
-985.7,-824.5,-333.1
-502.0,-359.4,260.1
 1.4,95.7,818.9
294.1,294.5,1125.7
362.7,248.6,1139.5
438.2,202.6,1173.6
517.9,148.3,1182.6
602.3,86.8,1197.3
684.0,24.6,1180.7
748.7,-29.1,1169.4
792.8,-74.9,1132.7
816.7,-109.2,1107.4
825.5,-133.3,1057.1
825.1,-149.6,1018.7
812.6,-162.7,956.0
782.4,-168.8,905.6
732.4,-162.0,843.6
661.1,-142.1,805.2
570.1,-111.0,760.4
460.7,-68.5,739.9
338.9,-26.1,712.0
220.9,18.5,712.4
116.3,62.5,716.6
18.9,109.4,757.4
-73.7,162.8,796.1
-170.4,219.8,854.9
-266.3,278.0,896.3
-361.7,336.8,950.0
-448.9,399.5,983.8
-527.7,468.7,1024.0
-604.8,542.0,1042.7
-685.8,625.0,1074.8
-766.2,712.8,1093.2
-841.1,800.1,1128.6
-909.8,886.7,1155.2
-972.9,969.2,1195.4
-1025.7,1043.7,1212.5
-1061.1,1108.0,1233.5
-1073.4,1157.1,1226.6
-1052.9,1184.9,1220.3
-995.3,1190.4,1189.1
-912.4,1175.7,1157.8
-810.3,1138.4,1103.5
-683.5,1081.5,1055.7
-533.3,1010.0,999.0
-373.8,934.5,959.5
-212.9,851.0,902.7
-59.5,766.3,848.8
97.9,683.2,766.9
279.1,588.0,703.7
489.2,478.9,655.7
708.4,365.9,658.8
916.2,250.9,687.1
1096.4,130.0,748.0
1256.8,12.7,818.6
1388.5,-91.0,920.5
1471.5,-185.4,1021.1
1460.6,-249.9,1129.6
1361.9,-277.3,1205.8
1215.7,-276.9,1253.0
1052.7,-260.2,1247.7
-,-,-
-,-,-
-,-,-
-3690.9,-3690.6,-3688.6
-3253.5,-3211.7,-3150.6
-2826.8,-2744.2,-2588.2
-2388.4,-2268.9,-2046.1
-1940.0,-1796.2,-1470.1
-1481.4,-1336.7,-932.8
-990.4,-879.5,-348.8
-481.7,-432.7,206.3
30.7,-1.8,788.3
342.0,194.9,1084.4
436.0,152.2,1120.4
526.6,113.2,1125.4
608.4,76.9,1154.0
673.5,43.2,1152.5
712.3,15.5,1172.1
726.7,-6.7,1156.2
725.5,-25.0,1161.9
709.2,-41.5,1128.2
680.3,-55.7,1111.4
643.8,-63.6,1059.2
596.8,-66.2,1028.8
541.6,-63.3,963.5
488.2,-60.8,926.1
436.9,-55.6,865.0
383.8,-47.0,832.7
325.5,-33.9,773.6
264.6,-11.1,751.3
198.4,15.1,710.9
125.6,46.8,704.7
38.8,88.6,678.7
-56.6,143.2,691.1
-157.1,210.6,692.2
-262.1,287.4,735.0
-373.6,377.3,769.6
-486.4,476.9,843.1
-593.6,582.2,896.3
-689.8,685.9,980.8
-770.6,788.6,1046.2
-839.7,886.1,1140.3
-906.7,976.6,1190.7
-967.4,1063.4,1252.0
-1004.0,1140.6,1268.7
-1004.9,1198.7,1297.0
-966.5,1233.2,1286.2
-897.6,1240.9,1294.0
-813.1,1224.2,1267.9
-720.4,1186.8,1260.3
-621.2,1134.5,1215.4
-509.9,1073.4,1191.2
-396.0,1004.3,1122.4
-279.4,936.4,1056.0
-146.0,863.4,943.7
-1.6,785.5,850.3
149.1,691.3,726.8
316.2,577.1,639.2
507.2,454.9,567.0
705.9,336.3,574.1
880.8,229.7,599.7
1026.8,126.5,680.6
1161.2,14.7,754.1
1352.2,-146.8,832.6
1458.3,-289.0,896.6
1471.3,-386.7,1004.0
1436.1,-422.3,1086.4
-,-,-
-3691.6,-3690.7,-3688.2
-3310.7,-3253.4,-3191.4
-2884.0,-2807.1,-2647.4
-2426.7,-2351.5,-2123.1
-1960.4,-1892.4,-1566.4
-1501.0,-1437.5,-1037.9
-1032.5,-967.9,-453.8
-568.1,-492.2,117.2
-111.4,-23.8,717.5
194.3,245.9,1068.3
271.1,250.3,1144.0
333.1,249.2,1159.8
385.8,237.5,1225.8
435.7,215.0,1227.1
481.7,180.6,1264.1
532.3,135.1,1223.6
589.7,82.9,1220.0
640.9,31.1,1146.5
676.2,-11.5,1129.3
696.4,-45.4,1057.8
704.1,-72.1,1043.0
707.2,-92.4,967.2
711.8,-106.3,948.4
708.4,-114.2,868.8
686.8,-111.8,845.3
633.3,-90.8,775.3
549.3,-53.6,775.1
430.7, 5.8,727.0
283.4,85.6,745.2
118.3,175.1,722.4
-49.7,259.5,762.8
-211.5,345.4,758.9
-353.2,425.1,818.5
-463.5,492.1,819.9
-532.7,546.7,870.1
-583.7,596.1,863.7
-636.5,647.2,917.6
-696.7,703.6,922.8
-757.7,777.3,987.2
-822.6,863.5,1000.3
-885.3,950.5,1062.5
-934.3,1033.4,1061.8
-966.4,1108.0,1113.6
-982.0,1163.9,1103.5
-966.8,1195.6,1137.4
-921.2,1205.4,1100.6
-862.1,1198.1,1103.8
-797.4,1182.8,1043.8
-702.7,1159.8,1031.1
-572.0,1127.4,965.1
-417.0,1076.7,955.4
-257.0,1006.3,887.2
-103.3,916.5,863.9
63.7,802.3,771.0
255.5,674.4,727.6
472.4,525.8,634.9
681.3,375.7,631.2
851.1,244.2,623.8
981.0,133.3,705.4
1108.7,25.4,747.0
1251.8,-89.3,847.9
1391.3,-203.4,894.9
1490.4,-300.4,996.6
1519.2,-355.6,1051.3
1468.2,-368.9,1145.7
1357.6,-362.1,1145.3
1205.6,-342.5,1167.3
1021.9,-306.6,1124.4
823.7,-244.5,1142.1
627.5,-165.6,1120.6
460.6,-90.8,1166.3
343.5,-45.7,1155.9
297.2,-44.7,1186.8
-,-,-
-,-,-
-,-,-
-3691.0,-3690.7,-3688.3
-3248.6,-3220.0,-3119.7
-2802.1,-2765.7,-2587.9
-2333.4,-2303.2,-2002.7
-1854.4,-1844.4,-1442.6
-1372.9,-1400.5,-853.9
-874.9,-955.1,-288.3
-372.0,-509.3,308.1
121.1,-69.9,861.2
401.9,145.3,1168.1
452.7,126.7,1185.1
486.5,105.6,1204.6
509.5,77.4,1198.7
521.6,52.3,1195.3
522.1,34.8,1166.2
513.6,19.2,1141.1
500.1, 5.8,1099.5
481.4,-3.7,1068.9
452.6,-11.7,1027.4
413.3,-11.5,997.0
358.6,-5.3,955.7
285.8, 9.2,923.6
202.8,27.1,884.2
121.8,43.4,860.6
46.2,58.6,828.4
-18.4,67.2,807.6
-83.6,80.9,780.6
-151.6,101.3,766.2
-221.1,124.2,757.2
-281.6,153.1,772.7
-326.2,180.2,792.2
-361.5,205.9,825.7
-396.7,236.8,851.4
-430.8,270.8,884.7
-456.0,300.9,905.2
-458.5,323.5,927.2
-457.4,348.9,934.8
-487.9,385.7,944.7
-555.3,435.3,944.7
-646.0,497.7,951.1
-738.0,564.5,955.0
-810.0,623.2,971.6
-855.8,678.0,988.2
-876.9,727.4,1018.1
-885.2,769.0,1042.1
-876.5,805.7,1060.4
-856.2,836.1,1050.1
-834.9,863.7,1027.7
-815.7,887.6,990.7
-790.6,915.9,959.4
-743.1,942.7,918.9
-666.6,950.3,880.6
-567.1,938.6,838.9
-459.7,898.7,806.2
-330.8,830.5,768.8
-171.3,737.4,739.6
13.8,628.3,707.6
200.1,514.0,682.3
369.7,391.3,651.3
512.6,277.4,632.4
631.1,175.8,621.9
730.7,93.7,630.1
831.7,30.1,662.4
929.4,-14.0,744.5
1008.7,-47.2,861.6
1071.9,-81.0,992.4
1121.1,-113.7,1113.9
1135.2,-143.1,1218.0
1094.0,-158.6,1282.5
1006.9,-157.7,1314.3
893.0,-135.8,1313.3
769.1,-104.9,1283.1
662.2,-83.9,1216.1
589.3,-69.3,1138.7
533.5,-58.9,1066.1
-,-,-
-3691.4,-3690.4,-3689.1
-3308.2,-3245.2,-3210.5
-2867.2,-2776.5,-2658.6
-2412.7,-2321.4,-2136.6
-1941.5,-1859.5,-1559.5
-1479.1,-1407.5,-1012.4
-1010.8,-949.2,-414.9
-544.5,-488.8,155.7
-88.5,-37.2,747.9
207.1,218.0,1102.3
250.7,195.7,1143.9
274.7,178.8,1164.1
288.4,163.1,1174.5
301.4,145.5,1158.7
319.2,128.8,1142.4
342.0,112.2,1113.0
369.5,88.6,1090.8
397.5,64.5,1063.8
419.5,40.8,1049.1
431.1,21.4,1028.0
432.0, 6.2,1014.2
424.7,-6.1,991.9
412.4,-11.1,969.9
398.6,-18.5,937.5
384.7,-26.0,912.1
365.2,-31.6,881.2
343.6,-36.0,857.4
321.3,-37.5,835.4
286.9,-29.8,833.7
235.6,-13.3,834.4
169.3,10.4,846.7
91.2,38.5,854.6
 3.8,76.3,862.4
-85.7,120.8,857.9
-174.9,169.8,855.6
-260.7,219.4,853.7
-338.7,267.8,855.6
-405.3,317.1,855.5
-468.7,370.0,867.9
-533.8,428.1,888.3
-595.7,493.6,925.7
-656.9,563.6,971.2
-711.9,635.3,1023.5
-749.4,707.7,1062.2
-773.4,779.7,1095.4
-795.8,851.5,1114.4
-812.5,919.1,1127.8
-823.2,984.2,1135.9
-816.9,1043.3,1146.8
-781.2,1087.7,1151.4
-711.9,1113.9,1151.3
-621.1,1122.0,1146.6
-528.9,1116.8,1143.8
-430.9,1095.5,1130.2
-315.3,1050.6,1112.2
-175.3,981.8,1077.9
-8.8,893.2,1028.6
170.2,787.8,960.0
345.6,676.8,891.7
526.3,560.5,835.5
736.4,426.7,799.3
978.0,268.7,794.1
1213.6,104.6,813.5
1414.1,-50.1,840.7
1567.7,-190.6,883.1
1662.6,-305.1,941.0
1689.9,-385.3,1007.3
1648.6,-435.4,1066.1
1535.1,-452.0,1108.5
1369.3,-436.6,1125.0
1187.7,-400.9,1118.5
1015.4,-355.7,1107.5
858.8,-304.6,1102.2
712.4,-253.7,1097.2
573.1,-205.5,1089.7
451.6,-165.6,1084.1
349.4,-129.6,1082.0
248.2,-88.5,1083.4
142.0,-43.2,1088.5
44.4, 1.0,1095.6
-,-,-
-,-,-
-3690.4,-3690.5,-3688.8
-3219.1,-3215.7,-3154.2
-2729.6,-2755.4,-2586.7
-2215.3,-2294.1,-2032.0
-1681.2,-1837.7,-1435.5
-1141.5,-1398.2,-866.0
-589.4,-962.5,-244.5
-43.7,-532.4,353.6
484.9,-110.6,972.7
785.4,91.1,1309.5
815.1,55.8,1347.9
816.6,33.5,1362.9
791.0,18.3,1364.0
732.4,11.2,1335.8
651.9,14.6,1293.5
570.1,29.8,1233.3
483.8,51.5,1173.3
389.3,73.6,1107.4
296.9,89.7,1058.1
212.1,102.7,1017.3
135.3,111.6,991.5
75.0,114.0,967.4
30.1,115.6,957.1
-5.9,116.1,945.2
-40.0,110.3,935.0
-62.7,100.5,918.6
-79.2,93.6,904.9
-96.5,84.6,881.6
-117.1,78.4,858.2
-140.0,77.5,832.3
-164.4,80.8,812.5
-187.3,85.5,795.0
-208.4,97.5,790.6
-242.5,118.4,793.2
-286.9,145.9,809.3
-328.5,182.7,832.9
-361.7,224.3,866.6
-389.0,268.8,905.1
-414.2,315.7,947.8
-445.7,367.7,984.7
-490.8,425.3,1015.1
-542.4,490.5,1033.5
-590.5,564.1,1045.7
-641.9,642.2,1054.3
-698.9,723.8,1067.8
-746.2,805.6,1082.5
-775.2,876.4,1099.4
-786.3,935.3,1112.5
-777.3,977.5,1123.5
-750.5,1004.0,1123.5
-712.5,1013.4,1117.8
-662.7,1006.5,1104.5
-590.4,983.1,1085.9
-490.6,949.3,1063.2
-347.8,900.4,1032.6
-160.4,824.8,998.2
50.7,714.3,963.2
274.6,569.7,924.5
494.0,413.6,893.9
703.7,260.9,874.8
883.7,124.8,871.2
1021.6, 4.0,880.1
1099.1,-103.6,891.7
1127.0,-196.8,904.3
1139.4,-263.5,917.4
1140.8,-306.2,938.4
1132.3,-334.4,961.7
1121.9,-353.1,990.9
1108.6,-362.7,1022.4
1083.3,-366.0,1048.6
1039.6,-365.8,1069.6
975.8,-353.0,1105.1
870.7,-321.5,1143.1
729.9,-277.1,1177.9
584.1,-217.5,1204.4
442.0,-152.3,1222.4
309.1,-97.8,1217.2
200.2,-59.0,1196.2
124.4,-35.6,1163.3
-,-,-
-3691.2,-3690.6,-3689.5
-3283.6,-3237.8,-3200.2
-2857.6,-2774.1,-2670.0
-2422.5,-2299.6,-2134.5
-1996.4,-1820.7,-1562.5
-1582.2,-1351.9,-1006.5
-1149.1,-879.9,-410.7
-691.1,-414.7,169.7
-219.8,31.3,755.8
85.5,262.3,1100.6
161.9,225.2,1142.8
237.7,181.4,1181.5
322.7,128.0,1192.8
418.3,68.3,1199.4
510.9, 9.8,1182.6
577.1,-41.1,1168.8
610.1,-80.9,1138.8
619.3,-105.1,1123.9
611.4,-119.7,1099.3
592.4,-126.1,1082.2
565.8,-126.4,1046.5
534.3,-121.2,1021.2
496.9,-107.8,984.7
455.0,-91.1,963.4
419.7,-76.1,934.1
389.2,-63.9,923.9
359.5,-52.7,902.2
326.5,-37.5,895.9
276.8,-11.5,882.7
200.6,26.3,889.4
111.1,64.3,879.1
24.5,98.4,877.2
-51.7,129.5,856.8
-116.9,155.9,850.4
-171.6,179.1,831.3
-217.2,198.4,832.7
-256.0,214.7,826.8
-289.3,228.5,842.6
-318.4,247.0,849.3
-350.1,278.2,881.4
-390.9,322.4,905.3
-443.6,377.8,951.1
-503.7,441.6,982.2
-567.9,516.6,1028.8
-638.9,599.6,1053.2
-708.6,684.0,1084.0
-767.0,767.8,1091.4
-813.8,848.9,1107.4
-858.8,923.3,1097.9
-897.4,995.0,1099.0
-908.7,1056.9,1081.6
-887.3,1102.1,1079.9
-841.7,1128.0,1060.0
-774.0,1134.2,1061.2
-692.0,1121.5,1045.8
-597.7,1091.6,1043.3
-480.0,1047.9,1022.8
-332.6,988.0,1010.4
-149.9,914.5,955.8
85.3,809.6,896.7
350.7,667.6,814.6
617.2,498.1,758.6
858.9,331.0,711.1
1068.3,173.8,717.0
1225.5,32.8,730.0
1336.0,-88.7,783.4
1410.1,-198.5,837.7
1432.9,-297.9,927.0
1390.3,-364.5,992.5
1310.5,-394.4,1067.9
1211.7,-391.2,1111.6
1114.1,-376.3,1146.4
-,-,-
-3690.7,-3690.8,-3688.0
-3252.6,-3249.4,-3164.9
-2779.8,-2795.6,-2609.7
-2297.4,-2347.3,-2032.3
-1818.7,-1911.1,-1458.4
-1328.6,-1469.7,-859.7
-846.8,-1039.9,-282.1
-356.0,-606.4,303.9
131.9,-172.7,870.2
399.6,50.3,1170.9
403.9,38.1,1184.0
386.6,37.5,1156.0
361.3,44.3,1143.6
334.4,48.8,1097.2
313.1,50.4,1082.4
295.8,50.3,1046.6
277.9,48.9,1046.8
259.8,47.5,1025.0
241.2,43.0,1033.8
217.5,37.7,1012.6
184.6,33.2,1012.5
146.6,31.8,977.5
107.4,35.9,966.4
68.5,44.2,925.1
32.6,56.7,917.7
 5.1,69.7,886.0
-17.7,79.5,890.1
-35.1,90.5,874.5
-59.4,104.8,899.7
-91.3,123.7,901.0
-130.8,143.1,932.6
-176.1,164.2,930.9
-220.1,185.1,951.9
-261.0,203.5,935.5
-291.1,222.2,947.7
-308.3,238.3,929.2
-306.8,249.3,937.2
-283.9,257.5,913.1
-261.0,271.1,919.8
-266.8,298.5,897.7
-310.7,345.3,919.1
-376.2,404.3,917.7
-444.0,472.4,953.9
-511.0,544.1,961.3
-572.1,618.7,1002.5
-628.6,689.7,1010.5
-688.6,761.9,1046.3
-741.9,829.2,1046.8
-771.7,884.7,1074.9
-775.4,933.9,1064.0
-759.5,970.2,1077.0
-724.8,992.3,1051.5
-677.8,1000.4,1055.3
-617.0,992.3,1022.9
-533.0,966.6,1020.4
-424.8,921.0,985.0
-295.2,859.6,978.8
-145.3,780.1,932.4
36.5,692.5,910.0
237.5,589.2,849.9
434.5,473.4,825.3
595.7,358.2,776.5
712.1,256.6,777.2
793.7,168.6,759.2
870.2,87.7,791.3
963.9, 8.9,803.7
1059.6,-81.3,864.0
1124.4,-174.0,904.9
1156.0,-244.0,996.8
1168.5,-288.7,1064.6
1157.3,-311.0,1166.1
1124.1,-308.6,1232.4
1064.9,-287.9,1319.2
975.3,-256.1,1354.9
856.0,-211.2,1409.5
714.8,-152.9,1421.7
562.5,-88.5,1453.1
408.4,-29.4,1428.6
283.7,15.9,1417.0
202.8,34.7,1352.9
-,-,-
-3691.3,-3690.4,-3688.7
-3306.7,-3255.9,-3176.5
-2856.1,-2788.9,-2620.4
-2392.5,-2326.7,-2041.1
-1939.8,-1871.1,-1486.3
-1491.8,-1402.7,-908.2
-1057.7,-929.7,-347.1
-631.7,-464.9,217.5
-183.2,-6.3,769.3
124.6,237.6,1110.7
194.9,194.8,1087.4
252.6,149.5,1118.8
295.6,106.6,1098.3
332.1,64.3,1130.7
376.5,17.3,1106.9
426.9,-30.2,1126.3
464.2,-66.5,1091.5
475.0,-83.2,1111.0
447.5,-84.3,1076.7
389.8,-67.6,1084.4
331.2,-47.7,1032.1
285.8,-32.6,1030.2
242.5,-16.0,977.5
193.5, 3.8,984.0
136.6,22.6,949.2
72.4,44.4,974.4
 4.4,65.4,949.8
-57.1,82.4,976.6
-105.1,98.7,951.5
-141.1,113.7,974.7
-167.0,126.5,942.2
-182.5,136.6,963.0
-191.5,145.0,928.4
-199.4,154.9,945.6
-212.8,166.5,912.3
-230.6,180.2,933.9
-250.3,194.5,900.9
-271.7,210.0,925.5
-295.9,232.9,906.4
-331.0,264.5,946.2
-386.1,308.8,940.0
-443.5,359.1,990.0
-487.0,409.6,981.6
-516.7,461.8,1019.1
-542.6,520.3,1001.0
-576.5,584.0,1035.3
-629.2,654.3,1016.4
-690.4,726.3,1050.0
-744.6,795.0,1025.0
-790.1,862.5,1048.9
-824.1,927.5,1021.1
-836.8,987.7,1053.2
-823.4,1033.8,1037.8
-784.0,1069.4,1080.9
-718.7,1090.9,1067.0
-626.7,1094.3,1101.3
-508.1,1074.0,1075.0
-362.6,1030.1,1087.8
-187.3,966.2,1030.1
21.7,879.1,1006.3
272.1,769.6,910.0
556.6,630.9,863.3
829.4,472.3,777.6
1074.9,304.3,766.9
1275.0,148.3,730.1
1431.3,14.7,776.6
1567.2,-113.5,787.7
1684.9,-246.3,851.8
1750.5,-371.3,860.5
1698.8,-458.7,930.8
1553.1,-491.5,948.9
1364.4,-476.3,1011.4
1174.9,-428.5,1000.3
1005.7,-376.7,1016.9
-,-,-
-3691.6,-3690.3,-3688.3
-3276.1,-3201.5,-3116.3
-2847.6,-2735.8,-2585.9
-2399.0,-2265.8,-2009.6
-1948.3,-1798.8,-1462.5
-1500.9,-1338.4,-884.8
-1038.0,-871.8,-320.1
-568.5,-408.6,284.4
-101.6,42.3,851.1
171.5,251.9,1173.4
223.0,222.9,1204.3
254.6,198.6,1238.8
280.6,175.5,1249.3
306.8,153.2,1257.4
323.3,129.8,1238.2
335.3,108.5,1217.5
344.5,88.5,1178.5
352.4,68.0,1144.8
363.2,51.1,1098.9
373.2,36.7,1062.9
381.3,23.6,1021.6
384.0,13.3,998.8
384.8, 2.1,975.6
383.5,-8.8,965.7
378.5,-22.0,940.3
379.1,-31.2,922.5
385.5,-36.3,898.3
397.6,-33.6,886.8
405.7,-21.2,873.8
397.3, 0.7,872.4
369.3,36.8,864.9
308.4,94.7,866.8
209.6,169.5,866.0
70.9,256.1,871.2
-98.0,351.2,857.7
-276.2,439.2,838.6
-434.4,509.4,804.7
-555.7,566.0,775.0
-633.0,607.1,742.7
-660.4,630.7,726.3
-641.3,642.4,714.5
-614.0,663.5,724.7
-613.7,709.3,746.7
-647.7,781.3,797.4
-706.5,878.3,856.2
-770.2,978.9,927.2
-816.3,1076.8,989.6
-835.5,1161.6,1045.3
-830.6,1221.0,1078.8
-796.6,1247.2,1100.9
-726.2,1235.2,1102.7
-623.3,1194.4,1100.7
-514.4,1139.7,1086.2
-407.8,1094.8,1083.0
-290.6,1061.5,1079.1
-146.2,1017.6,1087.3
15.9,960.2,1091.9
181.2,887.6,1099.2
345.1,802.0,1086.8
527.6,696.1,1057.7
754.4,570.9,1006.8
1017.7,425.2,950.0
1253.9,254.9,890.5
1407.4,89.2,856.5
1492.6,-57.5,839.0
1537.6,-176.6,838.4
1571.8,-282.9,842.4
1601.8,-371.7,866.2
-,-,-
-3691.3,-3690.5,-3688.7
-3263.6,-3211.5,-3143.8
-2813.6,-2748.3,-2561.7
-2355.0,-2299.4,-2011.4
-1884.1,-1844.7,-1414.3
-1425.7,-1396.5,-858.9
-970.0,-934.5,-258.1
-526.1,-470.3,311.8
-86.6,-7.6,911.7
139.9,202.5,1194.8
155.6,183.0,1205.6
156.2,166.8,1186.0
153.9,148.3,1168.1
160.6,123.3,1135.8
182.8,90.5,1117.9
219.5,51.8,1089.6
258.1,14.9,1072.9
293.8,-17.7,1045.2
317.1,-41.7,1035.7
326.3,-55.1,1014.9
330.5,-62.3,1003.3
332.3,-67.0,972.0
329.9,-68.8,942.7
325.0,-70.0,897.9
320.5,-70.8,866.5
311.9,-70.8,833.3
299.6,-66.7,819.1
279.3,-57.3,805.0
245.3,-35.8,812.4
190.5,-2.7,821.3
111.2,41.2,850.6
23.8,96.7,876.7
-61.1,152.8,912.3
-141.8,212.6,930.1
-218.0,275.6,950.6
-286.2,339.4,957.5
-341.0,401.4,975.3
-409.0,468.7,982.3
-496.5,548.2,1000.4
-602.9,636.3,1006.2
-726.5,734.6,1015.6
-843.3,833.7,1008.4
-922.1,924.1,1004.4
-957.2,999.9,986.6
-957.2,1059.5,977.5
-926.9,1102.5,965.8
-870.6,1129.0,969.4
-807.2,1142.1,971.3
-733.5,1143.7,988.4
-655.8,1138.3,1002.6
-589.3,1135.9,1030.8
-532.1,1133.5,1048.3
-463.8,1130.4,1067.6
-374.5,1109.5,1059.7
-257.9,1059.9,1037.1
-107.5,975.8,985.7
71.2,862.9,926.0
272.2,726.0,844.1
481.9,573.3,772.3
686.8,412.8,712.3
859.4,259.8,693.5
983.8,116.7,697.7
1063.1,-7.3,735.8
1124.7,-109.2,785.3
1189.1,-192.7,848.4
-,-,-
-3691.5,-3690.5,-3688.6
-3317.3,-3247.7,-3169.3
-2912.6,-2779.0,-2645.0
-2491.7,-2300.9,-2065.0
-2059.9,-1826.0,-1515.5
-1622.9,-1363.6,-935.2
-1167.4,-902.0,-382.6
-699.8,-447.1,207.2
-228.0,-8.1,752.5
102.0,231.2,1112.0
209.7,178.8,1127.0
320.4,116.4,1167.6
421.5,50.0,1175.5
508.0,-12.3,1209.5
578.8,-63.2,1210.4
634.4,-100.0,1235.4
673.6,-126.9,1221.7
689.9,-141.3,1229.2
680.4,-142.2,1201.0
651.8,-129.8,1189.9
614.9,-109.7,1137.1
580.1,-86.2,1101.8
548.9,-70.1,1034.7
517.8,-58.8,997.4
485.3,-49.9,942.3
447.8,-37.8,929.9
398.0,-19.2,900.9
325.3, 6.8,908.9
233.7,39.4,896.1
139.7,69.6,914.0
58.9,96.1,901.1
-6.5,121.4,911.5
-56.1,141.0,891.9
-98.3,159.0,891.9
-130.9,173.7,863.1
-148.5,185.8,862.2
-158.2,205.4,841.3
-181.2,239.3,856.9
-228.8,290.7,856.7
-295.6,361.2,895.6
-370.5,439.3,908.8
-440.3,519.9,947.7
-495.8,596.6,962.2
-540.0,675.5,1002.4
-580.2,750.6,1013.4
-619.3,821.3,1047.2
-653.2,885.1,1055.2
-679.5,942.8,1095.4
-699.7,992.5,1112.2
-709.4,1036.3,1152.9
-698.2,1072.2,1156.6
-666.4,1091.2,1176.5
-619.0,1090.5,1160.3
-557.4,1069.6,1162.0
-485.2,1032.1,1128.1
-413.1,987.4,1116.6
-348.2,935.1,1073.6
-290.1,882.3,1054.3
-227.7,825.3,1010.8
-151.0,767.8,987.8
-31.9,691.3,919.3
153.6,584.3,862.3
390.2,452.2,777.0
638.8,306.5,723.7
866.9,167.5,670.2
1061.3,45.6,675.1
1189.6,-55.2,681.1
1250.2,-139.2,730.6
1260.8,-201.2,775.2
1238.0,-238.6,852.7
-,-,-
-3690.2,-3690.5,-3687.5
-3218.6,-3250.5,-3142.9
-2686.2,-2804.6,-2539.0
-2150.4,-2383.9,-1944.8
-1611.1,-1963.7,-1334.0
-1088.5,-1539.2,-737.0
-591.4,-1114.6,-156.8
-99.6,-677.0,408.5
375.6,-230.5,969.7
613.3,11.6,1257.9
543.1, 5.7,1239.2
448.8,15.3,1171.3
357.6,34.7,1146.2
286.4,50.2,1080.4
239.0,55.3,1066.2
205.4,52.5,1022.6
179.6,44.6,1033.0
162.9,32.3,1002.4
147.4,22.5,1013.4
126.1,18.6,975.5
99.5,21.3,975.3
71.2,27.0,930.8
39.1,37.1,932.5
 7.3,44.9,894.9
-21.2,50.6,907.7
-40.1,52.8,880.8
-53.2,53.6,897.3
-69.8,62.1,872.1
-101.8,81.3,890.2
-152.4,108.8,863.2
-209.7,142.4,885.3
-269.7,178.4,866.2
-329.7,222.7,897.0
-387.5,274.1,890.4
-450.5,328.8,936.3
-523.1,389.8,944.0
-607.6,457.4,999.3
-694.9,533.4,1009.0
-784.9,615.1,1052.3
-880.0,700.6,1037.2
-961.6,781.8,1049.4
-1015.4,848.6,1007.9
-1038.9,903.1,1009.8
-1034.7,941.9,967.6
-1002.4,960.5,972.2
-943.3,960.5,935.8
-865.1,944.6,956.3
-780.4,919.1,943.2
-697.6,895.6,987.4
-624.5,874.4,991.8
-540.8,854.1,1022.5
-420.2,815.7,997.4
-271.2,754.9,1005.8
-110.3,667.4,950.2
47.8,560.7,921.2
203.5,448.0,842.3
356.9,338.4,825.7
505.4,227.7,788.3
623.4,122.6,833.1
689.1,32.4,850.8
729.7,-49.0,906.4
788.4,-117.6,911.8
869.8,-178.3,973.8
935.2,-225.3,998.0
959.7,-252.0,1064.0
943.8,-262.9,1062.2
915.6,-270.5,1079.4
892.3,-282.4,1032.0
865.5,-287.2,1038.1
802.4,-276.9,1025.8
-,-,-
-3690.4,-3690.8,-3688.4
-3213.1,-3227.7,-3143.2
-2726.5,-2773.7,-2553.9
-2248.8,-2322.5,-1995.3
-1762.5,-1862.7,-1378.0
-1276.1,-1418.0,-796.3
-768.8,-975.8,-165.9
-252.0,-544.5,421.6
269.9,-118.2,1037.0
544.4,71.7,1329.7
569.0,48.1,1367.8
578.5,25.1,1334.9
586.3, 0.3,1323.0
586.9,-18.9,1243.3
570.6,-30.1,1194.5
536.9,-25.5,1105.7
478.5,-6.7,1075.2
401.8,20.1,1007.1
327.5,44.9,995.8
263.4,66.0,946.9
208.9,84.1,951.9
155.9,97.2,919.7
104.7,112.8,938.3
48.1,126.5,910.3
-1.2,136.0,920.6
-30.1,137.8,882.9
-42.1,131.3,884.6
-45.5,122.3,841.2
-46.8,111.8,846.3
-49.2,103.1,813.5
-58.5,99.7,832.6
-76.0,103.5,814.2
-103.7,118.4,845.9
-151.4,146.7,840.2
-227.4,187.5,879.6
-315.9,233.8,872.0
-400.4,282.0,903.6
-474.1,335.3,891.3
-533.4,392.8,922.5
-573.6,450.9,912.5
-601.5,509.9,947.0
-630.4,572.6,938.8
-666.2,646.3,980.1
-715.3,738.5,985.9
-779.1,847.8,1043.3
-844.7,962.2,1057.6
-885.9,1064.9,1106.1
-893.8,1144.4,1098.8
-873.3,1199.9,1126.3
-844.7,1233.0,1099.1
-808.3,1246.6,1103.8
-754.1,1243.3,1059.2
-661.8,1220.0,1051.7
-505.2,1171.6,985.0
-296.8,1092.9,963.1
-79.6,983.5,895.5
116.0,846.9,857.2
303.0,694.5,776.3
521.4,525.3,766.2
767.8,347.3,770.2
1014.5,157.7,865.8
1205.7,-29.3,942.8
1304.1,-195.6,1063.5
1325.3,-324.8,1121.0
1309.5,-402.5,1211.7
1274.1,-444.5,1248.4
1220.4,-465.2,1299.3
1150.4,-464.1,1264.3
-,-,-
-3690.9,-3690.8,-3688.7
-3266.1,-3238.1,-3180.4
-2824.5,-2777.9,-2616.5
-2377.7,-2329.2,-2088.4
-1905.7,-1877.7,-1504.4
-1418.2,-1432.0,-949.7
-931.6,-1000.2,-363.2
-434.4,-563.2,197.8
58.8,-128.7,793.6
338.1,80.6,1096.3
386.4,51.7,1137.2
421.1,29.6,1132.0
439.8,10.6,1151.9
443.7,-5.9,1123.5
437.0,-20.5,1125.0
430.3,-31.9,1084.8
425.9,-37.7,1080.8
424.8,-40.4,1043.4
426.2,-39.9,1047.8
428.2,-43.2,1018.0
422.2,-48.6,1026.5
396.3,-46.2,998.7
350.8,-39.0,1008.1
300.9,-29.1,977.6
253.8,-18.9,978.2
207.5,-3.8,934.0
154.9,16.5,925.9
93.3,37.2,883.0
32.7,64.0,879.0
-21.1,92.8,847.2
-79.8,125.3,859.8
-153.3,168.4,845.8
-236.9,216.5,876.2
-318.0,260.5,881.2
-383.3,295.3,927.7
-424.8,329.3,938.7
-441.9,363.9,988.4
-451.7,399.1,1001.5
-457.2,435.6,1045.9
-456.7,473.5,1050.9
-458.1,509.4,1083.4
-465.9,551.0,1076.3
-487.0,602.3,1098.6
-523.0,657.6,1076.3
-572.5,716.5,1078.5
-634.1,781.2,1033.1
-696.2,844.9,1016.7
-742.7,903.5,964.7
-768.7,961.1,954.6
-781.7,1017.1,919.4
-781.5,1063.9,940.9
-763.7,1100.6,952.9
-731.1,1126.1,1016.5
-669.0,1131.1,1041.3
-556.8,1104.4,1087.8
-388.1,1037.3,1077.8
-180.0,919.1,1073.1
42.3,752.4,1000.1
261.5,560.6,934.9
471.8,362.5,818.5
658.6,178.8,740.3
803.2,17.7,659.4
895.0,-122.0,656.2
934.6,-226.2,660.4
950.2,-292.0,731.3
963.6,-331.9,784.8
979.4,-358.9,878.4
986.5,-378.6,930.7
981.4,-389.5,1005.8
965.3,-396.5,1033.2
943.7,-397.1,1080.0
922.1,-392.3,1092.5
886.9,-390.6,1145.7
-,-,-
-3689.9,-3691.2,-3687.5
-3222.8,-3283.0,-3149.9
-2730.8,-2864.7,-2606.0
-2225.2,-2443.5,-2042.5
-1723.3,-2030.3,-1506.4
-1208.1,-1612.6,-946.5
-691.3,-1196.8,-400.6
-181.2,-777.7,161.4
308.9,-359.9,705.3
571.9,-113.1,1022.6
519.4,-92.5,1031.0
435.8,-57.0,1025.3
334.0,-14.0,1031.7
228.4,27.4,1012.5
131.6,65.5,1004.6
55.7,96.3,977.0
 2.9,118.7,970.1
-23.5,125.6,945.9
-18.4,115.6,945.8
14.1,93.8,931.9
57.1,73.9,946.9
79.1,68.2,952.4
69.3,79.5,981.7
32.3,104.3,987.5
-18.1,134.5,999.1
-75.1,163.3,976.0
-123.6,191.7,958.7
-150.6,217.6,915.8
-158.1,239.0,893.4
-145.0,253.7,852.3
-131.8,269.8,842.3
-155.2,298.1,830.4
-228.0,347.4,860.4
-336.0,423.2,885.3
-453.2,512.3,932.7
-563.5,597.8,946.0
-656.6,677.3,968.4
-724.6,742.3,966.6
-758.8,785.8,985.6
-739.8,809.0,983.3
-678.6,825.7,998.7
-611.9,839.1,991.6
-570.6,859.1,1009.8
-573.8,901.3,1016.4
-615.9,968.7,1050.8
-672.0,1048.1,1051.8
-696.5,1129.9,1056.6
-656.0,1192.5,1031.2
-554.8,1207.1,1021.8
-422.6,1163.7,979.5
-280.3,1080.0,945.3
-139.0,977.1,883.6
-5.8,864.1,841.4
119.7,744.8,779.9
242.1,618.3,746.8
370.9,492.0,683.3
518.6,363.7,639.4
695.8,238.5,596.3
899.0,113.9,612.4
1101.0,-13.2,648.5
1276.7,-133.8,748.0
1432.2,-256.3,848.5
1543.2,-371.4,974.1
1571.0,-462.9,1074.1
-,-,-
-3689.8,-3691.5,-3687.9
-3216.3,-3293.4,-3164.9
-2722.8,-2879.6,-2626.9
-2221.0,-2453.3,-2051.1
-1713.4,-2027.4,-1486.5
-1201.5,-1614.7,-904.8
-671.8,-1202.3,-324.9
-136.8,-795.0,276.9
385.5,-391.3,848.9
691.4,-160.6,1196.1
707.3,-166.0,1224.0
725.7,-170.6,1224.8
740.2,-174.5,1217.8
739.9,-165.4,1185.7
712.5,-137.7,1154.7
658.1,-95.0,1102.2
587.6,-48.1,1056.8
521.0,-4.1,999.1
461.4,35.9,963.5
397.6,75.2,922.3
328.1,114.7,906.4
258.9,146.1,884.3
190.0,169.2,879.5
125.4,183.8,864.9
71.1,197.9,867.5
25.4,215.0,860.7
-26.5,238.8,867.4
-85.4,268.4,856.8
-145.4,295.9,856.4
-204.8,322.3,840.2
-256.8,351.3,846.3
-296.3,379.6,848.1
-325.9,412.1,871.7
-356.3,447.4,887.6
-387.2,483.0,923.6
-414.9,523.2,952.6
-441.2,570.0,1006.1
-469.4,629.1,1056.1
-500.7,697.8,1123.6
-540.9,775.8,1168.5
-585.8,856.6,1212.3
-628.1,934.0,1226.8
-663.1,1008.2,1244.4
-687.5,1074.1,1243.2
-694.9,1124.6,1248.6
-688.3,1162.3,1228.1
-673.8,1189.1,1213.1
-637.2,1204.5,1174.5
-564.9,1199.0,1151.4
-464.9,1172.8,1111.7
-354.9,1129.3,1079.2
-239.2,1072.9,1020.4
-119.8,1006.3,968.4
 8.1,934.8,895.7
169.7,850.6,826.4
378.4,738.7,747.7
625.0,599.6,711.7
878.5,446.7,693.7
1120.0,280.4,732.1
1325.1,104.9,779.0
1490.1,-66.5,853.2
1610.7,-218.5,906.5
1675.6,-346.8,974.1
1654.5,-434.7,1030.1
1537.6,-471.4,1108.8
1357.4,-473.8,1165.6
1166.5,-459.7,1220.3
1002.4,-429.0,1238.5
-,-,-
-,-,-
-3690.4,-3691.1,-3688.5
-3257.0,-3277.4,-3190.4
-2786.2,-2824.3,-2597.8
-2326.5,-2377.4,-2039.6
-1858.3,-1923.1,-1431.8
-1388.2,-1471.1,-858.2
-925.0,-1028.8,-265.5
-452.8,-582.1,289.0
25.0,-139.0,869.4
310.1,108.5,1179.7
336.7,90.9,1192.2
367.4,60.5,1145.3
394.2,26.5,1138.9
408.2,-3.4,1084.5
409.8,-25.8,1079.2
399.5,-42.1,1033.6
376.1,-53.4,1041.4
343.7,-58.8,1005.5
296.9,-63.7,1014.0
238.7,-65.5,970.5
191.8,-62.2,970.4
155.8,-61.5,921.3
123.7,-63.5,914.4
97.5,-64.8,862.7
70.5,-61.9,861.2
37.3,-56.4,820.1
-4.5,-49.4,833.3
-43.5,-35.3,810.8
-84.7,-12.4,840.2
-128.2, 7.9,823.8
-156.6,27.1,854.7
-177.2,46.7,844.9
-203.7,70.4,885.8
-237.2,103.6,889.8
-267.4,145.4,942.5
-297.6,197.4,950.1
-333.1,257.7,1001.5
-374.5,325.1,1009.7
-428.1,407.1,1068.3
-502.5,500.0,1081.8
-581.2,594.4,1137.1
-647.1,683.3,1141.9
-706.3,768.4,1187.7
-764.3,849.5,1181.9
-807.7,922.2,1216.8
-832.8,983.4,1197.6
-846.4,1031.5,1219.1
-847.2,1063.7,1187.9
-827.8,1084.8,1199.0
-780.1,1092.7,1163.7
-700.8,1084.6,1175.9
-588.9,1055.5,1138.9
-447.4,1005.4,1147.7
-288.9,938.3,1102.1
-115.7,855.9,1093.8
70.1,763.4,1033.9
248.5,665.5,1020.3
415.0,560.6,960.9
578.4,444.8,952.3
731.9,322.0,908.5
883.2,193.8,915.4
1027.8,67.5,881.2
1141.0,-58.9,903.3
1216.5,-166.2,886.3
1268.1,-250.6,919.1
1288.2,-307.6,918.9
1266.9,-341.3,969.1
-,-,-
-3689.5,-3691.4,-3688.5
-3216.6,-3303.3,-3150.6
-2704.7,-2883.7,-2598.1
-2203.3,-2457.0,-2007.0
-1725.0,-2031.3,-1462.6
-1248.0,-1596.9,-880.2
-773.0,-1161.2,-337.2
-305.8,-733.5,224.5
174.3,-303.0,757.5
437.8,-56.9,1079.9
406.9,-48.5,1037.0
371.0,-42.7,1038.0
341.3,-39.5,989.6
318.6,-34.2,998.0
290.8,-29.8,960.2
255.6,-24.1,975.8
215.4,-14.4,942.0
171.9,-3.7,952.9
127.1, 5.8,907.5
86.4,17.1,907.2
53.6,26.2,858.3
22.0,36.7,859.8
-9.9,48.6,820.7
-43.9,64.2,838.4
-82.6,80.2,814.3
-122.6,98.7,847.5
-162.6,121.6,840.2
-203.9,150.9,887.7
-256.3,187.5,891.4
-323.1,233.7,946.0
-393.4,282.1,949.9
-456.8,337.4,1000.4
-520.3,398.8,998.7
-584.6,468.1,1044.0
-652.2,546.5,1041.0
-722.4,627.0,1085.8
-791.2,708.1,1078.5
-842.0,783.8,1115.5
-874.1,851.5,1097.6
-889.7,910.1,1124.9
-884.7,956.7,1100.5
-859.4,987.1,1122.2
-819.9,1001.6,1089.0
-765.4,999.8,1099.3
-691.7,981.8,1058.6
-606.8,946.9,1064.8
-510.9,894.3,1014.3
-402.4,826.7,1003.5
-287.5,746.2,932.6
-154.5,655.4,888.9
10.9,547.5,785.7
200.8,429.9,744.3
394.3,313.2,682.2
592.9,189.6,699.4
782.5,65.5,694.1
950.1,-52.7,748.3
1082.8,-158.1,755.9
1179.7,-245.4,819.1
1220.3,-304.2,850.4
1193.2,-325.1,935.2
1118.0,-317.6,976.5
1026.8,-297.3,1063.6
945.7,-275.9,1094.4
877.3,-252.3,1170.4
812.2,-226.5,1203.4
758.6,-196.8,1286.5
719.2,-169.0,1319.3
677.4,-144.4,1396.2
-,-,-
-3691.3,-3690.7,-3689.1
-3300.8,-3256.6,-3184.8
-2872.5,-2800.8,-2672.6
-2447.4,-2347.7,-2132.8
-2022.3,-1879.7,-1598.2
-1607.5,-1407.3,-1029.4
-1200.5,-940.0,-487.8
-776.2,-463.0,96.2
-337.7, 9.8,657.0
-68.9,266.0,1013.3
-18.0,264.3,1032.5
42.9,252.3,1097.0
125.5,219.8,1090.6
230.3,169.7,1131.7
347.6,111.4,1114.7
454.8,53.4,1149.5
541.6, 2.7,1125.2
609.1,-38.1,1152.8
652.1,-68.8,1124.1
669.6,-88.1,1150.5
666.7,-94.1,1119.3
639.9,-84.1,1137.1
595.0,-65.9,1086.3
544.3,-46.1,1077.2
497.9,-31.2,1006.0
452.0,-20.3,985.4
399.2,-10.2,909.8
335.9, 6.8,895.8
260.2,27.1,836.4
177.6,49.7,843.8
99.5,70.9,804.0
30.1,89.7,828.6
-31.0,102.6,802.6
-85.4,110.9,835.9
-133.3,120.5,822.4
-176.2,135.5,870.9
-216.1,152.9,870.0
-263.3,178.2,931.6
-318.8,213.8,944.9
-380.9,259.7,1017.7
-443.3,310.7,1033.9
-504.9,370.0,1102.1
-560.1,433.1,1115.5
-602.7,493.4,1183.8
-632.9,552.8,1199.9
-652.8,605.4,1270.9
-662.1,651.7,1285.2
-664.6,692.9,1351.5
-668.2,730.7,1357.6
-674.5,769.3,1417.5
-682.4,807.6,1410.5
-690.0,839.3,1442.5
-686.9,859.0,1398.6
-669.6,865.3,1390.3
-638.6,860.5,1312.2
-596.9,844.5,1280.7
-545.4,818.0,1189.1
-483.0,784.4,1152.1
-401.7,743.7,1047.9
-291.2,690.3,992.9
-159.0,625.8,878.8
 0.9,540.8,816.4
195.0,424.7,705.8
420.2,282.3,673.7
653.2,130.7,623.6
871.9,-14.2,663.4
1033.3,-139.5,675.3
1116.0,-240.0,773.3
1146.3,-311.9,831.1
1148.9,-366.0,943.5
1135.6,-401.6,986.1
1117.8,-426.1,1054.7
1070.6,-428.5,1046.5
988.6,-406.3,1083.8
900.2,-375.3,1074.9
-,-,-
-3691.6,-3690.9,-3689.5
-3304.8,-3258.7,-3214.7
-2881.5,-2809.7,-2695.4
-2456.6,-2355.6,-2188.9
-2048.7,-1902.9,-1659.4
-1640.3,-1434.6,-1128.5
-1236.4,-959.6,-563.5
-838.3,-489.5,-22.6
-421.9,-15.8,553.3
-173.3,242.4,880.5
-134.6,259.8,933.7
-86.4,267.4,992.4
-13.7,262.6,1045.1
77.4,244.3,1100.7
173.7,214.3,1137.9
269.1,179.7,1174.2
356.4,148.7,1195.8
420.3,131.6,1215.1
462.0,122.0,1218.7
479.6,118.9,1218.7
475.8,121.1,1195.1
465.7,124.7,1163.6
457.8,128.2,1114.4
450.0,128.5,1072.6
429.3,129.3,1024.3
392.5,131.6,996.5
340.3,133.2,974.5
276.4,131.8,973.0
207.4,133.2,966.9
130.1,135.2,966.3
46.5,141.5,956.7
-40.9,152.2,952.4
-131.7,168.0,937.9
-224.6,187.1,930.5
-314.7,206.6,910.7
-401.3,228.1,896.6
-478.6,250.9,870.9
-547.3,276.3,860.2
-605.8,305.0,849.6
-656.2,334.0,858.4
-691.5,361.1,861.3
-704.7,383.1,881.3
-702.7,399.2,898.0
-691.6,413.7,929.7
-677.1,433.2,955.5
-668.8,454.8,992.8
-664.6,479.8,1019.6
-657.3,504.3,1052.7
-647.7,527.0,1071.8
-640.2,551.7,1094.7
-634.7,575.4,1101.6
-632.2,607.9,1115.9
-645.5,650.7,1117.7
-671.0,695.9,1125.4
-697.5,738.2,1116.9
-717.1,776.2,1110.8
-715.5,810.6,1082.7
-671.5,828.2,1057.2
-591.3,822.1,1015.1
-487.8,787.8,973.4
-366.3,722.9,910.7
-231.1,642.1,856.7
-89.5,556.4,794.6
52.0,472.4,753.1
192.1,387.7,715.1
316.5,304.5,711.7
444.8,228.8,708.2
600.8,149.3,725.7
781.8,65.6,744.9
986.1,-26.6,793.2
1206.1,-132.3,840.8
1400.6,-240.9,907.8
1508.4,-315.2,982.5
1527.1,-362.5,1074.5
1470.0,-370.7,1151.5
1349.0,-354.5,1231.6
-,-,-
-,-,-
-3690.6,-3690.5,-3688.1
-3234.8,-3217.9,-3152.1
-2778.8,-2761.6,-2610.7
-2301.4,-2298.2,-2060.7
-1819.3,-1845.6,-1501.8
-1319.7,-1390.1,-939.1
-806.4,-940.7,-361.7
-286.5,-507.6,195.6
256.6,-76.8,771.6
582.1,111.4,1064.1
674.6,65.3,1114.5
742.3,22.4,1107.3
787.8,-14.6,1128.3
814.4,-43.7,1091.8
822.6,-60.5,1091.8
809.3,-68.8,1041.7
778.2,-70.3,1036.0
736.0,-67.5,984.9
689.3,-60.9,980.7
646.3,-54.2,928.9
608.9,-47.0,928.2
569.1,-36.3,891.7
522.6,-24.2,912.3
473.3,-10.9,888.5
418.0,10.6,912.8
348.5,40.2,888.6
259.8,79.4,909.6
155.7,124.0,884.6
39.5,167.2,907.1
-65.3,204.3,880.6
-144.8,234.3,896.8
-203.3,257.2,866.8
-256.0,281.3,890.8
-306.6,315.6,876.9
-352.2,360.6,921.6
-394.1,417.8,928.8
-435.4,494.9,997.7
-485.7,585.6,1027.8
-554.4,683.7,1106.5
-638.5,786.2,1131.8
-709.8,881.7,1188.6
-753.1,961.9,1182.5
-779.8,1025.7,1213.0
-798.8,1080.0,1192.2
-816.1,1124.2,1215.1
-833.4,1159.5,1183.1
-843.5,1190.5,1192.5
-840.2,1216.0,1145.7
-817.0,1238.1,1136.4
-759.0,1255.4,1068.9
-648.7,1253.7,1040.5
-493.5,1217.8,958.7
-307.0,1137.0,913.3
-107.6,1017.7,813.0
97.6,882.6,772.3
313.6,740.2,705.8
532.7,588.1,709.4
749.8,426.8,677.0
960.3,254.8,699.2
1184.6,72.3,685.9
1420.4,-105.9,751.2
1649.4,-261.8,806.9
1827.6,-385.5,924.9
1918.0,-477.9,977.9
1912.5,-532.5,1055.1
1816.7,-545.1,1069.7
1626.3,-518.1,1131.6
-,-,-
-3691.6,-3690.8,-3688.6
-3299.8,-3232.3,-3139.1
-2886.5,-2764.2,-2605.5
-2465.1,-2294.7,-2038.2
-2047.7,-1834.9,-1513.4
-1613.5,-1371.0,-943.2
-1165.9,-910.1,-400.2
-716.6,-460.7,168.3
-252.4,-9.1,713.3
30.0,209.1,1030.5
109.7,180.9,1017.8
185.0,144.8,1056.5
261.6,106.8,1040.5
338.9,69.0,1076.1
401.1,35.2,1051.7
448.4, 5.2,1074.0
484.5,-18.0,1043.6
511.8,-33.4,1063.5
524.1,-43.2,1029.0
526.2,-48.9,1045.5
521.5,-52.4,1008.8
511.0,-54.6,1019.6
495.5,-55.5,975.8
477.4,-58.5,980.2
457.1,-65.1,927.2
436.2,-70.3,920.8
411.1,-73.7,864.4
379.5,-71.7,863.0
339.7,-67.0,815.5
301.4,-60.7,828.9
263.3,-53.8,800.1
222.7,-43.7,829.8
177.8,-28.7,813.4
122.6,-5.9,854.5
54.5,23.8,848.2
-23.2,59.2,891.7
-101.7,103.7,885.4
-184.5,158.4,924.4
-273.5,217.7,909.3
-363.8,285.6,946.9
-449.4,355.8,937.7
-523.8,424.8,986.3
-584.2,488.9,988.4
-630.9,553.2,1045.2
-670.1,614.8,1052.4
-705.5,672.8,1112.8
-734.2,728.2,1121.7
-755.8,784.6,1175.7
-769.7,839.6,1170.7
-776.1,890.4,1208.2
-778.0,934.7,1184.0
-776.5,969.9,1202.3
-772.9,992.5,1159.4
-758.2,1004.5,1156.3
-730.9,1010.1,1093.7
-697.1,1007.8,1077.0
-662.7,995.6,1006.2
-630.9,976.8,984.7
-590.7,951.6,914.5
-525.4,917.3,902.7
-421.1,868.5,849.2
-277.3,801.4,846.8
-92.6,702.7,781.9
128.1,574.0,758.1
-,-,-
-3692.2,-3690.0,-3688.9
-3353.4,-3208.0,-3200.8
-2979.2,-2701.4,-2645.4
-2580.6,-2200.3,-2120.3
-2176.2,-1716.8,-1569.7
-1757.5,-1233.7,-1051.1
-1327.7,-754.9,-494.6
-891.9,-289.3,23.7
-439.1,181.7,596.7
-146.1,415.7,908.8
-45.3,375.9,969.2
37.8,334.5,993.1
122.2,296.7,1053.2
223.0,253.8,1079.4
329.9,205.3,1138.8
427.3,151.8,1151.2
505.4,100.5,1182.8
570.2,54.7,1165.0
619.8,18.7,1166.4
649.8,-11.3,1118.6
661.4,-37.4,1103.6
648.5,-54.1,1056.8
617.6,-60.9,1048.1
587.2,-62.9,1008.5
569.8,-65.8,1009.3
561.8,-75.2,972.5
559.3,-92.0,967.3
562.1,-110.3,925.8
563.0,-121.0,918.9
547.4,-119.3,877.6
507.2,-103.4,871.6
437.8,-73.2,840.0
342.3,-30.5,849.2
224.0,23.9,836.7
97.3,88.0,873.4
-21.1,147.6,882.7
-118.5,200.5,929.9
-192.7,239.5,944.3
-253.8,271.4,990.9
-303.0,304.2,1002.2
-350.5,345.2,1045.3
-400.6,391.1,1054.9
-454.1,442.7,1094.1
-503.6,494.3,1094.3
-542.9,543.7,1123.8
-568.9,588.5,1116.9
-582.3,629.3,1142.8
-576.1,662.8,1131.6
-565.9,693.7,1149.2
-571.3,730.4,1124.8
-591.8,766.8,1126.7
-617.3,805.5,1097.7
-651.6,854.0,1109.9
-694.7,909.3,1095.9
-727.8,962.6,1117.2
-735.8,1005.4,1100.1
-712.9,1023.7,1109.4
-657.5,1010.0,1077.9
-575.5,972.4,1072.5
-481.4,920.9,1028.5
-378.1,857.1,1007.4
-255.9,783.0,940.3
-96.3,699.6,879.7
105.4,593.5,775.6
320.0,462.0,719.8
518.9,324.0,666.5
691.9,203.4,692.6
847.2,91.3,723.6
987.3,-9.9,813.7
1116.2,-108.6,884.6
1214.0,-205.0,994.2
1241.0,-293.4,1067.8
1199.3,-346.4,1144.9
1120.5,-361.4,1163.4
1036.4,-359.3,1180.4
958.8,-349.6,1140.4
885.2,-326.2,1110.1
795.8,-290.7,1045.2
-,-,-
-3691.2,-3690.8,-3688.6
-3270.3,-3235.9,-3194.8
-2843.6,-2776.1,-2681.8
-2441.2,-2312.9,-2176.9
-2052.4,-1828.4,-1641.5
-1674.7,-1338.2,-1110.0
-1302.0,-854.6,-572.9
-913.1,-363.1,-37.9
-500.8,125.5,508.0
-281.0,375.1,786.9
-267.1,393.5,848.1
-238.3,397.9,860.5
-175.1,385.0,910.5
-83.6,356.7,909.8
25.2,315.7,957.6
137.6,265.8,964.1
239.1,214.4,1025.1
317.6,172.2,1040.6
381.7,134.5,1098.9
436.2,100.2,1104.8
479.4,70.1,1145.7
511.1,40.1,1128.2
532.3,13.6,1145.1
540.4,-7.5,1103.1
536.7,-20.8,1101.3
512.8,-25.3,1049.7
467.8,-17.4,1046.6
408.2,-0.2,998.8
332.7,24.4,1002.5
242.1,52.6,963.3
151.1,80.3,973.6
72.2,109.9,941.4
 9.5,139.8,961.6
-43.8,163.7,934.9
-79.7,178.0,954.8
-117.9,195.1,927.8
-167.6,219.9,954.9
-220.7,252.4,941.9
-279.9,295.7,982.4
-352.6,347.6,976.5
-426.9,399.9,1014.8
-488.5,450.0,1004.1
-528.8,498.2,1038.4
-545.9,537.0,1022.4
-531.7,564.4,1049.2
-496.0,584.6,1022.5
-460.6,606.8,1041.9
-438.9,633.2,1014.5
-441.2,669.2,1038.6
-474.6,717.9,1017.5
-521.6,772.6,1042.4
-563.1,824.9,1011.7
-579.3,865.3,1024.0
-570.4,889.7,990.3
-542.2,894.5,1007.2
-507.3,881.9,975.3
-470.8,859.6,989.0
-432.8,830.5,946.7
-398.8,798.4,943.2
-366.9,769.7,887.5
-315.3,748.4,872.2
-220.4,721.0,802.6
-69.3,667.2,777.0
127.5,575.1,699.1
347.9,455.2,671.4
582.6,331.0,619.3
808.8,208.8,651.4
1011.7,92.3,673.6
1182.3,-20.6,783.1
1316.3,-140.7,870.6
1399.5,-251.9,1000.8
1439.4,-334.5,1069.4
1440.2,-376.8,1179.6
-,-,-
-,-,-
-3692.0,-3690.1,-3688.7
-3325.6,-3193.8,-3178.2
-2944.0,-2700.8,-2628.9
-2550.5,-2220.5,-2126.2
-2132.5,-1734.6,-1579.8
-1706.6,-1250.1,-1067.7
-1289.3,-770.5,-520.9
-865.1,-282.8, 9.4
-433.9,203.7,586.3
-173.6,435.7,879.6
-82.6,416.3,935.6
13.7,395.5,963.1
112.1,358.9,1027.0
210.9,311.1,1057.9
317.3,250.5,1114.3
428.5,177.8,1124.5
538.1,101.9,1153.3
634.4,32.5,1140.7
707.1,-29.1,1150.9
751.9,-80.5,1125.4
769.4,-111.7,1130.4
764.0,-120.7,1098.6
743.7,-116.4,1099.7
711.4,-98.1,1070.8
669.0,-69.5,1077.2
613.6,-36.4,1048.8
540.3, 2.4,1052.8
456.4,44.6,1022.7
368.6,85.0,1018.1
276.7,122.0,973.6
183.9,158.2,959.5
94.7,189.9,917.9
11.8,215.8,912.4
-63.5,239.3,883.8
-126.1,252.9,888.8
-169.2,256.8,866.8
-202.9,255.2,883.7
-232.7,250.3,875.3
-259.1,246.5,907.4
-282.3,243.3,908.8
-308.5,246.8,939.6
-336.1,252.4,935.7
-359.1,261.5,962.2
-375.0,273.2,961.9
-383.3,289.8,994.5
-387.9,311.9,998.8
-400.4,343.0,1034.7
-422.1,383.0,1036.1
-451.5,431.5,1065.7
-476.5,483.9,1060.9
-489.9,536.9,1084.6
-496.0,592.3,1078.3
-505.4,653.2,1104.0
-527.4,714.8,1099.2
-558.6,778.3,1124.9
-589.7,836.8,1117.6
-614.6,888.5,1139.8
-629.2,931.7,1121.5
-644.2,969.3,1124.2
-654.6,1004.8,1083.8
-634.9,1024.4,1069.1
-568.0,1020.9,1019.5
-455.9,989.8,1003.0
-313.7,931.0,955.5
-149.2,846.8,932.1
28.2,748.1,872.3
233.4,636.1,848.8
466.1,510.8,812.5
714.7,366.5,819.9
958.4,211.4,806.3
1183.7,56.6,836.1
1388.4,-89.5,854.8
1547.0,-212.3,920.4
1645.1,-307.8,961.3
1671.2,-368.6,1029.8
1606.3,-385.2,1059.2
1463.9,-364.0,1105.8
1281.7,-321.7,1107.8
1078.7,-260.3,1133.5
879.6,-192.3,1120.1
706.5,-133.8,1124.9
574.7,-84.4,1098.8
-,-,-
-3690.7,-3690.7,-3688.1
-3267.0,-3248.0,-3192.3
-2813.1,-2781.3,-2630.5
-2367.5,-2319.8,-2086.5
-1915.4,-1846.7,-1500.8
-1471.2,-1370.0,-929.7
-1044.5,-895.6,-340.0
-612.9,-413.2,236.6
-173.1,62.1,827.5
79.3,314.4,1147.1
97.2,299.9,1189.9
122.7,276.1,1165.3
150.4,245.4,1181.6
177.2,210.4,1135.1
204.8,170.6,1131.5
227.3,131.8,1067.2
242.6,100.2,1061.4
246.3,76.8,1006.3
236.4,62.7,1011.4
217.8,56.3,963.0
202.9,52.4,969.0
198.8,46.8,919.0
213.3,37.8,926.5
251.0,20.5,885.5
304.7,-1.5,910.1
348.7,-17.3,892.3
362.6,-19.4,939.4
343.7,-7.7,941.8
302.6,15.2,997.5
254.3,43.5,989.3
199.8,64.6,1023.1
136.8,83.0,992.7
69.5,102.0,1003.7
 1.3,119.0,951.4
-59.9,132.1,943.9
-117.3,151.7,882.7
-193.9,187.1,889.2
-300.2,238.4,862.2
-436.4,314.5,914.7
-578.9,412.5,927.8
-707.1,510.7,999.9
-806.1,606.0,1017.5
-868.8,691.0,1092.8
-891.6,759.4,1111.2
-878.3,805.0,1168.3
-841.2,835.3,1154.3
-791.6,854.2,1178.3
-743.0,866.9,1140.1
-705.8,882.7,1158.2
-690.3,906.2,1123.9
-695.8,935.8,1136.6
-700.9,965.1,1087.4
-681.2,985.4,1092.5
-625.8,982.1,1047.3
-545.6,956.4,1058.3
-446.4,912.5,1012.3
-330.9,855.5,1015.2
-195.2,784.7,949.9
-39.5,703.2,926.9
137.0,611.3,835.0
331.6,508.2,785.7
535.2,394.0,680.2
742.3,280.5,642.2
957.5,156.3,575.3
1154.0,32.2,597.7
1299.2,-72.8,598.8
1378.1,-150.5,690.7
1400.5,-201.9,757.6
1368.7,-227.0,909.7
1290.9,-227.9,1014.0
1190.7,-214.9,1164.5
1091.9,-197.5,1231.8
-,-,-
-,-,-
-,-,-
-3691.6,-3690.1,-3688.8
-3310.2,-3209.4,-3160.4
-2906.9,-2725.6,-2632.1
-2482.2,-2237.8,-2078.0
-2048.9,-1754.3,-1535.7
-1621.7,-1282.8,-982.6
-1186.5,-804.2,-430.7
-753.2,-327.2,138.5
-326.5,137.6,683.2
-69.1,379.5,1016.2
-32.6,344.1,1005.8
-6.1,310.0,1043.8
13.0,275.1,1025.8
30.0,242.7,1053.0
45.2,211.8,1024.5
60.0,183.0,1043.7
70.6,159.8,1011.5
72.2,141.8,1030.2
63.7,129.7,996.4
53.1,123.2,1015.0
44.0,121.7,986.1
32.9,124.1,1009.4
19.7,127.7,982.7
 8.8,131.8,1006.4
 8.1,135.1,979.3
27.6,137.0,1003.4
76.4,132.4,980.1
156.5,122.1,1010.1
256.4,95.0,991.1
376.3,46.6,1024.0
512.8,-13.3,1004.8
659.9,-71.7,1032.1
792.0,-119.4,1003.4
908.1,-158.2,1019.8
1009.4,-191.7,978.0
1089.1,-217.9,976.3
1142.5,-231.4,912.0
1144.9,-213.4,883.9
1078.8,-155.0,804.6
936.6,-64.9,785.7
729.8,49.1,731.4
495.9,170.7,745.2
244.5,302.8,725.0
-3.2,446.1,778.3
-237.7,589.5,800.0
-438.1,725.9,893.4
-579.9,847.6,949.5
-661.9,947.8,1057.3
-696.1,1033.4,1110.9
-704.1,1112.2,1209.2
-710.1,1182.2,1246.0
-719.7,1239.7,1324.7
-740.7,1288.1,1339.4
-767.8,1336.2,1390.8
-787.1,1378.2,1380.2
-784.0,1394.8,1411.5
-749.5,1382.8,1386.6
-683.2,1343.0,1408.3
-593.1,1281.3,1371.9
-482.9,1210.8,1384.3
-361.7,1134.0,1331.3
-249.5,1055.1,1321.3
-156.4,978.6,1256.9
-68.2,917.1,1231.3
32.2,869.0,1137.2
151.9,814.6,1066.0
298.4,731.2,917.1
464.7,615.9,799.6
631.2,483.8,622.6
787.8,350.3,514.4
937.7,213.6,393.5
1064.3,81.5,383.9
1196.6,-67.9,372.1
1413.0,-294.2,404.9
-,-,-
-,-,-
-,-,-
-,-,-
-,-,-
-3690.6,-3690.8,-3688.7
-3268.5,-3266.4,-3167.4
-2799.8,-2808.9,-2618.2
-2329.9,-2362.2,-2058.3
-1850.6,-1917.7,-1501.0
-1368.8,-1477.1,-914.3
-895.1,-1045.9,-347.1
-416.8,-608.7,249.5
55.8,-169.7,822.2
325.0,71.2,1170.9
322.2,55.9,1150.9
302.6,38.8,1172.6
275.2,29.3,1136.0
245.8,25.9,1141.3
212.5,23.5,1083.5
181.2,22.3,1075.8
154.6,20.8,1022.0
133.6,15.5,1031.6
120.2, 7.8,999.4
112.4, 0.7,1029.0
105.0,-5.1,1011.1
96.9,-8.0,1045.0
89.6,-7.5,1026.7
82.3,-4.4,1058.2
74.1,-1.8,1030.4
70.9,-0.5,1049.7
69.4, 0.3,1015.0
77.5, 1.4,1031.9
101.2, 1.1,997.2
140.3, 0.1,1015.8
190.5,-3.4,981.7
251.0,-11.3,1001.7
324.3,-27.7,975.9
401.7,-46.6,1006.6
473.6,-61.7,985.1
535.5,-70.2,1010.8
582.8,-74.9,978.1
620.5,-76.5,991.7
656.0,-83.8,949.1
694.1,-95.3,954.6
732.0,-103.6,901.4
765.1,-107.5,891.7
786.6,-103.2,828.3
792.2,-90.4,821.1
781.7,-70.2,771.9
755.3,-44.1,789.1
707.7,-4.9,765.9
633.2,45.1,796.6
518.4,108.7,773.9
365.8,188.3,808.6
181.7,286.2,796.3
-8.0,393.2,845.6
-195.5,506.3,851.2
-374.6,621.2,914.1
-539.4,737.4,927.3
-691.7,860.5,1002.5
-838.3,996.6,1042.0
-988.2,1144.5,1144.1
-1128.1,1292.7,1193.2
-1245.2,1424.9,1286.8
-1321.9,1530.0,1305.4
-1331.2,1597.0,1349.9
-1276.9,1623.4,1325.4
-1186.5,1603.6,1340.5
-1071.5,1544.4,1293.3
-920.6,1447.0,1291.9
-741.7,1319.2,1223.7
-553.6,1181.9,1199.8
-351.7,1042.0,1114.9
-120.7,902.7,1089.9
127.5,752.3,1024.3
384.3,575.4,1012.3
620.1,380.0,933.9
821.0,193.9,892.5
1002.1,27.5,792.2
1146.7,-111.2,752.8
1233.5,-216.0,688.9
1244.3,-292.2,722.1
1177.6,-338.9,730.3
1079.1,-355.4,789.5
1000.3,-356.3,786.6
975.4,-354.3,844.9
983.4,-361.9,874.8
982.7,-373.7,989.3
982.2,-390.6,1053.2
981.5,-408.4,1150.2
-,-,-
-,-,-
-3690.7,-3690.9,-3688.3
-3279.9,-3272.5,-3150.7
-2833.1,-2821.3,-2577.9
-2388.4,-2380.1,-2008.6
-1931.1,-1934.6,-1444.8
-1473.3,-1492.0,-877.8
-1025.2,-1059.2,-332.9
-574.9,-618.4,228.7
-129.2,-178.3,778.2
121.4,67.1,1095.7
119.7,56.9,1049.3
111.6,45.6,1048.7
98.4,35.2,1005.9
83.5,25.7,1011.9
67.8,17.9,977.1
55.4,13.0,991.2
48.1, 9.0,964.9
43.2, 6.7,989.7
37.8, 5.3,972.7
26.9, 3.8,1001.7
14.8, 2.5,985.3
10.4, 4.9,1014.6
10.4, 8.5,1000.2
10.9,14.2,1027.8
10.3,20.2,1009.6
18.3,23.1,1032.5
44.2,20.9,1007.2
85.7,18.5,1024.3
143.9,18.4,999.0
213.5,16.0,1024.8
290.8, 9.6,1010.9
376.3,-4.3,1044.8
479.4,-27.4,1032.3
596.1,-59.1,1057.4
707.1,-93.3,1025.6
799.7,-123.2,1024.6
878.4,-142.6,970.3
934.6,-149.7,953.0
962.1,-142.8,884.5
965.4,-121.7,863.6
938.7,-86.1,804.6
873.1,-29.3,800.0
776.0,43.8,760.9
653.3,127.0,778.7
506.3,215.5,759.1
345.6,306.3,786.0
180.1,403.9,776.4
15.7,509.1,820.4
-158.6,628.5,823.6
-343.4,766.7,880.0
-535.6,920.7,900.7
-712.1,1083.2,977.5
-866.7,1250.6,1016.4
-990.1,1409.3,1103.7
-1086.1,1545.1,1136.6
-1161.8,1653.9,1192.0
-1218.3,1727.6,1179.4
-1235.4,1764.7,1193.4
-1202.4,1760.7,1154.7
-1105.2,1720.7,1161.9
-945.2,1640.7,1130.8
-741.6,1521.5,1150.0
-537.2,1372.5,1122.5
-349.8,1209.7,1136.4
-164.1,1039.1,1097.6
22.4,864.9,1092.4
216.9,687.7,1020.1
419.3,497.5,968.4
589.9,311.1,853.5
720.4,147.8,778.0
844.9, 2.1,660.2
986.3,-126.6,606.3
1147.3,-245.4,532.7
1314.8,-360.5,539.7
1469.8,-462.9,543.2
-,-,-
-3691.4,-3690.6,-3688.3
-3283.7,-3233.4,-3130.0
-2859.0,-2782.7,-2601.8
-2426.2,-2347.3,-2048.3
-1976.9,-1910.3,-1517.5
-1524.6,-1475.6,-952.1
-1081.4,-1049.5,-426.9
-635.6,-615.6,143.3
-194.3,-180.7,685.1
37.1,24.2,976.3
52.5, 4.5,985.5
52.9,-9.5,1012.0
41.3,-16.5,1018.5
24.1,-21.6,1033.8
 8.0,-24.8,1032.7
-6.4,-28.5,1040.7
-18.9,-34.3,1027.7
-29.2,-41.5,1023.5
-35.8,-47.0,1005.4
-46.8,-49.2,1002.4
-61.1,-49.2,989.3
-72.7,-46.9,994.0
-78.5,-43.9,989.0
-80.5,-39.5,998.8
-80.2,-31.9,998.3
-79.6,-20.8,1011.4
-76.7,-9.0,1011.6
-64.7, 2.0,1019.3
-33.4,11.8,1010.7
13.4,20.6,1019.0
70.5,26.2,1014.7
140.5,22.8,1024.8
225.4, 5.8,1025.0
324.5,-21.8,1037.8
430.2,-51.9,1032.8
530.5,-80.7,1036.0
615.2,-104.5,1022.6
686.1,-124.5,1015.6
751.5,-145.0,985.3
808.2,-166.4,962.8
845.7,-184.6,916.5
853.8,-183.5,883.6
829.0,-157.3,843.0
774.0,-111.3,823.1
691.7,-44.5,793.9
577.6,42.4,785.8
429.9,150.7,774.3
258.0,278.6,790.7
64.5,432.7,807.4
-136.4,607.7,845.7
-335.6,792.3,873.6
-520.4,978.8,919.0
-696.6,1170.2,961.2
-863.4,1356.7,1025.1
-1010.4,1523.9,1075.7
-1144.4,1672.5,1131.0
-1250.5,1797.5,1150.7
-1302.5,1885.5,1165.5
-1292.1,1932.5,1153.9
-1215.7,1930.8,1151.1
-1083.1,1874.1,1133.2
-898.2,1765.7,1125.0
-689.4,1622.6,1094.6
-479.3,1464.5,1074.5
-261.1,1292.3,1037.2
-39.8,1117.2,1013.1
169.9,946.1,960.6
368.6,773.5,904.1
553.3,601.6,811.3
740.6,425.4,716.2
961.5,232.0,611.9
1208.5,31.4,539.6
1436.9,-168.5,479.3
1604.9,-339.4,471.3
1704.0,-470.6,502.9
-,-,-
-3691.0,-3690.8,-3688.5
-3283.7,-3260.6,-3147.0
-2852.4,-2815.3,-2615.5
-2403.9,-2366.7,-2034.7
-1947.9,-1925.4,-1489.6
-1493.6,-1497.7,-917.9
-1028.0,-1066.8,-374.1
-570.0,-643.8,198.2
-110.4,-211.0,743.6
147.0,30.1,1077.7
143.3,18.9,1057.1
127.1,13.5,1072.7
103.4,12.5,1041.4
75.9,14.6,1047.2
48.5,16.9,1013.8
24.5,19.0,1021.2
 5.9,18.7,989.3
-1.1,13.9,998.6
-0.5, 5.0,972.4
-3.5,-5.1,988.2
-3.3,-11.8,972.5
-1.5,-14.8,999.3
-6.2,-12.6,985.1
-18.0,-5.0,1007.3
-37.5, 5.5,988.3
-60.3,17.8,1005.2
-76.2,27.4,984.7
-71.4,35.1,1004.1
-58.6,38.6,982.8
-51.6,39.6,997.8
-45.4,38.7,976.3
-29.1,35.3,997.3
-3.9,31.3,979.3
20.4,30.2,998.7
39.8,30.5,977.6
57.1,31.6,991.2
80.3,31.9,963.8
115.9,27.5,974.7
167.8,17.3,947.8
227.2, 2.1,958.5
282.5,-16.4,927.3
340.3,-38.8,931.7
404.7,-60.4,894.8
468.7,-80.5,898.1
525.4,-97.5,868.1
578.1,-112.7,877.7
628.1,-118.4,851.6
676.6,-112.0,870.5
709.1,-100.7,868.2
720.7,-77.9,915.9
713.3,-49.9,930.7
684.0,-13.1,985.4
628.4,38.4,991.3
537.2,105.8,1015.5
404.6,182.8,982.7
227.2,268.1,985.2
20.7,367.7,956.3
-193.9,477.7,968.7
-409.7,593.8,954.0
-625.8,716.4,984.3
-824.1,834.2,984.5
-996.8,944.7,1044.3
-1133.9,1055.7,1099.2
-1237.5,1164.9,1207.9
-1307.9,1264.8,1273.7
-1335.6,1344.9,1358.8
-1314.7,1394.7,1379.4
-1238.1,1412.8,1416.3
-1117.8,1397.5,1400.2
-976.2,1355.8,1409.9
-831.7,1290.5,1358.3
-686.9,1204.8,1326.4
-530.5,1106.3,1248.5
-359.8,994.8,1202.0
-180.6,878.1,1105.1
11.2,760.0,1039.4
224.8,627.7,926.1
462.5,475.1,850.4
725.4,306.9,761.2
989.6,142.2,744.5
1225.1,-16.4,725.1
1403.5,-155.5,776.2
1536.9,-269.3,814.6
1622.7,-368.7,907.5
1642.8,-449.2,955.2
1587.0,-492.5,1032.7
-,-,-
-,-,-
-,-,-
-,-,-
-3690.9,-3690.5,-3687.7
-3274.4,-3224.8,-3122.4
-2860.3,-2756.1,-2566.9
-2429.2,-2280.9,-1974.8
-1985.7,-1813.2,-1414.0
-1537.9,-1362.0,-847.6
-1079.8,-909.6,-304.7
-620.5,-461.5,258.3
-166.2,-21.5,789.2
96.5,201.7,1082.1
135.8,174.2,1071.7
161.9,147.5,1057.0
174.4,124.0,1047.1
175.7,106.1,1041.4
171.6,90.9,1043.1
166.9,81.1,1043.2
155.9,73.2,1044.8
136.4,68.6,1040.3
113.4,64.5,1035.0
89.3,58.4,1023.3
68.3,57.8,1015.6
43.0,63.0,1007.3
19.1,71.7,1005.9
 3.9,79.5,1004.9
 4.4,79.8,1007.5
20.4,74.3,1008.0
42.2,68.0,1009.3
68.3,62.2,1003.4
104.1,53.4,1000.4
147.5,41.9,995.9
194.0,28.7,996.4
236.1,18.9,996.6
269.7,17.6,1004.3
287.2,23.3,1011.9
303.4,27.3,1025.1
329.1,27.0,1035.0
358.9,20.7,1044.0
388.0, 8.3,1039.5
418.4,-10.2,1025.9
449.6,-30.4,1000.5
480.3,-56.0,972.5
519.8,-85.5,937.9
564.7,-117.7,906.8
601.5,-148.8,872.5
631.0,-172.9,845.0
643.4,-187.8,819.8
622.8,-185.7,808.6
563.3,-165.0,800.1
466.9,-122.9,792.2
335.7,-54.6,777.7
166.1,36.7,764.6
-33.9,152.4,752.5
-258.4,290.4,751.7
-486.8,445.1,759.2
-700.0,612.5,781.1
-889.5,781.3,811.3
-1055.5,945.8,864.5
-1188.6,1093.5,933.1
-1288.2,1211.2,1009.6
-1350.9,1303.3,1080.6
-1377.4,1363.4,1139.1
-1366.2,1392.3,1173.2
-1312.3,1387.9,1186.5
-1216.3,1343.5,1176.4
-1090.0,1273.7,1158.6
-937.7,1185.6,1135.7
-758.8,1084.7,1118.8
-558.7,975.2,1104.8
-335.2,853.1,1093.8
-105.8,724.0,1071.4
106.0,591.4,1042.7
305.3,459.4,1002.8
498.3,334.5,962.1
686.7,216.4,915.3
883.5,97.0,869.7
1081.5,-19.7,832.9
1245.8,-138.0,815.8
1355.5,-257.6,816.6
1437.9,-364.7,848.9
1493.1,-442.2,902.7
1500.4,-489.3,964.9
1444.9,-505.4,1011.7
1314.2,-488.9,1037.5
1113.0,-441.2,1034.3
888.0,-370.6,1011.1
694.4,-281.6,975.2
-,-,-
-3691.8,-3690.3,-3688.1
-3340.4,-3240.7,-3160.3
-2955.8,-2768.3,-2641.6
-2547.4,-2288.9,-2084.5
-2121.0,-1819.4,-1571.3
-1669.2,-1350.8,-1004.4
-1209.2,-891.1,-460.4
-752.4,-443.9,121.8
-285.8, 6.6,684.9
20.7,252.4,1046.2
91.6,217.9,1060.5
133.2,191.6,1104.9
142.0,164.9,1115.3
120.9,145.9,1137.9
92.7,133.5,1118.9
67.4,124.7,1111.2
40.6,115.7,1067.8
18.8,106.1,1046.1
 6.6,93.3,1002.6
 6.4,77.0,990.3
17.2,59.5,959.1
29.0,41.5,963.7
30.6,27.3,946.6
20.8,17.8,958.5
11.1,13.3,946.8
-2.5,13.6,961.7
-24.0,16.4,953.0
-46.5,20.8,969.2
-64.8,24.9,958.6
-74.6,25.0,970.0
-71.6,21.3,955.1
-60.7,17.7,965.1
-55.8,15.8,948.6
-66.2,17.8,954.3
-82.3,25.0,934.2
-86.6,34.6,942.1
-77.1,44.5,925.1
-59.4,56.1,936.1
-40.4,68.2,925.3
-15.0,82.7,942.0
27.8,93.1,932.5
93.1,92.7,948.2
190.0,82.1,937.0
302.2,61.7,944.5
420.6,36.3,922.3
539.2, 6.5,929.1
651.3,-21.0,914.4
748.4,-39.1,925.9
820.8,-48.5,913.5
863.6,-35.4,930.0
873.8,-7.0,921.5
840.7,38.7,940.0
763.6,101.4,931.7
644.8,168.3,945.1
497.4,237.2,931.9
347.2,299.1,945.6
205.5,355.9,935.5
75.7,408.2,955.1
-46.8,459.2,957.3
-170.7,527.3,999.0
-321.2,614.2,1034.6
-501.3,720.9,1102.0
-696.2,844.3,1136.6
-882.0,969.7,1176.5
-1051.3,1087.8,1164.5
-1188.4,1189.6,1157.9
-1282.7,1267.5,1114.2
-1335.7,1315.6,1094.6
-1323.1,1319.5,1049.3
-1238.2,1287.9,1037.8
-1098.9,1229.0,1018.2
-930.9,1155.8,1043.4
-749.0,1081.2,1054.8
-565.1,1008.6,1095.8
-377.0,936.1,1093.0
-170.7,848.2,1088.8
52.7,730.8,1017.5
286.2,584.6,938.3
510.9,430.9,827.2
720.7,285.2,752.2
901.4,154.8,683.5
1042.6,39.3,685.7
1142.8,-64.2,712.0
1200.8,-154.7,802.7
1230.2,-221.3,890.0
1235.6,-262.0,1010.4
1227.6,-290.0,1087.5
1207.8,-311.9,1159.9
-,-,-
-3691.2,-3690.3,-3688.5
-3302.3,-3244.4,-3156.3
-2871.3,-2772.5,-2615.5
-2435.7,-2315.1,-2049.3
-1981.3,-1855.1,-1507.5
-1519.2,-1399.5,-930.4
-1062.6,-956.3,-392.5
-597.2,-510.1,190.8
-130.8,-67.3,740.6
157.1,163.8,1081.4
199.6,126.7,1062.3
226.1,96.2,1090.8
235.0,72.3,1065.3
228.4,54.6,1083.7
209.3,42.5,1048.7
186.9,34.3,1058.4
164.1,28.0,1020.3
143.3,23.1,1032.0
120.3,19.8,996.5
99.3,18.0,1010.8
82.9,20.0,978.4
69.7,21.7,999.2
59.4,26.2,974.7
57.5,33.2,998.9
67.1,36.6,972.7
95.8,37.1,993.7
144.8,30.6,966.9
214.8,10.2,985.7
302.2,-20.8,961.8
401.3,-55.7,994.0
501.6,-88.9,982.4
602.1,-123.4,1020.7
695.8,-150.2,1010.2
767.5,-165.2,1045.7
808.1,-167.0,1029.0
826.3,-159.4,1052.6
823.0,-138.6,1020.0
791.5,-110.9,1021.1
735.6,-82.1,953.8
664.5,-49.4,925.7
578.2,-14.8,850.8
472.9,22.3,837.9
349.7,67.5,790.6
208.9,121.1,803.9
59.6,187.7,778.6
-82.5,254.0,804.9
-209.1,321.4,789.6
-316.8,385.4,833.4
-409.9,440.3,833.3
-493.6,494.0,875.7
-573.8,549.5,867.7
-641.2,606.1,912.6
-696.1,661.3,920.7
-739.0,719.0,990.7
-770.9,786.1,1028.1
-786.1,862.2,1128.2
-785.7,940.2,1183.2
-775.0,1014.2,1289.8
-746.0,1072.9,1335.8
-703.8,1113.8,1403.4
-653.4,1143.0,1391.7
-598.6,1167.4,1405.0
-552.7,1191.9,1361.1
-522.3,1211.9,1369.1
-496.8,1218.5,1330.6
-450.6,1204.4,1339.2
-367.2,1165.2,1287.4
-256.8,1096.3,1267.6
-128.5,997.0,1172.8
22.3,861.1,1097.6
191.5,694.7,948.0
378.2,509.2,843.0
582.7,316.8,708.2
814.4,129.0,648.1
1055.5,-49.8,570.1
1280.5,-222.7,583.5
1478.8,-374.8,592.8
1635.7,-496.7,695.0
1720.3,-570.2,777.3
1720.0,-595.6,910.9
1634.6,-575.4,976.2
-,-,-
-3691.0,-3690.5,-3688.6
-3292.1,-3253.3,-3166.3
-2856.6,-2794.5,-2606.9
-2398.3,-2334.8,-2041.7
-1928.2,-1881.8,-1474.7
-1458.6,-1442.2,-923.3
-977.8,-999.1,-360.0
-494.6,-557.8,199.0
-20.9,-125.0,752.1
280.1,119.8,1086.9
315.5,94.7,1070.0
328.2,79.9,1087.7
324.2,72.9,1074.4
311.5,71.0,1089.7
296.1,72.1,1070.9
284.5,72.0,1076.1
277.1,70.5,1048.4
275.7,66.0,1045.5
283.2,60.7,1007.2
298.6,55.3,996.9
320.0,47.4,956.6
347.7,37.8,952.1
385.4,26.2,920.3
427.1,11.4,923.9
469.7,-8.1,900.2
514.8,-30.5,906.3
565.0,-51.7,884.1
610.7,-79.4,893.7
652.6,-110.8,874.3
692.2,-136.8,882.9
718.4,-155.2,855.7
729.8,-163.9,848.8
722.2,-163.2,798.9
684.3,-141.3,777.2
591.5,-99.3,738.2
443.7,-30.6,751.4
259.7,75.2,755.6
51.8,201.5,798.4
-178.7,347.0,815.7
-423.5,513.3,878.5
-683.6,692.7,939.2
-923.5,872.0,1045.5
-1119.5,1039.6,1124.9
-1256.8,1174.2,1215.9
-1337.8,1268.7,1255.8
-1370.0,1318.6,1300.1
-1351.4,1331.8,1301.6
-1280.1,1301.0,1319.6
-1163.8,1235.3,1289.5
-1016.7,1152.5,1279.2
-858.8,1054.6,1229.3
-702.0,955.7,1196.1
-545.6,859.8,1124.7
-402.8,773.8,1081.1
-286.1,704.2,1021.7
-193.7,648.7,1007.1
-114.1,605.1,967.7
-41.8,566.0,954.6
34.3,524.1,904.8
136.5,470.9,886.0
257.7,406.9,837.2
375.8,342.5,811.9
489.2,278.1,752.4
610.5,202.1,726.1
732.8,122.2,690.3
844.2,43.5,717.1
941.0,-39.1,740.6
1010.7,-124.8,812.0
1066.7,-213.9,852.2
1121.1,-301.1,916.8
-,-,-
-,-,-
-3690.9,-3690.2,-3688.8
-3300.1,-3243.5,-3137.2
-2881.9,-2755.6,-2563.5
-2445.6,-2287.9,-1952.1
-1995.9,-1852.3,-1388.9
-1520.0,-1431.0,-786.2
-1037.5,-1026.8,-235.1
-544.9,-610.3,359.3
-65.5,-179.0,913.8
210.8,56.7,1247.0
-,-,-
-3690.7,-3691.0,-3689.1
-3276.0,-3281.7,-3197.8
-2828.4,-2835.3,-2641.2
-2394.1,-2390.0,-2102.6
-1962.3,-1932.3,-1528.8
-1545.3,-1471.0,-968.6
-1144.7,-1017.1,-396.8
-733.2,-557.9,160.6
-305.1,-104.9,731.5
-53.0,148.6,1053.1
-44.8,146.5,1060.1
-34.4,135.7,1068.2
-23.7,119.2,1056.6
-9.1,101.3,1052.2
11.0,86.0,1035.5
21.8,74.5,1032.2
13.1,67.4,1023.5
-6.7,65.1,1031.0
-30.4,63.2,1027.8
-48.4,57.9,1027.6
-56.1,50.9,1015.9
-55.6,43.8,1013.6
-49.9,31.3,999.1
-34.4,16.6,992.9
-9.1, 1.6,977.5
 5.8,-8.4,974.1
 5.6,-15.2,962.0
 1.6,-16.2,966.3
-0.7,-13.3,966.0
-0.9,-11.5,973.9
 2.1,-10.5,970.6
11.1,-7.3,978.7
24.3,-3.4,977.1
47.3, 3.0,984.0
86.4,13.4,981.5
134.5,25.9,987.4
189.0,35.4,978.1
254.3,32.2,968.4
344.6,14.4,945.1
449.1,-11.7,927.8
552.0,-42.6,896.6
643.3,-70.0,871.5
722.9,-96.2,836.6
787.1,-119.7,812.4
833.4,-135.4,783.6
857.6,-138.7,776.4
853.1,-124.7,776.0
813.3,-95.2,791.5
743.8,-52.2,800.2
651.9,-3.8,820.4
539.0,56.3,840.4
399.0,134.5,877.6
228.3,237.8,918.4
35.0,369.3,983.5
-192.2,542.9,1056.0
-447.8,749.4,1146.1
-717.3,972.0,1225.1
-969.5,1189.0,1300.5
-1190.6,1390.4,1357.5
-1357.4,1563.5,1408.9
-1458.2,1696.5,1441.5
-1491.9,1786.0,1479.2
-1447.0,1813.4,1503.9
-1323.9,1775.8,1526.5
-1132.2,1680.2,1527.3
-898.2,1543.6,1509.1
-632.7,1384.8,1449.9
-350.7,1207.6,1347.4
-63.2,1005.4,1203.8
236.3,783.8,1063.0
520.5,564.1,940.7
775.9,353.5,850.2
1016.2,159.0,766.5
1261.6,-29.1,698.0
1481.5,-206.0,653.0
1629.7,-349.3,673.1
1698.6,-444.4,746.4
1683.1,-486.6,850.7
1601.7,-496.1,920.6
1482.2,-489.0,950.2
1332.5,-459.9,950.6
1147.6,-409.8,968.1
945.7,-340.3,994.7
760.2,-264.8,1032.4
619.0,-202.9,1051.8
-,-,-
-3691.0,-3691.0,-3688.4
-3253.9,-3245.6,-3119.5
-2824.0,-2813.8,-2598.5
-2383.8,-2375.7,-2036.5
-1947.2,-1946.1,-1516.3
-1498.9,-1509.8,-952.9
-1048.5,-1072.5,-419.2
-609.7,-639.9,140.7
-167.4,-197.7,678.8
56.0,23.9,963.8
61.7,28.2,968.1
64.4,31.1,987.7
64.9,35.1,993.9
64.0,40.0,1012.0
62.6,43.3,1010.4
64.2,44.2,1012.3
71.9,41.8,996.7
87.2,40.3,989.5
107.4,41.6,970.2
127.3,47.3,965.4
151.9,57.0,954.3
191.5,65.0,956.3
244.9,69.9,948.5
314.4,67.8,954.9
401.1,55.2,953.1
496.1,30.3,963.8
590.4,-6.0,955.5
678.4,-41.1,950.7
755.6,-69.8,924.3
811.2,-90.6,900.1
842.2,-104.5,855.8
849.9,-118.8,825.4
827.5,-127.6,793.5
772.8,-120.7,788.3
688.5,-95.1,779.2
573.6,-59.5,784.8
435.9,-20.3,777.1
288.9,22.8,794.4
127.7,80.0,823.3
-49.6,156.1,890.0
-236.7,253.9,955.5
-426.0,360.9,1027.3
-621.2,470.8,1076.3
-807.7,584.9,1137.8
-966.3,698.0,1195.2
-1102.5,814.6,1281.5
-1216.0,922.2,1352.0
-1302.3,1012.6,1421.6
-1353.8,1079.9,1459.4
-1366.9,1122.6,1493.9
-1335.7,1137.7,1490.9
-1256.5,1123.3,1483.9
-1145.5,1080.8,1438.0
-1017.8,1015.2,1381.0
-877.1,928.1,1285.5
-730.6,830.1,1194.1
-583.1,731.9,1085.8
-425.1,633.9,994.4
-244.7,539.0,900.8
-35.4,434.3,842.7
197.0,314.2,788.1
447.1,176.9,754.5
694.9,37.2,721.7
914.3,-83.2,736.2
1085.3,-178.6,770.3
1208.8,-251.6,842.5
1293.5,-316.0,914.1
1345.9,-369.2,1005.8
1360.5,-402.1,1075.4
1327.8,-410.2,1151.7
1248.3,-385.8,1205.9
1128.8,-340.9,1252.2
996.6,-291.6,1239.8
859.2,-240.6,1211.2
704.5,-183.8,1150.5
527.0,-116.0,1100.0
