-,-,-
-177.7,-226.9,922.2
30.1,-76.1,987.3
47.6,-76.1,987.3
33.3,-79.3,969.8
47.6,-79.3,993.6
47.6,-79.3,987.3
31.7,-80.9,974.6
52.3,-95.2,985.7
55.5,-79.3,987.3
49.2,-77.7,993.6
50.7,-79.3,990.4
153.9,-230.1,966.6
231.7,-306.3,998.4
-17.4,1.5,985.7
33.3,22.2,1123.8
-76.1,47.6,1042.8
85.7,-80.9,947.6
30.1,-282.5,988.8
-46.0,-249.2,993.6
-,-,-
-77.7,96.8,1626.9
-225.4,-326.9,974.6
57.1,-100.0,965.0
52.3,-95.2,985.7
26.9,-98.4,971.4
-1.5,-536.5,896.8
49.2,-276.1,1017.4
253.9,-231.7,965.0
7.9,-144.4,938.1
49.2,-22.2,965.0
130.1,50.7,936.5
403.1,209.5,993.6
57.1,257.1,1022.2
176.1,-106.3,961.9
-50.7,-182.5,1226.9
-530.1,-244.4,860.3
-28.5,-69.8,1022.2
53.9,-77.7,973.0
230.1,-96.8,971.4
-,-,-
-28.5,53.9,1147.6
273.0,-19.0,971.4
123.8,-80.9,969.8
50.7,-125.4,992.0
-95.2,-628.5,909.5
109.5,-257.1,920.6
-20.6,-53.9,893.6
33.3,73.0,998.4
125.4,73.0,985.7
339.6,253.9,995.2
253.9,198.4,987.3
28.5,22.2,1100.0
-225.4,-173.0,961.9
-126.9,-250.7,1044.4
-119.0,-333.3,969.8
98.4,-98.4,968.2
-,-,-
-223.8,-49.2,1201.5
71.4,-98.4,985.7
52.3,-68.2,995.2
79.3,-222.2,1066.6
174.6,-95.2,1061.9
46.0,-373.0,896.8
258.7,-119.0,992.0
174.6,-30.1,998.4
-47.6,76.1,965.0
77.7,134.9,969.8
384.1,174.6,965.0
111.1,184.1,966.6
-180.9,-3.1,1039.6
-298.4,-298.4,1049.2
-130.1,-279.3,998.4
-53.9,-322.2,942.8
-,-,-
-120.6,6.3,1114.2
73.0,-74.6,985.7
74.6,-44.4,995.2
60.3,-96.8,971.4
57.1,-77.7,987.3
80.9,-334.9,968.2
7.9,-326.9,944.4
-26.9,-274.6,987.3
50.7,-22.2,841.2
52.3,-95.2,1020.6
152.3,77.7,946.0
130.1,98.4,1023.8
174.6,209.5,1120.6
161.9,-44.4,1120.6
28.5,-120.6,968.2
-123.8,-273.0,990.4
-373.0,-352.3,1042.8
-126.9,-300.0,960.3
-,-,-
-173.0,82.5,1120.6
84.1,-74.6,987.3
53.9,-77.7,990.4
46.0,-274.6,960.3
153.9,-76.1,1117.4
46.0,-360.3,839.6
206.3,-50.7,971.4
46.0,-25.4,974.6
130.1,28.5,971.4
123.8,76.1,996.8
385.7,200.0,1012.7
209.5,84.1,1023.8
-47.6,123.8,1253.9
-126.9,-225.4,1093.6
-77.7,-300.0,966.6
-98.4,-230.1,1022.2
180.9,-104.7,969.8
-,-,-
-103.1,30.1,1046.0
73.0,-77.7,973.0
53.9,-92.0,969.8
57.1,-79.3,985.7
55.5,-76.1,984.1
131.7,-201.5,1019.0
131.7,-326.9,942.8
204.7,-176.1,1044.4
-19.0,-128.5,992.0
47.6,150.7,1044.4
85.7,134.9,1041.2
79.3,95.2,995.2
717.4,225.4,996.8
109.5,-177.7,888.8
130.1,-101.5,1044.4
-52.3,-200.0,939.6
-79.3,-258.7,1015.8
20.6,-246.0,958.7
-,-,-
-53.9,34.9,973.0
49.2,-80.9,992.0
100.0,-353.9,987.3
104.7,-307.9,973.0
152.3,-228.5,922.2
179.3,-52.3,1042.8
25.4,-95.2,1017.4
-49.2,103.1,973.0
3.1,120.6,1039.6
306.3,134.9,993.6
304.7,107.9,993.6
207.9,128.5,1012.7
-,-,-
-203.1,-1.5,995.2
84.1,-76.1,968.2
73.0,-77.7,1352.3
55.5,-74.6,922.2
71.4,-225.4,988.8
6.3,-360.3,993.6
155.5,-271.4,914.2
76.1,-20.6,1088.8
50.7,-1.5,990.4
155.5,182.5,993.6
200.0,250.7,1012.7
177.7,182.5,961.9
100.0,-130.1,1019.0
-30.1,-74.6,1017.4
74.6,-301.5,965.0
-73.0,-252.3,960.3
1.5,-307.9,960.3
52.3,-130.1,985.7
-,-,-
-149.2,203.1,1019.0
49.2,-130.1,987.3
107.9,-295.2,965.0
184.1,-253.9,990.4
57.1,-230.1,861.9
1.5,-55.5,1044.4
131.7,58.7,1042.8
260.3,155.5,987.3
431.7,230.1,1019.0
311.1,106.3,985.7
49.2,-79.3,944.4
-155.5,-207.9,915.8
-222.2,-301.5,942.8
49.2,-403.1,1011.1
-,-,-
-96.8,-195.2,1119.0
101.5,-300.0,942.8
58.7,-223.8,1022.2
150.7,-225.4,987.3
111.1,-173.0,974.6
31.7,23.8,965.0
-15.8,57.1,1141.2
1.5,77.7,992.0
284.1,174.6,988.8
226.9,71.4,966.6
55.5,82.5,960.3
-23.8,30.1,860.3
73.0,-176.1,1038.1
-150.7,-209.5,888.8
-,-,-
-79.3,147.6,996.8
82.5,-276.1,942.8
25.4,-334.9,939.6
1.5,-252.3,996.8
182.5,-257.1,892.0
130.1,-52.3,992.0
26.9,84.1,784.1
223.8,150.7,992.0
333.3,230.1,909.5
0.0,-249.2,1114.2
-95.2,184.1,995.2
-,-,-
-125.4,101.5,1020.6
57.1,-122.2,969.8
71.4,-71.4,969.8
57.1,-131.7,973.0
50.7,-150.7,1017.4
-23.8,-233.3,946.0
76.1,-225.4,974.6
158.7,-76.1,1090.4
180.9,134.9,1114.2
285.7,130.1,1044.4
173.0,200.0,1012.7
23.8,23.8,1061.9
-103.1,-203.1,868.2
-171.4,-273.0,1049.2
-169.8,-323.8,1069.8
76.1,-222.2,944.4
-,-,-
4.7,100.0,969.8
153.9,-358.7,920.6
22.2,-304.7,998.4
6.3,-303.1,1044.4
98.4,-219.0,1061.9
31.7,-126.9,946.0
95.2,20.6,1041.2
161.9,4.7,1020.6
236.5,126.9,993.6
225.4,185.7,961.9
282.5,53.9,1088.8
-1.5,98.4,1014.2
60.3,131.7,787.3
-52.3,-152.3,1020.6
-79.3,-157.1,985.7
-71.4,-323.8,1012.7
-,-,-
-98.4,82.5,963.4
49.2,-93.6,985.7
50.7,-96.8,985.7
52.3,-79.3,988.8
101.5,-255.5,969.8
30.1,-322.2,1039.6
33.3,-380.9,1092.0
80.9,-173.0,1034.9
130.1,-4.7,939.6
98.4,77.7,1093.6
131.7,107.9,1069.8
158.7,207.9,988.8
149.2,252.3,1017.4
149.2,-93.6,1096.8
74.6,-146.0,1090.4
-155.5,-176.1,1063.4
-,-,-
-244.4,49.2,1038.1
53.9,-53.9,987.3
58.7,-55.5,973.0
28.5,-98.4,988.8
126.9,-231.7,965.0
4.7,-280.9,965.0
-1.5,-304.7,763.4
98.4,-79.3,941.2
57.1,-80.9,1044.4
180.9,55.5,1147.6
6.3,185.7,987.3
71.4,182.5,1195.2
101.5,-100.0,971.4
74.6,53.9,923.8
-69.8,-120.6,912.7
-130.1,-333.3,1120.6
-50.7,-511.1,1036.5
-269.8,-23.8,988.8
-,-,-
-71.4,-93.6,942.8
82.5,-104.7,968.2
185.7,-193.6,993.6
-52.3,-311.1,706.3
71.4,-130.1,1296.8
158.7,79.3,1012.7
109.5,74.6,790.4
-100.0,100.0,839.6
204.7,149.2,1074.6
111.1,228.5,1038.1
349.2,-26.9,1123.8
96.8,103.1,1023.8
-44.4,19.0,966.6
-3.1,-257.1,938.1
-150.7,-196.8,884.1
-150.7,-320.6,974.6
9.5,-203.1,965.0
-,-,-
-249.2,-50.7,1042.8
74.6,-23.8,992.0
49.2,-79.3,988.8
0.0,-157.1,1017.4
58.7,-377.7,760.3
-125.4,-347.6,1063.4
120.6,-125.4,1011.1
-28.5,-77.7,1060.3
104.7,60.3,1274.6
103.1,223.8,1038.1
306.3,228.5,1088.8
482.5,182.5,992.0
82.5,-158.7,834.9
109.5,-201.5,1036.5
-249.2,-273.0,838.1
-125.4,-311.1,987.3
-173.0,-176.1,1012.7
-,-,-
-149.2,57.1,969.8
33.3,-76.1,987.3
-100.0,-119.0,1023.8
-50.7,-226.9,985.7
-69.8,-398.4,763.4
233.3,30.1,939.6
23.8,-25.4,942.8
52.3,152.3,911.1
160.3,201.5,1049.2
230.1,157.1,996.8
123.8,28.5,1015.8
-44.4,4.7,922.2
-3.1,-46.0,885.7
-179.3,1.5,785.7
-3.1,-363.4,1065.0
-,-,-
25.4,-100.0,939.6
28.5,-74.6,988.8
49.2,-276.1,939.6
-106.3,-376.1,998.4
-80.9,-279.3,1061.9
53.9,-76.1,761.9
46.0,-79.3,969.8
30.1,50.7,1068.2
73.0,77.7,1044.4
300.0,231.7,966.6
457.1,203.1,1046.0
257.1,-106.3,968.2
-122.2,-304.7,915.8
-169.8,-303.1,860.3
-,-,-
-153.9,50.7,1088.8
-17.4,-77.7,974.6
26.9,-79.3,985.7
30.1,-95.2,985.7
4.7,-80.9,987.3
57.1,-103.1,966.6
7.9,-384.1,885.7
157.1,-360.3,920.6
76.1,-101.5,973.0
206.3,80.9,966.6
107.9,98.4,1096.8
-46.0,123.8,1165.0
182.5,323.8,585.7
-260.3,-306.3,1241.2
-25.4,-55.5,1123.8
-123.8,-92.0,936.5
-222.2,3.1,1011.1
46.0,-250.7,961.9
-,-,-
-168.2,109.5,1046.0
22.2,-79.3,946.0
49.2,-74.6,985.7
55.5,-69.8,993.6
49.2,-71.4,987.3
80.9,-122.2,987.3
53.9,-304.7,868.2
-125.4,-385.7,944.4
-153.9,-3.1,817.4
-71.4,-225.4,1017.4
201.5,22.2,1247.6
133.3,276.1,1073.0
280.9,233.3,1015.8
125.4,-447.6,1123.8
134.9,49.2,1046.0
46.0,126.9,680.9
-93.6,-147.6,839.6
-230.1,-307.9,919.0
-,-,-
-157.1,82.5,1047.6
47.6,-49.2,992.0
47.6,-52.3,987.3
47.6,-77.7,987.3
47.6,-77.7,990.4
50.7,-74.6,969.8
53.9,-55.5,984.1
46.0,-68.2,987.3
98.4,-330.1,988.8
-155.5,-539.6,820.6
106.3,-28.5,911.1
303.1,179.3,914.2
276.1,71.4,860.3
100.0,201.5,971.4
328.5,53.9,990.4
161.9,20.6,763.4
71.4,226.9,1190.4
-25.4,284.1,1014.2
-203.1,98.4,1293.6
-44.4,234.9,934.9
-,-,-
173.0,-125.4,1123.8
98.4,-155.5,966.6
53.9,-69.8,988.8
57.1,-96.8,968.2
31.7,-98.4,995.2
44.4,-100.0,984.1
31.7,-69.8,969.8
26.9,-104.7,990.4
173.0,-401.5,947.6
50.7,-328.5,942.8
158.7,-331.7,938.1
149.2,-284.1,1012.7
73.0,126.9,892.0
7.9,100.0,1219.0
-176.1,50.7,1012.7
31.7,149.2,736.5
33.3,184.1,1125.4
158.7,-176.1,968.2
-155.5,-423.8,1096.8
3.1,-328.5,988.8
73.0,-271.4,1015.8
-,-,-
-180.9,4.7,1044.4
33.3,-95.2,971.4
55.5,-107.9,995.2
-76.1,-225.4,1011.1
-55.5,-331.7,863.4
-47.6,-180.9,973.0
-17.4,160.3,1112.7
80.9,-26.9,961.9
155.5,98.4,1071.4
176.1,173.0,1023.8
260.3,238.1,885.7
22.2,-331.7,860.3
-25.4,-128.5,971.4
82.5,-150.7,1061.9
-119.0,-204.7,1166.6
-157.1,-653.9,1020.6
-26.9,-152.3,973.0
-,-,-
-128.5,76.1,998.4
84.1,-176.1,966.6
3.1,-201.5,971.4
74.6,-280.9,1066.6
52.3,-277.7,985.7
77.7,-200.0,896.8
26.9,-30.1,942.8
4.7,-50.7,998.4
177.7,74.6,1069.8
233.3,261.9,1036.5
176.1,185.7,998.4
-47.6,-157.1,1165.0
20.6,-150.7,985.7
-119.0,-203.1,947.6
-120.6,49.2,944.4
-130.1,-150.7,1017.4
-128.5,-103.1,985.7
-,-,-
-147.6,-76.1,1125.4
52.3,-76.1,993.6
74.6,-74.6,990.4
82.5,-195.2,966.6
-50.7,-223.8,969.8
23.8,-247.6,990.4
130.1,-155.5,1061.9
82.5,-279.3,961.9
23.8,-76.1,766.6
160.3,226.9,1219.0
160.3,307.9,1036.5
211.1,153.9,1063.4
-47.6,-25.4,1020.6
-20.6,-25.4,917.4
3.1,-101.5,809.5
-182.5,-404.7,887.3
-182.5,-198.4,922.2
-,-,-
-44.4,-380.9,1117.4
-68.2,-152.3,939.6
-53.9,-3.1,868.2
-46.0,233.3,936.5
96.8,49.2,1014.2
-17.4,-25.4,996.8
100.0,-80.9,1098.4
388.8,-273.0,963.4
22.2,-49.2,1042.8
-50.7,160.3,1020.6
-,-,-
-198.4,55.5,973.0
23.8,-74.6,987.3
52.3,-44.4,993.6
46.0,-52.3,1142.8
26.9,-104.7,993.6
380.9,-226.9,1200.0
126.9,-146.0,1165.0
228.5,-79.3,887.3
57.1,-104.7,1098.4
98.4,98.4,1073.0
234.9,123.8,1011.1
33.3,106.3,936.5
6.3,-150.7,1220.6
-50.7,-44.4,992.0
-250.7,-422.2,893.6
82.5,-223.8,961.9
49.2,-80.9,988.8
-,-,-
-149.2,98.4,992.0
47.6,-76.1,987.3
50.7,-98.4,971.4
120.6,-122.2,1038.1
-52.3,-225.4,993.6
31.7,-357.1,1241.2
-53.9,-20.6,995.2
25.4,71.4,1017.4
204.7,-46.0,1092.0
207.9,211.1,966.6
388.8,28.5,1088.8
104.7,-69.8,1066.6
-69.8,-144.4,995.2
-130.1,-271.4,1100.0
-44.4,-257.1,965.0
31.7,-250.7,944.4
25.4,-147.6,968.2
-,-,-
-101.5,57.1,1017.4
34.9,-74.6,973.0
33.3,-28.5,985.7
47.6,-77.7,987.3
46.0,-79.3,985.7
106.3,-230.1,1015.8
30.1,-330.1,893.6
171.4,-126.9,1090.4
55.5,-28.5,992.0
1.5,26.9,1065.0
98.4,149.2,1012.7
203.1,130.1,1047.6
177.7,73.0,941.2
134.9,-46.0,1019.0
55.5,-128.5,1044.4
-53.9,-255.5,1041.2
-133.3,-430.1,1063.4
22.2,-174.6,963.4
-93.6,-257.1,1012.7
-,-,-
-146.0,74.6,996.8
71.4,-101.5,971.4
6.3,-196.8,973.0
33.3,-104.7,971.4
30.1,-92.0,963.4
104.7,-176.1,971.4
-76.1,-253.9,966.6
28.5,-279.3,1087.3
-4.7,-279.3,693.6
157.1,-20.6,998.4
149.2,4.7,1200.0
-147.6,177.7,1247.6
123.8,250.7,1046.0
98.4,333.3,817.4
128.5,-98.4,1169.8
23.8,-128.5,965.0
-69.8,-176.1,919.0
28.5,-177.7,958.7
57.1,-68.2,869.8
-95.2,-434.9,1039.6
-,-,-
-155.5,55.5,1015.8
53.9,-44.4,992.0
-25.4,-66.6,969.8
26.9,-80.9,971.4
198.4,-538.1,871.4
98.4,-276.1,1041.2
-96.8,-255.5,1073.0
-80.9,-98.4,811.1
-3.1,-223.8,947.6
201.5,147.6,1066.6
-30.1,31.7,1041.2
95.2,107.9,895.2
-19.0,185.7,1014.2
211.1,134.9,790.4
-117.4,-219.0,820.6
-,-,-
-153.9,161.9,1000.0
-19.0,-104.7,1011.1
123.8,-153.9,968.2
-28.5,-231.7,968.2
123.8,-203.1,1150.7
30.1,-246.0,1149.2
98.4,-76.1,842.8
22.2,-22.2,1176.1
-55.5,55.5,998.4
106.3,26.9,1036.5
277.7,126.9,869.8
133.3,0.0,1200.0
25.4,107.9,860.3
33.3,-196.8,657.1
106.3,-123.8,912.7
-204.7,-206.3,992.0
-74.6,-153.9,988.8
-,-,-
-196.8,-3.1,1039.6
33.3,-133.3,971.4
104.7,-203.1,965.0
160.3,-180.9,1100.0
-68.2,-71.4,642.8
211.1,-103.1,1195.2
31.7,-30.1,1095.2
201.5,79.3,1074.6
260.3,173.0,1095.2
179.3,325.4,1011.1
160.3,261.9,363.4
-68.2,152.3,761.9
74.6,23.8,1046.0
-152.3,-273.0,1012.7
-277.7,-423.8,996.8
-42.8,-196.8,966.6
-,-,-
388.8,158.7,1419.0
-44.4,-50.7,1073.0
107.9,-358.7,784.1
-122.2,-155.5,1063.4
47.6,209.5,1163.4
-144.4,307.9,1117.4
104.7,50.7,1065.0
160.3,26.9,1017.4
3.1,4.7,966.6
155.5,126.9,1196.8
-68.2,-306.3,1066.6
-17.4,126.9,565.0
-125.4,-1.5,1217.4
-296.8,-233.3,415.8
-,-,-
-52.3,-304.7,888.8
52.3,-74.6,987.3
49.2,-66.6,969.8
50.7,-46.0,961.9
19.0,-95.2,992.0
103.1,-226.9,963.4
-3.1,-284.1,1087.3
-171.4,-352.3,1015.8
130.1,-195.2,858.7
184.1,23.8,1111.1
-19.0,73.0,992.0
279.3,84.1,1000.0
279.3,73.0,1017.4
53.9,-73.0,1090.4
-28.5,25.4,893.6
-149.2,-244.4,1095.2
-120.6,-179.3,1042.8
-80.9,-577.7,912.7
74.6,-98.4,965.0
52.3,-53.9,996.8
-,-,-
-201.5,0.0,992.0
55.5,-55.5,995.2
26.9,-79.3,973.0
28.5,-74.6,984.1
20.6,-125.4,985.7
-230.1,-198.4,938.1
155.5,-230.1,944.4
76.1,-46.0,1047.6
103.1,6.3,793.6
131.7,-100.0,1046.0
49.2,204.7,920.6
277.7,330.1,912.7
71.4,-71.4,987.3
52.3,47.6,987.3
158.7,-152.3,914.2
52.3,-155.5,668.2
-120.6,-333.3,969.8
-100.0,30.1,941.2
-,-,-
-153.9,0.0,998.4
47.6,-55.5,1014.2
47.6,-96.8,990.4
49.2,-73.0,987.3
338.1,-76.1,1014.2
73.0,-155.5,971.4
123.8,-125.4,1073.0
-106.3,-153.9,961.9
20.6,-53.9,895.2
60.3,223.8,1120.6
76.1,184.1,1115.8
26.9,328.5,1092.0
465.0,134.9,947.6
46.0,-20.6,1120.6
233.3,49.2,1038.1
-19.0,-180.9,1117.4
-101.5,55.5,1042.8
-149.2,-431.7,1090.4
-17.4,-176.1,987.3
-,-,-
-206.3,-98.4,1038.1
28.5,-98.4,984.1
31.7,-74.6,974.6
22.2,-30.1,987.3
-50.7,-373.0,942.8
33.3,-74.6,987.3
134.9,-130.1,1020.6
-125.4,-447.6,892.0
55.5,-173.0,1038.1
23.8,-117.4,969.8
238.1,57.1,1114.2
249.2,49.2,1068.2
128.5,200.0,966.6
174.6,107.9,1022.2
-25.4,-203.1,1047.6
-80.9,-252.3,993.6
-76.1,-176.1,944.4
-196.8,-198.4,898.4
-,-,-
-182.5,22.2,1022.2
25.4,-53.9,987.3
26.9,-104.7,966.6
-28.5,-171.4,987.3
-180.9,-179.3,941.2
-46.0,-284.1,814.2
47.6,-180.9,934.9
3.1,20.6,1141.2
125.4,23.8,707.9
50.7,84.1,987.3
149.2,-55.5,858.7
0.0,103.1,992.0
-73.0,-22.2,963.4
96.8,71.4,1115.8
-258.7,-28.5,1120.6
-93.6,-125.4,785.7
-55.5,-271.4,988.8
47.6,-177.7,969.8
-,-,-
-130.1,-346.0,1100.0
-17.4,-255.5,1061.9
-49.2,176.1,1125.4
-96.8,-179.3,734.9
23.8,103.1,869.8
-150.7,258.7,1042.8
277.7,-42.8,993.6
282.5,-20.6,949.2
-73.0,-66.6,1015.8
25.4,-53.9,819.0
-153.9,-330.1,1073.0
-69.8,-409.5,922.2
-,-,-
-119.0,-512.7,1396.8
103.1,-103.1,969.8
122.2,-95.2,993.6
46.0,-147.6,974.6
82.5,-119.0,973.0
73.0,-155.5,969.8
50.7,74.6,1117.4
60.3,-384.1,909.5
152.3,-352.3,887.3
128.5,-180.9,947.6
7.9,-28.5,992.0
-55.5,23.8,946.0
1.5,-52.3,788.8
-55.5,3.1,1017.4
58.7,55.5,990.4
131.7,106.3,992.0
180.9,-1.5,996.8
133.3,-30.1,1036.5
100.0,-252.3,992.0
-98.4,-231.7,1000.0
-22.2,-280.9,944.4
-,-,-
-101.5,-255.5,1379.3
98.4,-98.4,969.8
58.7,-120.6,984.1
79.3,-100.0,969.8
57.1,-131.7,966.6
76.1,-120.6,974.6
107.9,-198.4,985.7
98.4,-273.0,1011.1
-3.1,-306.3,941.2
230.1,-174.6,985.7
-1.5,-4.7,1046.0
107.9,123.8,1049.2
22.2,100.0,960.3
130.1,104.7,1039.6
101.5,96.8,936.5
73.0,-57.1,1009.5
30.1,-173.0,896.8
25.4,-331.7,985.7
-3.1,-206.3,914.2
-22.2,-173.0,966.6
-,-,-
-230.1,-153.9,1393.6
80.9,-100.0,987.3
80.9,-104.7,973.0
84.1,-103.1,987.3
79.3,-104.7,987.3
104.7,-152.3,966.6
106.3,-276.1,960.3
76.1,-260.3,919.0
134.9,-257.1,934.9
76.1,-220.6,888.8
3.1,-95.2,965.0
3.1,4.7,868.2
60.3,80.9,1065.0
182.5,74.6,969.8
233.3,-69.8,1023.8
9.5,-103.1,1114.2
22.2,-103.1,1020.6
9.5,-126.9,912.7
4.7,-152.3,985.7
