-,-,-
-4.7,-63.5,996.1
15.6,-62.1,966.0
44.3,-70.4,952.2
90.8,-26.6,957.0
243.9,107.5,930.2
623.7,231.5,829.5
896.9,207.7,776.7
588.4,67.6,709.8
31.2,22.0,916.4
-421.7,24.6,1333.4
-610.6, 7.8,1527.3
-540.0,-12.7,1463.4
-541.3, 8.6,1255.6
-595.1,100.6,1105.1
-526.0,145.4,1036.3
-265.5,80.1,856.1
21.2,-11.0,683.8
469.9,-133.4,758.0
579.8,-75.1,897.2
619.2,-113.3,1005.5
534.7,-117.7,1061.6
181.7,79.7,1052.0
205.4,39.8,998.0
129.3,54.9,1006.2
96.4,35.1,969.6
109.7,-8.7,974.0
-,-,-
58.3,-30.2,997.8
113.9,22.4,972.8
382.9,115.7,864.7
839.0,130.2,686.4
1037.5,84.6,718.5
476.4,134.7,894.9
-211.6,144.9,1156.9
-639.1,36.1,1321.4
-718.6,-101.6,1210.0
-577.4,-89.4,1082.7
-575.5,77.8,1043.5
-622.9,247.8,1142.8
-599.6,312.6,1164.4
-453.9,237.4,1035.7
-83.3,-7.7,769.2
167.9,-92.3,655.2
500.0,-125.5,821.8
666.5,-172.1,989.3
655.1,-199.4,1063.1
486.1,-145.9,1016.7
129.5,25.2,999.1
58.0,61.8,1035.4
120.6, 8.1,1042.0
132.3,-30.2,1044.8
-,-,-
18.7,21.6,988.6
125.0,68.8,935.8
435.7,108.6,905.6
760.6,75.7,836.6
856.3,-18.1,823.0
501.1,-19.9,877.7
-201.4,79.0,1027.8
-805.9,240.9,1257.7
-1029.9,361.2,1269.1
-1018.4,419.4,1187.5
-764.9,348.8,1152.9
-372.5,183.1,1021.1
-135.2,97.9,907.4
177.5,-24.9,839.3
399.9,-108.7,866.9
446.4,-62.4,947.2
596.9,-110.6,998.0
637.9,-139.1,1046.5
479.5,-83.2,1019.9
325.7,-21.1,951.9
169.3,61.5,934.5
143.1,66.4,933.7
106.6,79.6,966.4
-,-,-
167.4,11.9,970.8
358.6,82.1,923.5
646.5,102.8,847.3
868.1,30.0,808.8
767.3,-74.2,785.1
325.3,-40.7,872.6
-244.4,112.1,1071.2
-790.2,376.6,1244.1
-1025.3,553.5,1279.5
-924.1,496.0,1205.6
-661.9,327.8,1074.9
-381.7,175.3,933.9
-175.4,101.8,892.6
-33.1,88.5,822.7
344.7,-13.6,904.7
726.0,-192.8,948.2
437.2,-35.3,966.9
328.4,23.9,1059.6
413.5,-88.5,1027.8
182.6,-1.9,1008.6
184.2,-19.4,1007.4
178.8,-22.5,981.7
67.7,33.9,984.4
80.3, 4.8,969.4
-,-,-
51.0,-39.4,980.2
64.4,-41.0,985.7
91.6,-19.7,976.1
230.7,35.5,942.5
524.8,94.9,883.0
766.6,104.8,803.2
772.7,47.7,752.4
467.8,15.2,824.2
-27.9,90.6,1061.2
-425.1,149.5,1226.5
-656.9,169.8,1283.2
-690.6,183.2,1225.7
-720.5,233.2,1137.4
-655.6,228.0,1077.6
-460.7,195.2,991.7
-291.3,146.6,916.8
-19.6,-11.5,840.7
216.9,-126.1,822.2
370.4,-114.3,892.4
438.6,-19.9,965.1
470.6,-9.9,971.5
416.9,12.2,1005.3
296.7,59.9,1059.9
261.6,13.2,1015.7
169.8,41.9,1024.8
151.2,31.1,1004.7
-,-,-
61.2,-59.5,988.6
59.9,-54.8,991.8
77.8,-35.9,971.9
211.2, 8.2,940.2
436.6,58.5,913.8
635.2,42.9,820.0
712.9,-36.3,802.4
539.7,-77.6,897.4
151.9,-31.1,998.4
-207.6, 1.1,1054.7
-410.6,37.2,1130.1
-581.3,145.6,1223.0
-740.5,303.1,1201.6
-702.5,367.2,1101.0
-598.3,335.2,1035.1
-483.3,258.5,978.4
-250.9,73.4,910.2
-48.5,-14.8,857.8
161.1,-31.7,864.1
534.4,-124.8,916.0
742.5,-197.3,920.8
602.7,-132.9,946.5
515.7,-101.8,1007.2
410.3,-55.8,1036.4
181.6,66.2,1046.9
110.0,80.9,1044.5
76.7,69.2,1009.8
-,-,-
54.4,-84.0,986.6
84.7,-76.5,980.8
272.2,-34.8,986.7
653.1,18.6,1037.1
1026.9,44.6,1014.1
875.6, 2.6,728.2
253.1,-34.8,609.7
-349.2,22.0,819.4
-838.2,238.0,1081.6
-990.8,449.7,1183.7
-899.2,522.0,1148.3
-761.2,508.9,1054.4
-507.9,421.3,1002.5
-308.8,319.7,994.2
-172.8,212.9,917.7
64.3,30.7,810.3
295.6,-110.3,795.8
425.4,-121.8,867.8
536.7,-148.6,966.5
652.7,-261.3,1028.1
489.1,-211.1,1023.7
210.5,-97.3,989.9
138.9,-80.3,976.9
91.3,-50.3,976.8
72.7,-26.2,991.6
124.8,-57.9,985.6
-,-,-
-1947.1,-1963.3,-1483.2
-161.5,-216.9,740.4
91.6,-12.8,978.1
153.1,32.6,949.8
414.5,106.7,937.5
880.1,76.2,904.3
1046.6,-108.5,668.0
540.0,-119.6,663.8
-124.9,20.9,1028.0
-460.6,47.9,1278.2
-576.2,155.3,1339.3
-679.3,311.9,1169.2
-769.1,404.5,926.5
-713.8,463.2,929.9
-581.0,471.0,989.0
-461.8,399.9,959.2
-272.8,256.2,900.7
-4.6,45.6,818.0
197.0,-51.4,862.7
550.3,-195.4,930.2
671.8,-208.1,1034.2
649.0,-172.8,1129.6
570.0,-194.9,1042.7
183.3,-29.9,1009.5
61.6, 6.0,959.9
87.5,-14.3,928.4
71.7, 9.8,959.9
78.1,14.0,977.4
108.0, 2.5,992.2
116.1,-14.5,997.4
-,-,-
105.6,-102.8,954.7
177.3,-58.2,976.1
320.2, 7.9,929.3
556.3,50.1,873.6
783.9,35.9,898.2
684.1,10.6,941.4
194.0, 6.3,965.0
-271.6,-5.9,1045.5
-523.1,40.7,1121.6
-663.3,135.0,1064.8
-748.9,288.6,1001.8
-850.8,551.5,1066.3
-806.1,665.6,1027.9
-468.7,507.2,898.8
-120.4,292.2,865.9
68.9,164.9,857.6
402.9,-1.8,911.9
639.7,-167.3,919.8
639.2,-230.8,946.1
562.6,-239.0,984.7
238.5,-79.3,953.4
71.1,64.8,1014.7
186.6, 9.3,1040.5
128.6,26.1,1004.8
124.4, 7.3,963.0
150.8,-27.8,961.9
124.3,-19.8,995.0
-,-,-
197.3,-52.1,986.8
413.6,-39.3,1023.0
708.6,-24.1,1038.5
897.6,-54.4,898.2
749.8,-22.0,670.7
394.1,55.8,714.3
-16.5,88.6,849.4
-423.1,16.5,976.4
-646.1,39.8,1202.2
-754.1,320.7,1323.8
-825.1,561.5,1322.5
-722.9,579.9,1205.8
-506.0,464.8,1036.4
-195.7,281.1,944.4
 3.8,175.0,974.1
301.4,-12.2,928.9
557.8,-175.7,907.4
596.1,-273.3,904.1
496.7,-253.4,898.8
266.4,-71.3,1006.3
244.6,-44.6,1022.7
254.6,-69.7,974.6
178.2,-23.0,998.1
167.3,-24.5,977.2
117.7, 1.2,974.3
112.4, 4.4,985.9
105.0, 0.6,1006.8
89.0,-9.9,987.0
84.9,-28.3,967.7
71.9,-20.8,986.8
-,-,-
134.1,-123.9,979.9
170.1,-146.7,975.4
164.9,-119.0,959.8
286.3,-44.5,958.7
692.2,-63.7,939.4
947.6,-65.9,906.8
830.7,-32.2,860.5
421.3,17.3,830.2
-86.7,50.3,831.4
-456.1,77.1,864.2
-747.1,290.6,1012.7
-918.4,581.5,1137.1
-838.5,739.4,1218.0
-571.5,631.6,1164.3
-304.1,409.4,959.2
-136.4,259.8,862.2
40.8,169.1,883.9
393.9,-48.6,857.7
482.5,-120.6,894.5
571.7,-167.0,960.3
591.9,-191.8,970.4
393.0,-82.1,1014.5
337.6,-54.4,1031.2
222.8,-25.0,973.2
166.2,-21.0,963.4
173.0,-24.8,981.9
114.8, 8.9,991.1
142.9,-39.6,955.7
125.8,-33.3,969.4
100.8,-21.3,978.1
97.0,-17.9,988.7
89.7,-13.3,990.2
-,-,-
63.6,-89.5,970.6
78.7,-81.8,973.3
109.9,-56.8,967.3
249.5,-21.3,948.9
540.3,-25.4,900.6
809.7,-65.8,784.7
786.5,-31.4,786.2
381.9,54.4,848.4
-152.4,132.7,951.3
-522.5,205.8,1139.3
-636.1,227.5,1176.1
-632.6,325.7,1140.9
-639.0,482.5,1126.8
-619.7,555.3,1074.5
-548.8,529.5,1040.8
-374.2,406.8,941.7
-41.8,113.6,751.2
212.7,-88.4,710.0
375.2,-139.4,844.6
567.7,-211.5,948.1
594.8,-224.6,1016.4
508.9,-211.9,1041.9
339.2,-147.2,1017.1
140.7,-49.7,994.9
101.3,-44.9,965.3
70.6,-29.9,961.5
77.7,-39.7,959.2
104.3,-55.9,973.4
120.7,-72.5,977.6
123.6,-93.1,978.1
-,-,-
48.3,-86.6,973.4
44.1,-77.1,989.3
47.8,-63.4,986.6
148.3,-9.5,959.7
462.7,59.8,905.9
902.9,44.6,828.3
1036.4,-8.1,803.1
491.0,78.7,810.7
-155.7,151.4,982.1
-574.9,110.7,1191.9
-726.1,49.8,1225.8
-594.8,19.0,1206.2
-508.5,51.0,1111.0
-443.6,100.6,1027.2
-447.4,198.0,1073.3
-445.1,267.5,1076.1
-357.4,243.3,982.4
-134.5,107.0,886.6
103.9,-36.8,800.2
323.0,-132.3,804.9
449.1,-147.6,876.7
441.5,-107.7,944.9
432.2,-114.8,1009.3
338.8,-101.6,1039.4
213.3,-63.9,1025.6
170.2,-80.2,971.7
118.5,-62.8,972.2
111.9,-58.5,997.7
99.8,-59.4,1013.5
84.5,-59.8,1001.8
99.5,-76.2,990.7
84.8,-70.5,992.0
62.2,-61.6,983.6
69.7,-65.8,973.0
-,-,-
-1954.5,-1983.7,-1506.9
-174.5,-270.5,714.9
57.5,-88.2,987.0
54.6,-80.1,976.4
64.6,-53.3,948.6
156.9,-27.7,878.3
412.7,-16.6,856.2
790.8,-94.4,901.6
874.7,-67.6,889.3
574.5,51.0,884.3
103.9,99.9,900.0
-433.0,99.5,990.5
-695.2,68.6,1179.4
-574.6,121.9,1257.4
-517.5,286.1,1189.6
-600.7,430.3,1085.7
-597.8,469.5,1038.9
-458.2,398.6,1002.3
-112.3,148.1,901.7
101.7,-22.2,897.9
352.1,-196.7,889.3
443.4,-263.3,847.8
417.1,-191.4,920.6
465.9,-196.7,948.7
385.2,-156.0,959.9
328.4,-119.9,997.7
264.1,-90.2,977.6
142.4,-33.7,980.6
145.2,-59.8,951.6
104.6,-37.2,960.5
93.8,-38.5,974.7
97.4,-50.6,970.6
91.8,-46.4,1000.8
128.7,-79.6,981.8
110.1,-72.6,978.5
84.9,-51.7,989.5
104.7,-75.2,975.6
-,-,-
76.0,-136.1,981.9
59.5,-123.7,977.6
81.8,-68.5,948.4
302.8, 3.9,926.2
761.2,-66.5,849.9
1050.5,-199.8,768.4
805.9,-114.5,725.1
288.9,65.0,896.6
-159.6,161.8,1150.5
-455.0,141.2,1174.5
-611.0,62.6,1121.2
-600.3,59.1,1147.6
-465.0,107.9,1118.5
-402.8,148.3,1068.0
-414.4,242.8,1112.2
-340.4,264.9,1093.5
-165.9,173.3,998.8
-31.6,114.0,949.0
126.6,34.1,880.6
263.3,-46.0,825.3
340.1,-84.4,932.1
319.0,-105.4,975.3
299.1,-125.2,956.8
432.8,-218.6,984.9
351.5,-202.0,979.1
187.1,-104.6,1000.1
180.7,-104.4,996.1
119.6,-69.9,998.5
83.4,-47.2,994.9
72.1,-43.9,973.5
68.9,-58.5,956.2
54.2,-62.7,957.0
46.3,-56.5,964.1
25.8,-46.4,966.5
15.7,-43.8,964.1
-,-,-
149.7,-64.0,971.6
152.9,-86.5,977.2
138.9,-76.9,966.7
209.9,-28.6,955.5
470.7,39.8,951.9
843.5,66.7,928.3
944.3,-25.5,715.5
541.8,-57.9,570.1
103.8,-25.7,791.7
-167.1,68.9,1117.4
-375.2,196.4,1348.0
-535.3,309.7,1456.9
-662.8,427.2,1429.4
-584.5,396.7,1231.3
-408.8,307.3,1017.6
-208.9,226.4,961.8
108.5,30.0,845.3
264.9,-35.4,852.6
412.5,-122.4,824.6
457.6,-164.3,809.7
412.5,-104.3,887.3
501.6,-165.3,887.1
471.6,-151.1,949.4
393.7,-103.9,971.7
320.9,-71.0,956.5
220.0,-20.2,986.0
155.1, 1.1,984.5
143.9,-32.4,944.6
153.1,-48.0,942.5
146.5,-29.3,977.7
149.9,-35.2,978.6
134.4,-24.3,975.0
126.0,-16.2,970.5
142.8,-48.4,943.5
151.3,-63.9,951.5
-,-,-
177.1,-20.8,995.4
223.4, 2.5,961.9
419.9,85.6,903.8
882.1,113.6,895.2
1138.7,98.6,891.7
683.4,49.8,770.7
38.9,-24.1,790.8
-419.9,-25.6,1020.8
-647.0,64.5,1196.4
-660.3,201.5,1262.9
-584.6,276.1,1215.4
-430.6,270.4,1094.3
-340.5,291.4,1033.0
-326.5,303.3,1003.5
-273.4,231.1,917.0
-258.0,208.6,840.2
-49.5,103.7,796.6
153.1,22.8,768.8
316.6,63.1,920.7
634.9,-121.3,1047.8
549.8,-159.1,1017.7
368.6,-71.4,1000.3
357.1,-105.9,1006.2
180.4,-29.1,980.5
99.1, 2.6,972.1
119.3,-8.3,982.8
83.3, 8.1,996.1
96.1,-14.3,983.4
95.0,-26.0,972.8
71.3,-26.1,970.1
70.5,-32.5,971.4
77.0,-36.4,972.9
-,-,-
120.2,-117.4,978.5
121.1,-115.0,968.5
124.8,-97.1,944.6
164.7,-57.4,922.1
284.4,-2.1,891.5
553.8,53.9,938.9
915.2, 9.7,996.7
870.8,-38.1,889.5
406.8,-123.7,751.0
-11.0,-187.0,686.5
-367.1,-12.1,868.7
-766.9,387.3,1226.3
-941.4,717.4,1381.7
-837.3,754.2,1306.6
-560.4,579.6,1113.1
-283.5,412.7,966.5
-72.2,336.5,937.3
227.1,128.1,854.4
399.9,20.1,865.7
654.9,-127.0,925.3
699.7,-232.4,897.7
398.3,-82.2,951.1
297.7,-13.8,989.5
209.0,18.2,981.6
145.1,39.5,985.9
146.3,20.2,958.2
95.6,45.9,965.2
-,-,-
121.0,-31.4,994.1
140.4,-54.3,991.4
142.7,-49.9,984.9
190.3,-26.7,963.1
366.1,30.7,950.7
632.2,66.3,893.9
841.0,-29.8,716.7
780.5,-53.5,647.9
437.9,40.3,825.4
109.7,44.5,960.6
-342.2,135.0,1136.0
-797.1,340.4,1312.3
-1008.1,525.0,1366.0
-886.5,530.1,1313.8
-494.3,329.9,1119.9
-291.2,225.2,943.2
21.8,113.6,879.2
237.7,56.9,849.6
482.8,-14.1,924.3
578.2,-80.3,937.5
404.3,-15.6,954.8
480.2,-85.3,984.4
426.7,-106.1,992.5
235.9,-27.4,1015.6
185.2,-27.3,992.5
94.9,-0.1,937.7
55.1,10.9,942.1
73.7,-5.0,953.9
74.7,-1.7,974.9
75.1,-25.1,970.4
78.3,-42.7,961.0
-,-,-
67.9,-45.6,991.1
75.3,-52.4,975.4
69.1,-49.1,979.4
75.3,-41.0,1003.2
88.0,-42.4,987.2
110.0,-46.4,950.0
216.1,-7.9,938.4
414.7,85.0,932.9
717.9,107.8,890.7
822.2,103.7,825.8
546.3,129.5,842.5
163.8,17.6,895.8
-155.0,-86.4,952.8
-442.5,48.5,1104.3
-641.3,295.5,1226.2
-739.5,526.5,1220.4
-699.4,594.9,1133.1
-510.8,439.7,1013.2
-327.0,269.4,996.7
-154.9,161.1,942.4
164.6,67.8,953.1
435.6,-33.3,880.5
521.6,-46.1,865.0
701.3,-167.8,869.2
626.3,-205.2,790.4
408.8,-53.5,947.4
336.2, 9.2,1049.7
210.8,41.5,1000.4
162.8,60.6,1024.1
135.5,58.3,988.7
110.3,54.9,980.5
-,-,-
-,-,-
-1893.9,-2007.9,-1524.4
-84.2,-285.1,700.0
85.5,-50.7,992.4
78.3,-64.8,976.7
98.3,-91.2,963.7
91.5,-91.7,973.5
105.3,-76.9,970.6
130.5,-21.0,955.0
231.1,56.9,952.7
499.5,27.1,845.3
875.1,-85.1,741.6
958.3,-51.5,830.5
577.2,83.1,933.6
52.6,109.3,996.6
-504.9,152.0,1123.6
-896.1,291.0,1290.0
-924.5,415.1,1369.6
-696.4,382.6,1269.9
-358.7,195.0,1099.6
-102.6,31.2,975.7
12.8,-8.8,946.5
194.7,-89.1,850.5
284.8,-82.2,836.1
489.2,-105.4,923.4
557.1,-118.0,973.7
358.8,-13.5,993.6
313.3,-4.0,989.9
237.5,-13.0,943.8
141.9,16.1,945.8
132.3,10.5,930.2
116.9,15.6,952.8
99.5,28.1,982.2
71.2,41.4,988.2
59.3,36.5,982.9
69.8,29.2,990.5
-,-,-
149.1,-170.2,966.0
138.8,-154.3,968.5
131.0,-152.0,955.3
129.6,-142.3,946.4
146.3,-118.5,945.0
163.3,-76.6,940.5
264.5,-18.8,929.6
532.1,-6.7,898.6
803.3,-44.3,821.4
822.6,-7.3,788.8
624.3,12.2,826.3
224.3,-35.0,904.6
-288.7,-19.7,1069.9
-704.7,145.4,1301.2
-1022.0,395.9,1382.7
-895.4,345.8,1229.5
-594.0,203.3,1064.9
-334.0,139.8,987.9
-105.9,114.9,914.8
149.4,132.1,953.2
578.4,-134.5,940.5
537.2,-196.5,888.3
372.8,-76.0,927.3
394.8,-98.4,946.3
238.6,-18.7,966.8
246.2,-46.6,983.8
212.3,-57.9,954.2
113.4,-11.1,980.5
81.6,-8.3,980.0
62.4,-7.7,985.1
73.0,-29.6,980.3
-,-,-
141.2,-112.8,961.7
123.6,-110.6,959.6
127.0,-115.2,961.1
133.7,-112.3,969.9
136.9,-93.7,969.0
207.2,-74.2,951.6
399.2,-30.3,957.3
679.7,52.8,992.7
866.8,92.6,935.7
773.1,44.1,767.0
357.0,44.8,712.2
-157.5,21.7,787.9
-505.4,30.4,1056.7
-717.7,131.5,1321.3
-894.0,267.6,1349.2
-832.3,304.1,1199.7
-593.4,223.2,1021.9
-424.1,186.7,908.3
-202.4,114.3,876.7
-23.1,76.2,834.7
209.0,55.4,910.1
562.8,-125.1,928.2
552.0,-102.0,943.7
474.5,-51.9,977.9
475.6,-88.3,1002.8
333.3,-29.4,1009.2
280.6,-55.5,967.0
180.9,-17.2,958.2
129.6, 3.1,975.4
-,-,-
167.7,-85.8,957.9
161.6,-96.1,961.3
148.3,-94.0,966.4
160.7,-95.2,973.0
142.0,-76.7,990.6
131.0,-65.3,984.0
173.4,-61.7,963.2
252.9,-2.1,942.9
546.6,89.7,932.4
968.6,52.8,807.7
1007.7,-4.0,706.3
570.3,-44.4,695.9
-27.7,-30.2,866.4
-489.8,86.9,1216.4
-746.9,237.5,1424.4
-944.8,478.6,1419.6
-828.5,502.4,1261.1
-531.9,319.7,1065.0
-234.0,180.5,961.2
64.7,-2.4,871.6
248.5,-71.5,933.7
410.4,-131.7,926.3
518.5,-197.8,898.8
403.4,-111.7,997.5
358.7,-90.4,1014.2
328.8,-103.9,966.2
189.2,-48.4,970.5
181.6,-67.2,944.1
141.7,-54.9,956.8
45.6, 6.3,995.4
29.4, 6.0,989.6
47.2,-27.5,952.6
38.0,-28.4,948.8
-,-,-
110.5,-72.5,986.4
97.7,-80.3,994.1
81.2,-82.1,990.6
86.7,-84.6,983.6
106.7,-90.8,971.9
106.9,-73.2,958.6
134.0,-44.4,943.7
218.9,-22.3,903.3
403.0,43.4,923.4
678.9,83.8,1004.2
813.8,23.1,927.8
636.4,-51.9,747.0
229.2,-86.0,688.7
-177.4,-17.2,869.3
-573.3,214.3,1154.4
-920.5,596.0,1407.3
-964.7,780.9,1378.3
-644.8,596.1,1123.3
-314.3,365.7,959.1
-140.9,279.6,918.3
69.8,154.7,833.3
243.3,71.4,849.9
515.8,-110.5,821.5
652.0,-198.0,830.9
699.9,-200.0,934.1
606.7,-149.9,987.8
325.0,-6.6,990.1
215.7,47.6,1001.6
186.7,19.1,950.6
133.4,19.2,923.4
140.3,18.4,944.0
157.7, 6.2,970.0
144.6, 5.2,996.7
122.4, 9.6,992.0
-,-,-
142.2,18.9,940.8
122.1,-13.4,952.8
115.8,-46.1,965.6
112.0,-63.5,985.8
113.3,-69.6,993.9
128.4,-65.6,991.8
170.3,-53.7,963.1
279.0,-19.6,906.4
455.0,28.3,875.6
609.2,58.3,840.4
705.9,43.8,871.2
635.2, 3.4,923.0
375.4,-70.1,892.4
-30.1,-52.9,1020.8
-590.1,130.4,1177.5
-1053.2,406.7,1170.1
-1090.1,539.4,1098.6
-750.8,410.0,1065.2
-333.7,185.6,1034.8
-160.3,95.1,978.5
 8.7,33.9,949.2
339.2,-89.4,894.5
448.8,-70.6,869.9
580.6,-70.6,936.5
654.3,-106.2,936.8
509.7,-61.7,959.0
391.1,-24.3,992.7
229.3,16.1,969.6
196.3,-7.7,952.6
145.4, 5.5,948.0
63.1,45.6,959.5
85.9,16.5,959.4
95.4,-1.0,962.8
115.7,-18.7,942.4
-,-,-
66.3,-34.5,999.3
75.4,-54.8,991.7
89.7,-77.4,974.0
86.3,-80.7,967.1
69.0,-63.5,979.5
78.4,-62.5,979.1
90.6,-52.3,964.5
91.9,-15.5,948.1
166.8,38.7,918.7
385.7,141.6,879.7
720.6,177.0,828.4
905.0,108.2,819.0
687.2,47.4,848.5
222.0,-39.1,924.2
-266.1,-93.4,1028.5
-652.7,-103.4,1198.6
-765.3,-25.0,1374.2
-701.1,111.9,1345.5
-577.8,136.6,1221.0
-370.4,71.8,1117.5
-229.3,39.6,1023.2
83.4,-105.8,951.9
267.1,-158.1,918.5
405.0,-146.9,906.4
527.5,-214.4,854.9
440.1,-161.6,878.7
440.7,-158.3,919.5
362.8,-147.8,948.3
212.5,-65.0,980.2
178.5,-62.5,952.7
136.5,-42.6,974.7
103.6,-25.1,1011.0
74.2,-11.4,1013.4
74.7,-33.4,976.7
91.3,-69.4,954.5
-,-,-
88.3,-49.6,982.9
83.2,-70.3,974.3
100.7,-91.2,962.1
99.6,-98.2,967.8
86.5,-85.0,986.8
89.5,-73.7,993.8
116.9,-70.1,978.7
166.8,-32.7,946.8
306.7,57.0,944.0
500.1,180.5,957.9
679.3,172.0,892.7
726.5,45.7,750.3
521.3,-66.8,726.5
154.6,-94.3,828.5
-154.2,-92.1,1041.3
-447.7,41.3,1332.0
-826.2,320.9,1350.1
-983.3,482.1,1224.2
-774.3,384.1,1104.4
-460.1,226.9,1024.1
-119.5,38.0,961.5
20.0,23.7,958.3
291.1,-48.2,919.4
469.7,-66.6,885.4
525.7,-32.5,939.5
601.1,-119.7,939.8
451.0,-89.1,948.6
312.8,-6.6,994.0
225.4,12.2,977.6
163.2,15.4,958.2
129.5,12.4,928.4
120.0, 1.8,943.0
140.7,-17.2,976.5
113.2,-18.2,989.8
116.7,-35.9,976.1
108.4,-17.6,999.1
100.4,-9.1,1004.6
-,-,-
127.3,-45.2,992.8
115.8,-62.2,986.1
108.1,-81.5,987.8
119.8,-108.4,969.1
113.8,-112.5,960.1
116.4,-100.7,967.4
133.6,-97.2,946.2
179.2,-71.3,937.6
367.6,-27.0,964.0
620.8,44.2,928.3
867.0,46.7,820.2
892.9,67.7,779.5
452.8,150.3,807.0
-243.1,195.1,959.7
-663.4,172.5,1188.6
-850.0,234.7,1340.7
-813.4,268.9,1292.3
-645.1,210.5,1089.2
-531.4,192.5,1010.7
-258.6,132.9,981.5
102.8, 2.7,950.7
361.8,-104.5,957.5
420.3,-108.0,957.4
485.6,-115.7,971.6
457.0,-138.7,937.7
323.3,-93.6,932.1
301.5,-97.3,943.3
255.5,-106.4,915.0
179.1,-48.5,956.2
163.2,-55.8,956.1
100.2,-25.0,966.0
123.5,-38.8,985.0
113.2,-49.9,962.7
89.4,-35.1,967.7
-,-,-
80.1,-31.1,993.8
65.8,-32.0,1006.8
64.6,-43.0,1003.7
67.4,-44.8,1005.4
95.5,-57.8,1003.2
104.5,-50.0,978.7
144.8,-6.4,936.1
398.8,36.3,864.9
794.6,52.1,833.9
952.9,56.1,845.5
711.6,93.5,824.9
226.7,163.8,876.9
-304.1,222.7,969.2
-627.1,229.8,1077.9
-836.0,311.0,1267.0
-889.3,365.0,1370.4
-684.8,278.4,1252.2
-443.2,184.9,1083.3
-214.7,94.8,934.4
-71.4,95.6,809.9
197.2,51.5,783.0
486.0,-36.5,870.3
603.6,-118.9,898.5
554.2,-130.1,926.5
445.6,-102.8,951.4
291.5,-50.8,956.4
158.1,29.4,1020.2
153.6, 7.3,984.5
111.7,20.7,985.6
117.4, 2.7,981.4
173.3,-46.8,961.1
134.1,-38.2,961.6
-,-,-
84.4,-68.4,984.7
86.2,-76.1,981.4
93.6,-90.7,967.8
99.1,-94.7,964.3
95.9,-79.0,976.0
122.8,-67.4,961.8
175.6,-50.3,929.7
264.8, 5.0,929.4
497.2,54.8,964.9
796.1,24.6,921.5
883.9,-1.9,801.2
681.8, 8.9,777.3
205.7,45.6,797.6
-321.8,18.3,863.9
-684.5,84.7,1183.3
-887.0,342.5,1498.0
-862.5,474.7,1442.2
-630.9,332.2,1134.2
-396.6,167.0,919.2
-121.2,45.5,862.6
-28.3,51.6,861.9
-13.4,150.5,906.3
320.4,-51.4,881.0
582.9,-223.4,928.4
569.5,-271.7,897.1
491.0,-263.6,901.0
420.0,-184.8,1039.3
346.4,-158.2,999.2
151.1,-35.9,966.2
115.8,-5.6,977.7
150.9,-46.4,945.7
147.3,-41.7,957.1
151.2,-51.8,954.4
137.8,-66.5,932.2
131.7,-54.8,965.2
132.7,-43.7,991.9
128.5,-48.0,983.6
-,-,-
196.2,-82.0,981.0
179.1,-53.3,1003.5
176.5,-58.0,994.8
174.8,-60.6,970.2
175.2,-43.8,963.9
216.0,-26.8,953.3
305.2,17.5,933.1
513.1,31.5,870.5
763.7,-32.4,704.9
848.9,-57.5,675.4
704.6, 1.9,809.0
376.0,26.1,971.0
-1.3,-1.5,1041.1
-320.4,-22.5,1139.9
-548.8,46.7,1256.6
-617.6,176.8,1241.8
-682.3,323.4,1173.0
-583.7,317.8,1079.7
-349.8,206.3,1017.9
-203.3,168.5,953.1
37.3,112.9,943.8
410.1,-53.7,947.2
483.2,-55.5,966.4
590.2,-140.2,950.6
522.6,-176.7,865.5
347.3,-102.8,874.6
330.9,-74.7,970.4
202.4,-10.0,972.2
195.1,-31.7,970.9
194.0,-49.0,977.1
201.9,-63.9,985.0
191.6,-63.8,1000.7
135.3,-37.5,991.7
139.8,-50.8,974.0
156.3,-59.6,976.3
165.0,-60.1,980.7
171.0,-76.5,954.3
143.7,-67.5,945.3
150.2,-63.7,957.9
160.7,-67.4,959.5
-,-,-
99.2,-58.5,986.6
93.0,-81.7,976.9
104.9,-108.0,970.1
106.3,-122.8,961.5
128.6,-128.3,952.4
176.3,-104.2,945.5
300.3,-58.8,934.5
634.2,-80.4,885.7
894.7,-24.3,867.6
832.8,137.8,881.2
540.4,217.3,879.6
91.8,160.7,841.5
-397.1,44.3,895.5
-863.1,-17.9,1133.0
-939.1,50.7,1378.2
-704.2,289.5,1456.8
-502.6,465.9,1296.5
-224.8,366.7,1081.2
-69.1,252.1,952.4
131.3,95.5,855.3
405.9,-84.9,887.6
381.9,-111.0,878.7
496.4,-179.4,934.5
564.7,-274.7,902.6
276.0,-110.5,871.5
282.8,-52.5,1005.3
326.5,-96.4,993.6
186.1,-10.9,973.3
188.4,-15.1,987.5
172.5,-23.7,948.8
158.4,-11.2,975.8
162.5,-25.9,975.4
108.1,-5.1,969.3
110.1,-10.2,970.4
113.0,-26.4,948.2
-,-,-
153.1,-63.0,995.7
111.9,-67.2,970.8
98.7,-88.6,959.7
98.6,-106.1,961.7
97.0,-104.3,970.4
121.6,-120.2,970.6
124.1,-108.4,967.8
130.3,-70.2,946.4
221.6,-37.2,904.0
418.6,40.3,931.2
679.5,67.5,968.6
889.3,-34.6,869.7
760.4,-36.8,813.3
446.1,-14.7,843.4
32.8,-31.4,858.4
-475.0,-83.5,981.6
-686.5,-53.4,1230.7
-784.7,206.6,1403.7
-854.1,371.0,1296.0
-655.5,348.6,1113.5
-423.0,294.7,1020.6
-141.1,192.0,1011.7
198.3,12.7,984.3
449.8,-120.1,964.1
597.6,-257.6,799.8
532.4,-240.5,779.7
528.3,-231.5,888.0
451.1,-206.8,875.4
311.9,-110.1,915.4
305.0,-103.7,957.3
235.3,-70.3,995.8
216.0,-61.3,1017.7
202.3,-68.2,1006.8
162.5,-58.6,1002.5
-,-,-
152.3,-91.4,978.5
144.4,-109.7,980.8
152.3,-136.5,968.4
140.2,-132.9,964.6
150.0,-121.9,975.6
155.5,-116.8,971.1
156.1,-109.7,959.4
159.4,-95.9,949.0
162.5,-66.3,943.1
220.6,-36.4,936.7
389.9,18.5,943.0
628.7,73.7,945.4
853.2,80.5,971.9
778.9,95.6,946.2
431.4,21.3,811.9
87.6,-73.6,779.2
-246.6,-22.8,892.6
-614.1,35.8,1007.7
-825.1,186.4,1208.6
-749.5,381.3,1312.5
-556.5,396.6,1212.2
-414.1,357.7,1139.3
-183.8,179.0,980.8
30.9,10.8,905.8
110.1,-44.6,873.1
305.0,-124.9,834.1
530.0,-177.5,925.6
526.0,-185.7,903.2
478.4,-184.3,867.4
402.8,-106.2,974.6
313.0,-62.8,975.7
277.0,-74.2,970.3
220.3,-78.1,941.5
158.3,-58.6,951.4
194.4,-93.8,967.0
172.3,-83.1,984.5
162.1,-92.7,978.7
181.8,-115.2,948.1
145.3,-72.2,981.5
-,-,-
131.0,-91.6,971.3
136.4,-95.4,961.8
126.8,-89.9,971.3
129.8,-93.7,969.3
118.7,-89.4,959.7
117.0,-79.8,947.8
158.1,-72.6,948.6
196.9,-47.2,895.6
311.8,32.9,905.1
560.7,85.4,955.7
753.6,68.3,924.8
783.8,61.0,911.4
601.7,115.1,935.2
362.7,74.9,895.4
-116.6,-51.4,876.0
-717.0,-40.8,1145.9
-906.2,33.4,1324.7
-901.5,177.7,1232.2
-781.7,250.1,1091.7
-453.2,148.8,943.0
-271.2,152.5,1017.8
-22.9,49.2,1030.9
174.7,-38.9,1021.1
198.1,-43.5,948.3
291.8,-104.0,928.9
377.2,-140.1,995.3
370.8,-176.7,937.8
292.7,-135.3,943.8
202.9,-42.0,1002.2
207.8,-46.2,991.6
155.7,-27.2,957.1
130.9,-8.8,963.6
128.8,-20.2,941.1
84.8,-7.5,949.7
83.6,-17.2,968.5
70.7,-27.3,952.0
55.0,-10.9,976.9
-,-,-
129.6,-34.0,1018.9
104.2,-49.1,1011.9
93.6,-56.9,1011.7
93.3,-71.1,993.9
105.0,-86.9,968.3
126.6,-85.6,957.3
170.5,-50.2,966.9
297.3,13.3,989.1
611.0,62.6,994.9
1005.6,52.6,910.3
1019.2,50.6,756.4
435.3,122.4,720.4
-311.3,149.7,857.1
-753.7,136.3,1039.2
-919.1,180.3,1217.7
-877.1,282.0,1294.5
-662.7,340.2,1143.1
-557.3,365.2,985.6
-377.2,278.4,904.9
-156.8,145.4,842.1
-34.2,101.9,819.7
223.4,-2.6,896.6
418.1,-80.7,955.5
341.0,-0.3,1002.6
511.8,-117.9,1063.9
475.7,-150.6,1064.5
214.2,-28.2,1026.7
151.6,-1.4,1002.0
71.3,33.2,969.3
23.2,54.5,976.3
35.4,40.2,976.0
 6.6,59.5,988.6
20.4,40.2,965.4
24.0,55.1,987.3
-,-,-
125.5,-29.8,985.2
123.3,-44.4,981.4
123.0,-61.0,969.2
117.7,-62.5,962.8
123.0,-63.7,970.2
115.0,-56.5,972.0
115.5,-50.0,973.0
127.9,-56.0,969.5
161.8,-44.9,950.7
249.4, 1.5,927.3
444.9,54.0,866.8
776.7,59.9,803.6
959.8,131.7,831.7
851.7,156.0,857.7
397.2,47.9,894.0
-178.9,-5.9,1110.2
-649.0,95.2,1204.9
-1121.5,380.0,1170.6
-1072.5,400.3,1106.9
-650.0,173.7,1025.2
-410.9,100.4,1024.8
-186.5,22.8,1018.2
-54.4, 9.5,1002.6
136.4,-14.6,1045.3
458.5,-247.5,945.0
305.1,-144.5,793.4
138.1,91.2,836.8
331.8,47.2,922.5
519.5,-39.1,984.6
461.6,-48.5,978.4
241.5,49.0,987.0
199.6,60.8,1017.1
160.9,57.9,1005.1
138.3,39.4,998.6
198.7,-28.7,968.7
136.2,11.7,968.9
128.9,21.2,979.8
149.6, 4.2,971.0
115.7,12.8,970.3
-,-,-
111.4,-64.1,971.4
108.6,-64.8,982.0
123.2,-74.4,988.1
126.2,-77.9,978.9
125.1,-83.3,956.3
134.6,-73.4,964.7
135.1,-53.6,973.1
139.0,-41.5,956.8
234.3,-26.1,929.8
447.8,37.8,938.6
820.1,78.9,930.7
1035.1,61.9,812.0
868.1,71.2,780.0
348.7,109.3,844.7
-182.7,56.4,947.1
-647.5,33.4,1132.8
-915.0,58.3,1223.7
-854.2,165.2,1196.3
-714.6,334.7,1194.0
-567.4,350.8,1100.6
-222.1,174.7,1001.4
-132.8,156.7,981.2
184.5,14.6,960.3
454.7,-162.6,890.5
295.2,-22.9,880.6
386.9,-34.0,898.5
532.5,-145.7,912.5
517.2,-140.1,934.3
436.1,-109.7,968.1
352.9,-71.2,962.9
276.5,-27.8,972.1
230.8,-3.0,1000.2
200.0,-8.4,974.3
155.5,-14.7,952.1
155.4,-21.1,963.5
136.1,-10.9,970.4
-,-,-
155.4,-46.2,981.4
153.1,-49.4,979.2
150.4,-52.2,976.1
152.6,-50.7,969.7
144.4,-42.0,974.0
160.8,-24.7,968.2
232.1,-3.3,936.3
419.1,59.4,925.8
755.1,117.5,907.4
1063.2,53.4,765.9
993.7,18.5,718.8
457.9,12.8,848.4
-115.4,-33.1,1028.3
-528.8,-29.1,1209.1
-645.0,-22.8,1275.1
-623.2,98.2,1244.3
-604.9,212.2,1142.3
-428.6,169.9,1080.7
-352.7,217.6,1087.0
-226.3,218.1,992.2
-123.1,264.2,1011.4
97.8,173.6,999.0
418.0,-64.5,937.3
529.2,-147.0,926.4
506.8,-107.3,893.6
564.8,-151.7,869.4
600.9,-212.5,863.4
459.4,-151.0,864.0
346.4,-62.7,949.0
295.1,-54.3,941.1
190.0,-24.8,944.4
175.9,-14.5,974.1
186.4,-24.5,972.4
170.3,-23.9,971.4
162.2,-21.1,965.1
