-,-,-
-8.7,-89.2,953.1
-21.8,-83.0,958.1
-14.1,-89.1,956.8
-1.4,-100.0,953.2
-9.7,-96.1,953.4
-0.1,-99.4,957.7
 0.5,-106.9,962.9
20.2,-135.4,940.0
174.9,-297.7,975.5
451.7,-569.8,924.2
682.5,-731.5,742.0
723.8,-612.9,694.0
489.7,-174.5,748.0
171.4,290.2,900.6
-32.9,488.4,967.5
-145.0,525.0,996.3
-212.6,529.4,1077.5
-323.3,548.3,1171.8
-384.3,485.8,1295.1
-355.6,340.0,1288.5
-230.0,173.4,1179.7
-74.6,24.8,1016.9
 2.8,-36.9,906.6
80.1,-89.7,833.6
129.7,-99.6,800.1
114.8,-60.8,809.9
131.2,-36.9,820.4
137.1, 1.2,891.7
151.6,31.0,955.3
160.2,46.5,1000.5
171.1,53.5,1022.8
102.1,131.5,1025.8
133.6,177.5,1032.1
307.5,159.6,973.8
355.9,251.1,982.5
345.6,331.8,968.4
299.5,342.2,894.9
237.4,255.1,854.1
72.7,45.4,827.5
-198.5,-206.7,860.6
-310.9,-414.8,1010.8
-255.8,-539.4,1042.6
-245.3,-520.3,980.1
-250.8,-425.6,925.5
-254.6,-294.2,900.7
-203.8,-159.3,951.8
-86.7,-116.5,989.5
-66.2,-71.6,1042.9
-74.3,-38.5,1028.3
 4.5,-91.0,970.5
 0.9,-104.0,957.4
-11.3,-82.4,931.6
-,-,-
40.1,-52.9,958.6
41.8,-53.5,950.8
57.0,-71.6,941.0
61.8,-71.5,942.2
49.3,-54.1,947.1
50.8,-61.1,933.6
48.1,-103.4,915.9
95.7,-217.6,854.6
343.7,-466.3,841.3
700.6,-698.6,897.2
895.0,-686.4,907.7
825.1,-384.3,895.9
492.4,41.0,828.5
105.2,424.0,792.6
-141.5,674.2,920.4
-267.9,753.8,1020.2
-350.1,759.4,1130.3
-485.5,733.2,1261.0
-452.3,555.6,1286.0
-260.9,269.5,1134.3
-82.7,60.1,985.9
68.2,-41.0,882.5
144.9,-98.7,793.3
199.4,-106.5,817.3
226.8,-76.5,795.1
202.3,14.8,840.1
238.2,62.9,917.2
265.7,113.1,977.6
309.7,159.0,1049.2
319.5,181.5,1016.6
268.4,247.2,995.0
366.3,196.1,989.2
423.1,188.7,987.1
316.7,300.8,961.5
162.7,333.5,918.7
15.3,248.4,910.4
-30.0,92.1,907.3
-99.7,-108.7,935.7
-156.1,-380.3,847.5
-158.7,-540.1,776.9
-207.0,-565.9,837.5
-223.5,-497.8,882.1
-162.8,-392.9,961.8
-42.8,-299.7,1013.0
-40.7,-170.4,1025.8
-94.9,-68.4,1043.6
-15.8,-104.7,990.1
 8.9,-118.7,960.8
-11.7,-89.8,978.4
35.5,-119.6,959.6
19.5,-128.7,952.4
-7.6,-125.9,938.9
 3.5,-129.4,922.9
-,-,-
54.6,-68.7,965.5
50.4,-79.2,959.7
54.8,-88.0,951.0
73.0,-99.1,947.0
83.6,-108.5,941.2
86.5,-108.1,938.0
83.7,-99.8,942.4
113.8,-124.2,954.9
153.6,-198.2,929.4
270.3,-347.2,902.6
488.2,-536.9,949.6
701.3,-653.5,904.5
747.0,-573.5,812.1
648.5,-298.6,719.7
417.3,135.2,694.1
47.9,591.4,798.1
-331.6,939.4,1018.0
-489.3,981.4,1146.3
-470.6,802.0,1173.0
-387.2,590.5,1194.6
-249.8,366.0,1136.5
-109.4,187.9,1051.4
40.7, 6.4,942.8
100.9,-49.8,896.8
139.8,-36.9,859.0
229.9,-75.5,805.8
231.3,-23.2,853.1
266.2,-5.8,884.2
275.5, 8.9,893.5
253.0,42.2,905.2
323.1,36.8,915.7
347.3,83.5,961.1
369.5,177.5,1021.0
426.3,249.5,1018.4
489.2,255.1,944.6
539.5,225.2,841.1
455.7,156.0,803.8
227.6,-8.3,811.3
-153.4,-180.8,897.1
-400.4,-296.3,1001.0
-357.7,-402.7,992.6
-266.4,-418.0,972.5
-218.8,-308.2,1036.3
-188.5,-208.3,1034.3
-147.1,-156.7,998.6
-82.8,-130.9,1020.4
-25.3,-124.1,997.9
19.6,-146.4,972.4
43.5,-155.0,955.0
21.2,-128.9,941.0
18.8,-132.0,956.9
-,-,-
91.7,-50.1,950.9
66.4,-37.8,955.4
55.7,-37.7,961.0
49.6,-41.8,959.9
53.6,-62.8,945.2
74.5,-90.7,938.5
63.5,-147.7,911.9
184.1,-264.3,915.0
507.6,-503.6,930.4
722.3,-643.0,871.3
722.8,-461.0,858.4
575.9,-180.2,812.5
439.0,27.0,821.0
248.9,281.5,880.9
10.6,481.0,935.5
-149.4,601.8,1006.4
-246.7,648.6,1081.3
-277.6,611.4,1183.4
-338.8,544.0,1265.3
-318.7,404.1,1210.5
-83.1,185.1,1029.1
64.3,82.9,887.4
202.9,-13.1,823.6
316.9,-101.3,775.4
265.2, 8.1,854.6
347.8,-13.0,870.5
360.6,-22.2,820.5
318.7,71.8,883.8
429.8,61.0,969.4
435.7,113.8,984.3
403.5,199.8,1016.6
464.2,233.2,1007.7
473.5,257.3,946.8
427.8,292.7,930.7
377.7,288.4,911.9
252.2,203.9,864.0
 5.3,38.4,909.0
-201.4,-243.1,845.9
-270.0,-440.2,811.3
-268.9,-441.9,936.8
-252.2,-398.0,956.4
-270.7,-279.8,963.0
-193.3,-183.0,1008.7
-17.9,-205.5,1021.3
33.9,-174.2,1063.0
51.1,-128.9,1033.7
68.6,-122.2,980.5
45.4,-103.7,966.7
57.1,-116.7,957.2
67.6,-156.0,943.8
41.6,-154.9,929.4
-,-,-
72.5,-38.3,967.0
75.4,-45.0,942.6
76.8,-54.9,951.6
83.2,-60.6,969.3
101.0,-61.5,963.5
146.0,-105.9,946.0
311.6,-302.6,984.6
516.9,-631.6,911.9
741.0,-862.3,730.3
808.7,-715.5,661.4
514.7,-152.9,755.9
150.2,387.3,926.8
-35.7,633.9,1059.7
-115.3,696.4,1129.8
-120.8,633.2,1160.3
-157.4,567.1,1218.7
-282.7,518.1,1239.1
-263.9,341.9,1120.8
-166.7,181.8,974.6
-95.9,136.3,869.6
85.4,43.3,824.2
232.7,-21.9,842.8
273.9,-17.5,880.8
326.1,-44.2,883.5
324.3,-27.6,901.3
295.3,43.2,913.3
334.1,99.9,932.6
394.9,126.0,943.3
392.1,194.3,946.9
395.1,282.3,937.0
441.2,303.0,887.4
437.6,313.8,847.0
434.6,289.3,911.0
383.2,135.1,963.6
147.3,-26.2,980.2
-170.3,-142.5,1022.4
-355.4,-276.3,1003.0
-388.4,-353.6,931.7
-345.2,-341.5,944.1
-178.6,-295.1,1015.0
-42.1,-261.3,1018.2
-30.2,-157.6,1022.7
 3.7,-90.1,1030.8
79.4,-115.5,1004.4
75.7,-120.2,979.4
61.2,-103.8,961.9
73.4,-108.0,957.7
-,-,-
-3690.7,-3691.4,-3688.4
-1922.2,-1995.3,-1506.0
-134.2,-285.3,708.8
84.3,-80.2,968.2
88.6,-73.5,961.5
72.8,-64.6,966.8
73.4,-60.4,969.1
69.4,-78.2,955.5
58.8,-82.6,957.8
67.3,-84.6,962.5
58.9,-88.7,959.9
67.5,-94.8,969.1
105.2,-154.4,965.3
227.7,-331.5,980.5
440.3,-604.5,942.3
631.5,-786.2,823.1
713.1,-770.3,717.0
671.5,-498.5,667.9
480.7,93.3,806.5
144.3,659.5,926.3
-167.8,970.8,1063.9
-330.8,1055.9,1202.5
-421.7,972.9,1242.9
-376.4,684.8,1196.6
-209.1,343.6,1053.4
-41.5,117.9,965.9
87.2,-40.9,908.3
182.5,-108.8,889.7
245.3,-143.6,851.9
242.9,-107.7,870.6
285.7,-64.9,915.7
302.2,-31.3,887.2
253.1,82.4,927.5
351.1,83.8,948.3
387.1,54.8,911.7
325.3,122.3,925.5
340.9,187.6,964.8
357.2,188.8,929.9
346.5,172.1,891.7
331.1,127.4,896.1
293.6,-13.4,818.1
133.4,-152.3,844.1
-105.0,-255.6,953.0
-149.7,-424.3,1006.6
-132.4,-488.3,1072.8
-177.7,-410.8,1058.4
-137.2,-331.0,1009.4
-95.2,-252.8,977.0
-61.7,-179.1,958.5
-39.8,-148.0,965.6
-8.6,-137.6,948.8
17.2,-133.7,946.4
27.0,-137.0,956.6
63.4,-155.7,947.2
58.1,-156.7,955.6
33.0,-144.1,946.8
27.5,-137.1,924.9
22.0,-136.0,942.7
24.8,-143.2,944.6
17.1,-139.3,941.6
15.7,-134.4,954.5
45.3,-152.8,964.3
-,-,-
87.9,-52.1,967.6
68.2,-44.7,968.5
61.3,-47.2,960.2
64.4,-54.1,954.6
50.6,-48.3,961.2
50.0,-48.0,972.0
56.6,-60.7,979.2
46.4,-73.6,960.5
74.2,-140.1,921.4
209.2,-324.9,933.4
486.7,-576.6,959.5
812.6,-764.9,948.2
913.5,-708.4,815.9
634.3,-237.8,681.9
224.1,407.7,792.1
-140.6,831.3,948.5
-374.6,978.9,1065.0
-475.2,973.8,1178.8
-516.7,813.9,1185.9
-425.0,522.0,1142.1
-210.8,224.2,1071.0
-75.3,82.2,1028.2
88.1,-46.0,956.4
235.0,-160.3,867.4
257.8,-125.1,888.0
308.1,-153.5,879.0
229.5,-100.6,852.0
138.4,36.4,880.5
206.0,29.7,884.6
172.2,90.8,897.9
202.2,166.2,938.0
314.5,168.0,937.9
276.9,219.0,943.9
276.1,259.3,935.1
344.4,306.5,892.5
320.8,348.7,848.4
313.9,313.6,894.6
381.7,129.2,944.6
304.1,-91.8,944.5
71.0,-179.8,1035.1
-117.5,-280.2,1031.8
-213.0,-405.8,936.7
-291.5,-406.0,916.1
-255.2,-367.9,876.3
-168.6,-267.8,920.4
-144.8,-100.3,1029.6
-76.8,-42.9,1054.1
-16.9,-87.2,1030.5
28.5,-142.5,986.1
46.2,-159.3,965.9
30.5,-153.7,962.1
25.1,-139.6,939.6
 8.0,-114.4,939.6
22.7,-126.2,950.1
46.1,-163.2,962.9
34.7,-179.5,933.3
-,-,-
31.7,-102.9,944.4
40.0,-104.5,954.4
28.3,-102.3,950.2
24.5,-101.7,954.2
28.6,-100.2,956.1
28.0,-97.6,949.2
41.0,-104.1,947.6
57.0,-141.3,930.9
183.4,-331.4,872.2
487.1,-693.4,790.2
817.7,-947.6,724.8
910.0,-753.5,765.7
641.5,-223.3,793.9
222.9,339.9,847.6
-177.2,769.9,987.4
-410.1,959.7,1166.6
-494.6,953.0,1346.7
-472.3,750.6,1326.9
-282.7,345.3,1153.1
-159.3,107.3,1053.9
-22.3,-28.3,978.8
154.2,-176.1,918.5
160.2,-154.4,881.0
203.2,-139.7,849.2
198.6,-79.3,893.7
207.0,-27.7,920.0
268.1,-70.6,865.1
163.8,29.8,898.6
163.6,80.3,957.3
173.9,104.0,946.0
133.3,188.3,946.5
182.4,242.7,951.0
232.8,264.3,914.6
260.2,281.8,881.9
277.0,275.9,913.6
306.8,146.8,888.7
295.6,30.1,933.8
161.5,-53.8,1027.1
28.1,-200.8,1011.3
-90.6,-302.6,1003.5
-184.4,-360.1,984.3
-177.9,-363.9,954.9
-148.9,-309.1,983.1
-108.9,-216.4,981.2
-,-,-
59.3,-91.2,957.6
57.9,-92.4,950.6
61.1,-97.1,969.1
61.3,-105.8,955.2
67.3,-114.8,947.2
85.0,-141.2,966.1
135.0,-197.0,973.3
246.1,-345.4,959.7
420.5,-597.5,935.7
650.0,-867.3,819.3
838.1,-879.1,651.7
691.9,-293.8,732.9
225.8,491.6,848.5
-111.4,891.9,907.5
-241.6,958.9,1044.5
-347.6,907.9,1082.6
-418.5,764.8,1096.4
-327.5,486.1,1182.4
-126.8,170.1,1204.3
-36.2,20.0,1140.8
55.5,-73.1,1038.3
93.2,-62.8,971.4
138.4,-36.0,909.4
246.9,-89.8,834.1
246.4,-62.4,857.6
250.3,-58.2,901.5
228.9,-65.9,889.3
193.7,-58.0,848.1
187.5,-62.6,839.4
144.5,13.7,891.8
147.7,83.0,939.2
150.7,123.3,959.0
160.5,199.6,984.8
314.2,253.7,1025.1
497.3,316.6,1052.9
655.0,338.9,983.0
640.2,274.9,897.1
306.1,168.3,858.8
-133.9,-53.4,827.4
-390.2,-335.8,818.4
-354.3,-468.0,941.7
-250.8,-436.2,1013.0
-248.1,-358.2,980.2
-228.1,-257.9,1003.1
-167.6,-186.8,976.4
-127.5,-112.2,978.3
-,-,-
62.0,-43.5,957.3
69.7,-71.1,943.8
46.7,-69.5,935.4
46.1,-58.7,944.6
61.4,-60.5,964.6
67.4,-57.9,977.8
65.4,-55.3,974.4
43.2,-54.1,953.1
47.5,-65.3,932.6
77.6,-87.0,940.3
80.6,-89.3,945.4
77.9,-96.7,936.9
105.2,-126.4,937.1
212.4,-278.3,942.0
430.9,-578.6,906.9
618.7,-768.6,851.4
600.9,-678.2,848.7
546.1,-404.3,842.5
456.9,-2.5,837.4
259.9,447.9,863.6
-42.3,879.9,955.1
-278.2,1099.9,1096.1
-382.7,1071.6,1184.6
-391.9,838.8,1124.1
-227.5,430.5,958.4
-51.2,167.4,910.9
91.4,56.2,917.6
236.5,-66.2,877.2
235.7,-73.6,889.0
220.7,-44.2,855.7
263.6,-51.3,876.7
298.4,-40.6,935.9
279.8, 8.8,935.8
241.0,85.0,981.7
299.6,92.8,968.3
301.8,133.4,923.2
257.2,207.6,946.4
277.0,250.5,960.1
320.9,218.5,928.7
312.3,194.7,906.0
316.9,171.6,904.5
310.2,64.5,850.8
177.8,-58.4,807.5
68.2,-233.4,851.2
-80.9,-366.6,949.8
-264.2,-422.6,963.8
-260.0,-496.1,925.9
-208.9,-471.7,978.0
-173.1,-371.7,1029.1
-104.2,-288.0,1022.2
-76.0,-224.5,1006.2
-69.2,-184.9,953.2
-68.2,-150.0,925.5
-,-,-
37.5,-66.5,968.5
44.3,-59.6,973.0
29.2,-49.0,973.1
30.5,-51.5,970.3
29.4,-61.8,950.9
62.5,-113.6,942.8
231.9,-353.9,1024.0
502.4,-814.0,877.4
735.7,-1070.2,618.9
834.4,-826.9,641.4
572.1,-134.1,736.1
131.4,576.9,957.8
-152.9,835.9,1104.2
-266.5,822.4,1122.6
-310.7,748.2,1225.5
-379.4,626.9,1278.0
-317.8,380.2,1187.7
-115.4,87.5,1029.6
67.3,-96.4,930.3
181.6,-200.1,881.8
208.7,-223.0,855.0
208.3,-189.4,856.7
188.5,-162.9,925.6
200.9,-148.3,955.1
213.9,-119.3,931.6
172.4,-79.3,958.1
147.7,-60.3,913.3
132.0,-39.2,921.6
172.5,-53.1,963.9
158.2,-28.8,953.5
90.9,40.2,946.5
114.6,91.3,928.1
198.6,158.0,926.5
331.1,261.0,959.6
458.2,337.0,960.5
569.8,299.8,953.4
546.2,171.1,932.1
279.6,-41.2,924.4
20.1,-350.5,912.8
-171.5,-590.1,862.1
-314.3,-593.0,876.6
-349.1,-442.7,915.4
-298.3,-312.9,961.9
-197.3,-217.2,1049.6
-141.1,-171.9,1018.6
-,-,-
42.4,-33.0,964.0
34.8,-27.2,962.1
23.1,-29.5,947.3
17.5,-27.9,948.0
21.1,-22.1,956.8
21.6,-22.0,957.2
24.4,-27.6,963.2
27.0,-34.3,966.4
37.5,-39.3,970.4
40.5,-41.3,966.9
33.5,-50.8,946.9
37.7,-64.3,941.6
54.3,-92.8,936.3
98.4,-177.3,886.9
201.4,-358.7,885.9
480.8,-659.7,888.9
793.1,-811.4,948.5
877.4,-574.4,960.3
649.5,-85.0,794.1
269.1,425.6,782.5
-67.6,801.8,879.6
-342.3,1029.0,1024.9
-592.8,1139.1,1234.2
-605.1,911.1,1211.7
-298.5,423.3,1075.8
-44.9,104.5,1003.1
111.2,-82.4,945.8
225.3,-203.1,897.7
194.6,-172.9,890.1
236.8,-196.9,857.9
204.0,-153.1,877.5
153.3,-63.6,937.9
219.2,-92.3,939.4
150.2,-38.3,945.3
137.3,-15.0,949.6
174.4,-27.6,927.6
103.2,48.7,974.0
137.0,47.8,977.5
158.1,71.5,940.8
136.9,143.3,935.9
211.4,209.0,953.8
286.4,348.1,905.7
372.0,434.5,842.2
443.7,390.6,846.0
392.2,260.6,880.1
148.7,91.3,946.2
-76.4,-216.0,1029.4
-109.3,-516.1,992.8
-194.1,-560.4,972.2
-233.7,-473.2,1054.8
-106.3,-410.8,1081.1
-69.3,-319.5,1033.4
-77.1,-178.1,1019.2
-,-,-
80.0,-13.3,962.1
71.3,-10.0,961.9
74.1,-12.0,959.6
76.6,-15.6,965.1
74.9,-19.9,972.7
81.7,-31.9,975.1
97.7,-60.2,966.7
118.6,-104.5,964.0
143.7,-169.3,921.9
199.0,-343.7,816.5
432.3,-641.8,810.0
724.4,-838.9,795.4
814.0,-674.5,756.9
595.3,-147.3,790.4
212.4,389.0,845.7
-145.0,795.9,1030.1
-368.5,990.3,1277.1
-504.2,957.9,1394.8
-475.7,722.3,1329.6
-252.2,326.1,1115.8
-39.5,10.9,964.1
55.5,-115.3,881.5
110.7,-153.7,845.7
132.4,-167.0,861.0
149.4,-156.6,866.8
122.7,-100.9,862.8
88.8,-49.3,911.0
125.1,-54.3,935.7
119.2,-27.1,938.7
102.6,-7.9,964.4
122.3,-7.3,964.6
117.3,18.9,943.5
109.4,71.9,960.3
151.2,139.4,969.0
233.0,210.0,942.4
298.7,298.6,917.6
383.4,311.6,894.6
436.9,230.0,877.5
346.9,122.8,875.4
116.1,-80.0,915.2
-166.0,-367.3,955.8
-280.8,-585.4,1074.6
-208.2,-661.4,1122.3
-144.0,-601.4,980.8
-215.6,-424.4,934.3
-236.4,-277.1,952.0
-140.4,-190.9,947.0
-,-,-
76.4,-62.5,962.8
82.3,-69.3,973.5
83.2,-80.2,967.6
94.7,-91.8,965.3
95.6,-102.9,951.4
117.5,-119.6,942.6
160.4,-166.3,942.0
188.2,-222.0,898.2
238.6,-289.7,920.7
256.8,-326.0,981.7
277.1,-435.6,907.0
380.5,-650.1,808.8
511.5,-755.3,616.3
543.5,-406.6,651.9
255.4,367.2,959.2
-170.4,959.8,1172.3
-421.2,1134.9,1270.2
-467.6,999.4,1218.4
-328.1,634.1,1059.8
-202.4,302.1,974.7
-73.9,54.2,911.1
 3.0,-45.6,938.9
34.2,-79.2,922.3
59.3,-74.7,858.3
132.1,-95.3,836.7
224.7,-163.4,834.9
206.9,-128.7,837.7
167.2,-13.1,884.3
211.9,27.3,1002.9
245.2,28.1,1021.9
206.8,81.3,987.7
232.6,107.1,969.2
260.1,154.3,968.1
235.9,258.8,976.0
274.2,318.4,962.2
356.9,273.9,893.9
358.3,256.5,827.7
383.7,205.6,805.3
376.7,86.3,945.1
214.9,-43.9,1013.0
80.9,-265.0,914.6
-89.0,-503.5,914.4
-279.9,-609.6,924.9
-296.5,-650.6,938.6
-220.7,-591.6,984.1
-202.8,-359.4,977.3
-,-,-
132.4,-124.3,952.0
131.5,-128.7,957.2
130.2,-117.3,967.8
138.4,-111.7,971.7
136.9,-123.6,959.2
138.6,-121.8,952.2
155.5,-139.9,950.5
227.9,-225.2,960.7
421.9,-477.5,946.2
716.5,-831.2,864.1
890.0,-886.6,789.9
789.7,-506.5,627.0
399.9,251.3,643.3
-110.7,935.2,931.2
-452.6,1153.4,1208.6
-529.1,1054.5,1335.5
-487.7,779.4,1270.0
-267.2,366.3,1143.0
-54.3,32.9,1018.3
-1.6,-93.1,940.2
79.6,-162.2,906.6
118.0,-177.7,883.3
76.4,-120.5,871.2
79.8,-91.2,862.1
88.5,-67.5,882.3
125.1,-74.2,897.9
81.3,-28.9,907.9
35.4,15.7,929.6
71.3, 7.5,944.3
82.8,17.4,966.9
113.6, 3.1,954.8
110.8, 8.4,951.1
74.9,43.6,979.2
135.9,89.1,959.6
231.5,191.5,944.3
322.4,319.2,965.8
432.3,444.2,940.6
612.9,426.6,969.9
499.4,255.6,951.9
-19.7,96.4,964.2
-367.8,-230.1,943.5
-351.9,-534.8,924.6
-312.5,-522.6,973.8
-313.1,-402.0,994.3
-218.4,-309.3,1007.3
-129.3,-220.0,967.8
-,-,-
79.4,-59.8,971.4
73.3,-55.3,969.4
74.3,-52.4,964.5
82.1,-51.4,969.7
112.4,-75.6,951.4
192.8,-151.6,944.7
297.5,-315.8,921.7
377.8,-461.8,874.3
539.1,-601.6,866.1
749.8,-715.4,833.5
721.5,-509.6,781.0
363.9,71.2,834.1
-126.8,657.7,955.6
-464.6,985.9,1140.6
-599.6,967.7,1277.5
-641.3,758.0,1208.4
-492.0,443.9,1116.0
-226.1,80.1,1021.3
-98.7,-105.8,952.3
-13.5,-154.0,945.9
76.6,-222.4,925.7
30.2,-165.8,893.3
-6.5,-71.4,860.6
 9.7,-54.5,784.0
53.9,-13.5,842.5
139.0,-8.9,912.9
118.8,21.2,935.7
90.5,65.7,975.5
130.6,61.0,970.9
133.7,85.4,1001.4
152.6,75.9,1004.5
201.7,94.7,941.5
223.2,264.7,927.4
340.1,415.6,927.3
464.6,474.8,871.6
444.6,502.5,839.1
436.5,316.3,879.3
346.4,-92.9,950.7
144.4,-488.3,970.6
19.6,-694.2,941.4
-86.7,-740.2,936.8
-169.2,-654.0,983.9
-149.2,-514.1,966.3
-121.0,-397.5,899.8
-99.7,-303.1,884.0
-63.5,-247.5,895.2
-30.7,-186.8,910.5
-12.2,-143.5,946.5
21.8,-140.6,959.9
-,-,-
100.4,-60.5,951.3
110.1,-51.7,960.0
99.9,-51.9,955.9
95.6,-51.5,974.0
105.6,-63.4,983.3
134.8,-101.2,960.5
185.2,-160.5,950.3
266.2,-280.1,944.4
396.9,-495.2,935.8
576.1,-716.4,942.6
731.8,-772.7,841.3
785.1,-618.6,635.0
632.3,-153.9,611.0
240.3,555.2,745.7
-243.5,1189.5,1125.6
-554.8,1312.1,1318.0
-539.0,988.4,1195.0
-325.1,541.8,1083.5
-146.0,183.7,1009.7
-14.6,-50.6,976.1
 6.2,-94.2,947.2
20.4,-93.2,950.0
50.0,-104.0,944.7
54.8,-65.9,919.9
64.1,-41.1,900.0
90.6,-46.1,938.9
111.3,-43.0,918.0
70.2,14.2,880.5
92.2,17.9,918.7
102.4, 1.7,926.2
37.6,60.2,969.1
84.1,77.6,978.5
121.6,145.1,997.2
219.6,152.7,997.4
340.1,135.4,948.8
420.8,235.7,967.2
588.5,287.1,958.0
692.7,246.6,986.6
521.5,55.3,956.7
39.4,-106.4,924.0
-361.8,-260.3,939.9
-414.8,-437.3,873.8
-316.2,-476.8,897.4
-180.4,-450.3,978.0
-140.0,-351.5,979.3
-97.1,-237.4,993.2
11.6,-187.5,985.6
35.0,-114.4,1018.2
76.5,-113.6,1010.4
112.9,-140.2,982.3
-,-,-
90.9,-82.9,961.9
94.0,-86.0,959.5
78.2,-72.7,970.0
83.8,-71.3,974.5
97.0,-89.2,967.3
102.3,-97.6,952.5
156.4,-122.5,914.5
238.9,-198.3,903.7
531.6,-502.7,967.3
931.1,-950.7,879.6
988.7,-903.7,717.2
601.5,-147.1,819.2
103.9,620.7,963.8
-247.2,988.4,1084.5
-444.9,1113.3,1278.4
-524.1,1008.3,1287.1
-418.9,654.6,1205.2
-237.2,259.1,1058.4
-82.6,-7.6,941.2
47.6,-161.5,903.7
66.6,-139.2,872.1
121.1,-124.9,860.5
188.6,-185.9,871.6
162.9,-140.1,891.1
182.1,-128.9,892.8
151.9,-78.0,906.3
118.8, 0.3,954.2
203.8,-32.0,951.2
232.0,-38.0,925.0
241.6,-13.5,922.3
313.1,-6.5,971.8
307.6,92.8,1011.3
301.0,210.9,988.0
340.6,286.9,943.9
406.7,329.1,901.6
540.8,258.8,865.8
445.0,70.9,860.8
47.8,-154.5,888.4
-335.5,-323.7,1003.8
-469.5,-404.7,1079.2
-370.2,-438.1,980.4
-279.6,-401.3,935.4
-199.5,-331.8,987.4
-94.6,-291.8,958.0
-74.1,-197.6,934.6
-,-,-
78.0,-154.3,961.4
71.1,-153.4,941.6
62.8,-144.9,936.1
76.5,-152.1,941.5
75.4,-150.9,958.3
70.6,-150.7,946.6
95.5,-193.7,891.0
150.6,-292.9,843.4
295.7,-455.9,891.3
531.0,-641.7,990.9
725.9,-765.6,904.2
766.4,-663.3,721.5
568.5,-221.5,737.4
207.6,345.5,815.4
-171.0,804.7,1045.0
-458.4,1013.3,1279.6
-560.3,907.5,1301.4
-476.9,614.4,1192.2
-222.7,224.3,1068.3
22.1,-110.4,980.7
-20.3,-132.5,918.9
55.4,-179.4,915.5
108.6,-253.6,858.8
94.2,-219.4,860.8
186.9,-240.8,863.4
157.3,-177.3,893.1
128.9,-93.1,932.3
141.7,-62.8,919.3
140.2,-32.0,931.2
151.6,-11.8,917.0
150.1,46.7,960.4
212.4,47.6,946.8
252.9,104.8,883.7
404.5,162.0,926.2
619.1,201.2,1012.9
638.2,366.5,1016.9
584.5,392.6,916.7
489.9,162.3,809.9
229.6,-88.2,815.2
-57.5,-331.9,935.5
-320.1,-506.1,1110.3
-429.1,-636.5,978.0
-371.0,-654.5,807.7
-308.3,-487.7,864.3
-248.4,-325.4,887.2
-171.8,-257.7,934.1
-33.6,-232.5,944.9
17.1,-182.3,972.3
-,-,-
101.2,-124.4,960.3
98.3,-127.4,956.6
91.8,-136.5,947.5
91.5,-139.0,941.0
95.9,-136.9,946.6
79.6,-120.4,961.3
64.7,-110.9,951.6
61.8,-141.7,906.6
42.0,-185.4,886.6
159.3,-303.1,838.6
427.3,-567.6,841.5
660.9,-708.9,879.5
878.5,-728.7,791.0
959.7,-597.2,741.8
707.3,-102.7,770.7
227.5,532.9,992.9
-194.6,916.8,1206.4
-373.9,940.6,1300.5
-433.3,774.8,1304.6
-266.3,388.0,1234.1
40.8,-88.4,1110.6
110.6,-271.4,974.1
84.3,-292.3,861.2
96.6,-266.2,825.4
112.4,-179.8,843.9
118.5,-127.4,861.2
98.1,-73.9,883.2
94.9,-8.4,879.9
123.6, 6.8,919.4
122.6,43.0,948.3
130.4,45.3,942.0
180.8,-14.9,958.5
168.6,-14.9,973.1
191.8,-25.0,971.7
231.8,-18.1,939.9
257.4,59.4,933.0
335.9,116.7,932.1
425.2,206.4,948.1
553.0,262.2,976.1
656.5,235.9,892.4
594.5,192.2,869.4
394.8,78.4,951.8
-19.6,-53.5,1005.9
-362.4,-205.3,958.6
-426.4,-402.1,880.7
-363.3,-505.4,896.2
-224.1,-494.5,937.4
-165.5,-366.7,972.6
-104.3,-268.5,991.2
28.4,-248.3,967.1
52.7,-180.6,967.0
62.8,-126.1,976.3
-,-,-
94.9,-67.3,948.9
99.1,-59.7,966.4
99.1,-58.9,967.4
111.6,-81.6,964.7
132.2,-108.9,957.3
164.6,-150.9,929.8
219.0,-264.7,912.3
335.9,-500.9,840.1
540.2,-769.1,861.8
748.5,-833.8,818.7
778.4,-588.2,628.2
529.9,-94.4,708.5
153.7,431.8,931.0
-148.5,795.9,1119.1
-345.2,907.7,1252.3
-439.8,835.6,1297.3
-414.9,615.4,1247.3
-254.0,257.3,1118.9
-86.3,-20.5,1009.6
-14.5,-123.9,929.6
66.9,-179.6,874.2
96.5,-143.6,890.0
137.3,-115.0,891.8
132.7,-67.9,857.7
94.7,14.1,887.5
155.8,-3.1,893.8
129.2,21.8,924.2
140.7,13.4,938.9
155.6,-0.3,922.5
113.9,37.6,971.7
143.2,26.6,971.5
160.1,50.0,986.0
171.9,131.5,987.3
235.0,243.8,920.6
327.6,321.0,897.6
439.5,320.0,904.2
552.0,278.4,936.8
584.7,196.6,1000.8
376.6,63.4,942.4
81.9,-183.1,860.0
-194.7,-424.4,953.4
-392.1,-508.8,999.8
-399.5,-540.3,922.0
-319.2,-564.9,879.8
-244.4,-478.1,869.5
-214.2,-312.8,933.7
-99.3,-234.3,969.4
-13.2,-186.5,969.9
-1.2,-158.5,974.0
57.8,-175.4,956.7
43.3,-146.0,935.3
-2.0,-93.5,933.5
19.3,-108.3,979.0
-,-,-
71.3,-87.0,964.5
72.9,-76.8,969.7
74.1,-77.0,951.0
90.8,-96.7,916.9
139.4,-120.7,880.0
236.5,-182.7,817.8
403.1,-371.3,906.8
666.2,-539.7,1028.0
940.0,-705.1,847.7
991.9,-727.3,630.0
622.0,-178.0,683.3
79.8,582.3,865.4
-397.8,1053.9,1191.2
-594.6,1066.8,1354.7
-589.0,828.8,1223.2
-400.2,511.5,1076.4
-182.9,166.3,938.3
-83.7,-18.1,863.7
-45.2,-58.7,879.7
39.8,-110.1,889.2
89.4,-100.6,860.6
97.4,-52.2,847.9
133.6,-13.0,900.6
143.7,47.0,953.4
218.1,14.2,981.9
244.2, 3.9,1006.3
153.0,80.8,1009.1
190.6,35.4,1008.1
199.2,14.6,1006.2
95.4,107.7,957.7
98.4,130.0,905.0
146.1,135.0,897.9
251.4,231.1,922.6
403.9,292.8,943.8
537.6,225.3,952.8
634.7,191.1,949.9
618.4,89.9,972.8
396.6,-168.7,913.9
-54.4,-430.1,841.7
-336.5,-555.5,936.5
-377.2,-487.6,1022.6
-309.2,-383.0,1039.8
-181.3,-288.5,1056.7
-120.6,-196.2,990.0
-69.7,-130.2,951.2
10.9,-130.6,955.4
47.1,-113.5,939.6
79.3,-113.5,971.1
107.4,-140.8,968.4
-,-,-
33.3,-36.1,977.0
26.6,-24.3,967.5
29.0,-27.3,967.3
43.1,-38.1,948.2
98.7,-75.1,924.9
240.7,-200.4,936.7
538.4,-511.7,923.5
889.5,-875.4,868.1
958.6,-817.1,746.1
582.8,-213.7,739.6
93.8,420.5,877.7
-319.5,813.4,1019.9
-568.0,931.5,1173.3
-684.6,904.4,1287.2
-647.5,739.4,1244.5
-328.0,307.1,1061.2
-132.7,39.2,970.0
-53.4,-62.5,919.8
 1.8,-105.0,871.4
-18.4,-43.0,888.0
50.0,-63.0,846.8
61.4,-36.7,867.4
70.9,-2.6,905.7
104.3,-10.6,863.7
77.0,36.1,929.0
155.1, 8.6,981.1
143.9,56.6,957.8
145.7,104.3,971.2
235.5,81.2,964.4
226.6,162.5,981.4
253.8,283.4,1072.6
379.2,280.8,1030.8
508.0,141.8,872.2
582.7, 9.6,836.7
458.9,-59.1,823.3
128.8,-122.0,839.9
-324.2,-209.7,956.3
-470.3,-377.9,1033.3
-309.7,-520.4,1026.0
-295.6,-454.3,988.9
-296.4,-319.8,927.2
-195.8,-244.3,931.4
-109.9,-138.1,1036.0
-8.3,-121.6,1021.3
29.7,-131.7,954.9
-,-,-
57.8,-118.2,956.5
61.8,-114.0,948.8
66.5,-114.1,946.2
55.1,-101.7,951.3
66.3,-104.4,955.2
82.2,-116.6,949.0
115.8,-143.0,960.0
142.5,-168.3,947.8
131.5,-207.9,900.5
276.9,-432.2,782.4
522.1,-678.3,759.6
767.0,-838.0,726.6
832.7,-655.4,673.3
518.4,-26.5,814.3
20.0,635.9,1006.6
-340.3,999.6,1186.0
-442.7,960.1,1318.9
-420.5,750.5,1281.8
-286.0,437.7,1163.6
-163.3,168.2,1054.1
-83.5,29.8,971.0
 1.6,-63.6,890.5
97.1,-93.9,902.0
154.3,-92.5,890.5
70.9,-61.4,863.5
48.4,-44.6,882.4
97.6,-30.7,874.1
58.2,32.3,913.0
107.3,14.8,961.1
72.4,37.9,971.1
32.5,91.5,998.1
121.7,38.5,1008.0
156.0, 5.0,1005.4
146.8,33.5,977.6
222.9,46.5,928.6
334.4,71.3,904.2
381.3,213.8,952.2
482.0,335.8,986.8
526.8,336.3,919.1
419.8,265.7,887.4
224.8,84.1,887.7
-48.1,-218.4,851.3
-230.7,-490.7,870.4
-333.3,-539.1,1002.4
-349.7,-492.0,1060.6
-246.2,-442.8,988.6
-211.2,-309.2,972.4
-139.4,-213.1,968.6
-18.5,-227.5,945.0
 3.6,-196.1,926.5
30.6,-179.4,935.3
76.3,-208.3,934.7
-,-,-
31.0,-1.9,952.5
29.9,-11.9,957.5
33.3,-15.1,955.0
33.1,-10.2,966.1
24.4,-11.5,968.3
31.4,-27.6,964.3
37.1,-34.1,973.1
39.3,-36.1,977.6
44.8,-51.9,967.4
41.4,-54.3,967.5
39.0,-54.1,974.5
57.1,-80.3,954.3
140.5,-184.8,939.1
327.3,-446.5,936.4
554.8,-716.4,851.1
702.6,-734.7,769.5
661.4,-448.8,776.3
523.4,-39.9,831.9
280.2,411.3,961.7
-73.1,807.0,1034.4
-409.5,1022.0,1093.0
-526.5,966.1,1117.9
-435.8,716.2,1049.2
-293.7,435.1,1038.4
-126.6,163.7,1008.2
-99.5,75.3,991.9
-86.7,38.4,941.0
-16.8,-8.2,921.7
57.6, 4.8,928.9
105.8,-22.8,887.6
123.5,-39.6,910.9
137.3,-16.3,936.2
85.3,60.4,945.9
128.9,76.1,947.2
185.4,64.1,913.5
175.4,110.7,921.9
267.0,95.1,937.9
270.0,135.0,936.9
221.6,233.1,968.4
309.1,221.3,956.8
411.9,101.2,873.6
443.1,44.7,856.1
402.2,14.4,967.7
197.7,-29.6,1022.5
-115.7,-141.7,1007.2
-317.7,-355.5,991.2
-382.6,-492.3,1009.3
-339.7,-459.0,1057.2
-263.8,-324.7,1082.9
-157.0,-203.5,1056.9
-,-,-
-14.6,-113.8,959.9
-18.8,-102.6,950.9
-20.4,-101.0,955.2
-18.4,-109.8,956.7
-27.1,-104.5,935.0
-5.2,-106.5,928.3
88.3,-190.3,907.7
314.3,-388.9,864.3
660.2,-696.9,841.0
905.6,-832.1,858.2
759.7,-443.1,872.5
287.8,192.9,817.4
-177.6,630.8,888.8
-440.2,828.9,1083.4
-529.0,788.2,1181.5
-536.0,654.9,1220.3
-458.2,422.8,1153.3
-224.3,85.8,1026.4
-9.0,-140.2,965.4
75.0,-216.2,911.9
104.5,-215.3,930.1
119.7,-208.4,950.4
85.7,-159.6,910.8
63.1,-108.8,918.5
89.4,-112.0,917.9
49.2,-59.5,899.8
34.6,-40.7,893.7
56.8,-63.5,905.5
38.2,-39.9,938.1
19.2,-15.4,948.0
-20.5,-0.4,961.2
-2.8,-15.0,961.9
52.7,-0.6,971.5
89.7,36.5,980.2
128.2,106.3,975.2
190.1,188.0,1014.2
235.7,275.8,1017.9
259.5,371.1,997.6
343.1,379.0,945.5
362.2,330.1,865.6
232.9,123.8,826.6
-1.3,-298.0,793.8
-93.1,-659.2,835.3
-136.2,-733.9,960.8
-211.6,-622.3,1026.1
-177.5,-512.1,1089.1
-187.8,-335.5,1088.4
-193.0,-170.5,1034.7
-119.5,-112.5,1010.4
-56.0,-91.7,957.5
12.8,-111.6,931.3
53.1,-132.3,959.0
28.1,-109.2,957.2
-,-,-
-20.6,-108.7,955.6
-34.6,-100.9,939.9
-33.2,-103.3,948.0
-20.3,-114.9,948.7
-27.3,-108.9,944.4
-9.8,-110.5,949.1
54.8,-164.3,930.9
219.7,-373.8,949.8
530.8,-761.4,842.7
832.3,-1030.2,731.4
831.0,-793.4,687.4
455.6,-47.5,710.2
41.1,672.7,949.4
-222.7,924.6,1079.9
-322.2,861.9,1123.2
-267.0,682.1,1179.8
-239.4,501.5,1205.3
-161.5,283.3,1197.0
-53.4,59.3,1084.0
-59.4,-17.9,977.7
-38.4,-39.7,927.3
 9.0,-48.4,941.5
60.0,-67.2,924.3
98.0,-93.8,885.9
112.3,-92.9,894.9
126.0,-86.5,914.4
121.0,-80.6,905.7
72.3,-39.6,876.8
45.3, 2.2,932.6
85.9,-20.0,932.8
41.6,37.5,871.8
 3.8,138.9,880.2
143.3,161.2,890.3
379.2,195.3,983.2
584.2,250.1,1089.8
652.7,328.1,1093.9
538.0,400.2,1005.6
248.6,314.6,875.0
-96.7,16.3,740.9
-283.1,-273.2,756.5
-374.5,-362.6,990.9
-319.4,-426.9,1107.4
-159.9,-477.5,1111.8
-132.1,-384.3,1089.0
-97.6,-247.9,990.6
-2.4,-174.6,997.4
33.4,-120.9,1003.4
28.4,-50.8,963.5
62.2,-47.8,1000.6
109.1,-85.2,998.2
77.6,-82.1,964.1
-,-,-
76.7,-81.5,969.0
50.5,-73.2,949.2
27.3,-63.7,946.4
21.2,-75.5,933.0
33.7,-81.8,943.0
52.4,-89.7,969.6
86.4,-131.5,934.7
183.6,-241.0,895.5
310.0,-431.6,839.3
496.5,-663.4,789.6
670.7,-745.2,793.4
613.5,-512.2,769.3
445.2,-115.4,796.3
137.2,375.9,968.5
-182.6,696.2,1104.0
-282.4,716.3,1183.3
-303.8,675.1,1296.6
-265.0,559.0,1333.6
-146.8,305.8,1241.7
-35.8,61.4,1068.5
-15.7,-42.4,955.2
-9.5,-67.2,895.0
45.2,-105.2,866.8
31.2,-62.6,894.7
75.7,-66.7,913.6
158.1,-167.5,813.5
113.1,-114.9,841.1
107.7,-37.8,885.0
144.1,-6.7,892.9
159.2,55.3,982.3
149.7,121.6,1006.8
174.5,145.8,996.6
267.4,120.4,965.2
330.2,117.0,926.2
354.9,172.3,951.8
448.9,206.9,991.6
537.8,190.6,959.4
562.8,191.2,872.2
567.7,117.6,863.1
408.7,-70.9,868.2
-114.2,-79.1,993.0
-521.4,-35.9,1066.7
-509.4,-181.7,935.6
-359.7,-304.5,955.2
-258.7,-280.1,1014.1
-212.3,-156.2,1052.0
-84.7,-67.4,1060.9
 0.7,-13.8,1063.0
-23.8,31.9,1039.5
31.6,-0.5,972.1
-,-,-
28.1,-119.0,956.7
45.0,-132.0,959.1
43.4,-137.4,956.0
46.4,-146.4,951.7
70.3,-160.8,946.3
84.6,-166.8,945.3
127.1,-225.4,910.7
235.3,-342.1,825.4
393.5,-517.7,875.9
631.7,-754.0,940.3
668.8,-738.6,824.1
560.4,-512.3,618.7
390.5,-64.7,632.4
21.1,551.6,884.5
-295.5,904.5,1207.7
-523.2,1061.7,1426.5
-578.6,965.9,1411.5
-325.0,538.7,1212.1
-95.9,161.5,1016.6
-24.9,25.1,932.7
114.9,-119.8,894.6
138.2,-168.3,886.8
73.6,-121.3,871.6
77.8,-112.5,844.5
63.7,-69.2,871.0
85.0,-69.6,865.4
69.9,-55.4,864.5
98.0,-54.3,907.2
174.6,-86.2,920.1
159.7,-63.5,956.8
177.8,-51.4,965.7
210.2,-37.4,954.3
249.6,25.5,1039.6
350.7,57.8,1040.2
403.8,108.2,973.6
466.5,157.1,984.2
566.4,193.1,960.9
543.4,267.0,904.8
431.5,229.2,841.2
191.5,73.1,775.2
-329.8,-149.8,860.7
-514.5,-473.7,999.3
-241.2,-715.8,1014.9
-155.3,-676.9,920.0
-215.1,-488.3,877.9
-170.7,-347.1,901.5
-58.7,-241.4,960.7
 2.2,-158.2,1040.8
38.4,-165.9,1065.5
77.2,-211.4,1002.1
71.2,-197.4,950.8
-,-,-
60.5,-53.1,969.0
58.7,-71.4,937.7
45.9,-67.5,936.9
30.6,-59.9,954.4
35.7,-77.5,949.5
48.7,-108.3,946.7
96.3,-171.9,921.6
210.1,-313.6,883.4
348.3,-528.3,837.9
569.4,-821.0,738.2
766.7,-925.6,734.4
750.9,-621.5,755.1
450.1,75.3,852.0
11.2,740.7,1052.4
-265.0,950.2,1093.4
-319.3,890.5,1113.3
-374.8,823.2,1218.1
-373.7,637.1,1210.4
-200.9,286.3,1105.6
-104.2,49.6,1016.1
-38.3,-64.1,959.8
61.7,-166.4,909.1
34.0,-134.9,875.7
66.9,-109.3,850.5
125.6,-111.4,854.2
113.6,-80.5,870.5
161.1,-111.2,862.8
172.1,-93.9,898.0
146.8,-29.9,942.6
193.3,-14.5,985.7
210.8,21.9,986.0
218.4,73.4,973.5
292.5,90.5,980.5
330.2,155.6,956.2
353.5,255.5,963.7
397.0,297.8,965.3
395.6,316.0,942.3
375.8,266.5,954.3
291.6,153.2,930.0
31.1,-40.1,816.9
-164.3,-280.4,716.4
-261.4,-462.3,845.2
-281.6,-561.4,1069.5
-197.2,-540.2,1178.7
-168.1,-395.6,1128.3
-123.7,-255.8,985.7
-25.7,-188.4,943.4
36.2,-149.2,960.8
57.2,-116.9,959.9
-,-,-
51.3,-91.1,957.6
51.6,-96.0,960.3
39.1,-98.3,954.2
40.7,-109.7,957.0
34.4,-107.8,952.5
25.7,-102.9,946.5
40.0,-126.1,948.3
84.2,-169.3,934.9
154.8,-286.9,888.4
272.5,-492.3,850.8
426.4,-690.8,804.2
550.5,-782.8,805.4
609.5,-741.5,722.0
507.8,-392.1,670.3
310.3,152.6,875.3
32.1,616.2,987.7
-216.8,876.6,1095.9
-354.3,937.7,1183.9
-388.8,835.8,1206.2
-236.9,530.1,1186.5
-116.6,217.1,1037.8
-111.2,50.2,955.0
-107.6,-2.1,910.9
-74.0,-11.0,931.8
 5.9,-59.2,925.7
-7.5,-11.4,908.6
-1.9,29.5,885.9
63.6,-1.5,851.0
82.3,-12.3,905.6
121.0,-44.8,888.1
154.9,-40.7,899.2
189.7,-39.5,954.2
213.9,-53.2,971.0
204.8,-40.5,987.5
191.3,-31.2,979.5
184.6,-21.8,970.1
223.6,-0.9,973.6
293.6,61.2,993.0
382.2,150.1,966.9
451.2,253.2,918.8
465.2,350.5,890.9
387.9,411.6,878.9
226.3,370.1,881.1
-24.9,154.0,862.2
-243.3,-151.6,868.3
-316.6,-487.7,957.2
-278.3,-704.5,1062.7
-218.3,-656.6,1069.2
-172.8,-475.9,1017.3
-134.9,-295.3,1012.2
-54.6,-205.1,949.1
16.5,-145.6,912.3
28.5,-89.6,947.3
49.9,-58.6,974.7
55.2,-29.0,998.4
-,-,-
-7.0,-82.2,944.7
-9.6,-87.1,919.9
-10.1,-92.1,925.6
-19.8,-86.9,957.8
-18.7,-88.2,960.2
-5.7,-100.6,952.1
-5.1,-101.4,953.0
 0.1,-117.0,938.5
19.1,-139.8,924.6
32.6,-168.9,924.2
80.8,-260.0,856.0
186.0,-440.2,741.2
325.2,-597.9,829.8
502.3,-740.7,911.2
665.8,-822.6,813.9
731.1,-650.5,698.8
518.9,-36.0,706.4
11.2,845.4,987.9
-405.1,1263.1,1219.8
-518.0,1149.8,1207.3
-459.5,891.6,1209.8
-293.3,520.5,1178.3
-96.3,150.5,1060.6
-44.8,-27.5,939.5
-30.1,-72.6,901.3
53.3,-117.8,900.8
96.1,-112.8,855.2
157.5,-99.9,856.6
219.8,-111.9,872.0
210.4,-63.5,904.0
242.3,-50.0,937.1
232.9,-26.5,915.2
232.7,-16.7,935.5
282.6,-45.6,943.7
281.9,-16.9,946.6
291.1, 7.9,964.4
319.7,68.0,968.8
381.2,153.1,996.8
489.0,171.4,1000.1
515.3,202.0,967.1
439.6,244.3,939.5
304.5,178.7,915.0
47.4,12.3,849.5
-254.6,-189.4,842.6
-465.7,-395.8,877.1
-517.6,-514.2,838.6
-330.4,-532.6,832.2
-140.4,-436.0,961.6
-91.5,-278.1,1037.0
-34.9,-181.5,1008.1
-2.3,-145.8,1010.3
-,-,-
25.1,-116.8,942.3
24.7,-113.9,943.8
19.4,-110.4,945.8
31.3,-115.6,966.1
33.9,-121.4,966.0
31.2,-116.2,953.6
24.0,-108.0,952.7
26.2,-107.8,957.5
39.3,-124.1,946.1
48.5,-150.7,926.8
98.9,-224.5,907.8
190.8,-396.8,885.5
346.4,-709.3,848.1
575.1,-989.9,691.4
693.2,-847.8,621.3
497.4,-244.3,721.4
180.1,409.6,871.9
-41.5,801.2,1126.8
-142.8,863.2,1275.7
-179.0,720.0,1263.7
-229.9,490.1,1208.3
-180.2,201.8,1094.0
-44.7,-30.9,1007.6
 9.9,-102.0,946.1
73.8,-124.9,908.0
123.7,-128.6,905.1
142.4,-108.3,904.7
176.1,-97.8,912.6
182.7,-77.8,940.6
199.9,-96.7,927.9
213.1,-102.1,921.3
180.3,-74.0,917.5
170.2,-72.2,915.0
170.5,-66.7,940.6
163.8,-56.5,938.2
154.5,-20.7,963.1
150.3,35.4,976.7
242.3,71.0,979.7
335.1,185.3,998.9
447.5,343.4,1026.6
584.7,377.9,1002.4
597.4,261.2,926.0
378.7,64.7,870.3
-72.3,-136.8,896.3
-396.9,-330.0,881.8
-532.0,-469.3,864.0
-511.9,-484.5,966.5
-294.9,-451.8,1024.8
-221.6,-335.7,923.2
-233.7,-213.2,858.4
-99.0,-236.3,924.8
-4.9,-224.9,1005.2
 3.4,-160.0,1055.8
 7.7,-135.7,1011.3
-,-,-
-10.4,-80.8,958.3
-6.5,-76.7,955.1
-16.0,-71.2,953.2
-19.8,-63.8,962.3
-7.7,-72.1,962.5
-0.6,-84.4,957.2
-8.3,-85.1,958.7
-14.5,-75.5,961.8
-12.9,-76.2,958.7
-13.4,-80.1,952.6
-1.8,-97.9,934.6
21.1,-126.3,913.1
78.2,-188.7,909.5
193.3,-371.5,932.4
296.8,-545.1,967.2
433.4,-689.2,884.8
496.0,-687.4,785.0
441.0,-475.4,738.1
340.8,-109.1,692.9
167.7,376.2,843.9
-118.8,805.7,1042.7
-328.4,979.2,1239.7
-429.0,939.6,1413.7
-383.7,662.6,1320.4
-165.2,221.6,1129.2
-35.8,-16.4,999.4
14.4,-88.1,922.2
72.7,-132.8,874.2
92.9,-77.9,855.7
179.8,-51.8,855.4
257.6,-98.7,864.9
254.1,-126.3,861.8
250.7,-153.8,889.7
177.0,-97.1,944.4
164.8,-83.9,960.6
183.5,-88.4,957.7
203.4,-77.6,965.8
250.6,-92.2,969.7
266.5,-55.5,954.3
269.4,48.2,966.9
317.1,144.3,974.8
383.1,229.7,951.8
415.7,262.0,949.8
412.7,235.7,951.1
324.8,173.5,944.7
138.4, 6.1,862.1
-59.7,-300.4,745.7
-320.7,-458.5,806.4
-481.4,-437.4,969.5
-362.7,-456.6,1110.5
-215.5,-415.1,1159.0
-139.7,-285.8,1049.2
-65.1,-198.2,962.0
-32.3,-130.8,941.8
-21.8,-93.4,924.4
 3.8,-92.6,956.7
36.3,-112.7,988.4
-,-,-
19.5,-107.8,947.9
28.1,-112.8,938.1
14.9,-104.0,950.8
17.4,-111.0,959.2
20.1,-112.2,959.8
24.4,-119.6,963.8
32.1,-133.6,962.3
39.3,-134.9,951.8
42.4,-145.5,943.8
57.3,-166.2,930.9
110.6,-235.2,902.2
256.1,-525.0,829.5
570.2,-990.1,727.8
740.2,-1113.2,639.9
524.9,-605.1,640.2
289.3,52.5,819.1
107.4,515.8,982.8
-60.8,760.0,1087.2
-59.0,730.7,1165.7
-51.1,615.3,1179.9
-207.4,538.5,1245.1
-224.6,330.8,1266.3
-35.2,20.0,1172.5
41.6,-155.0,1042.0
43.7,-173.6,917.9
92.6,-154.3,862.1
132.5,-135.6,845.2
158.1,-148.1,843.8
164.5,-162.1,853.7
140.0,-157.8,863.1
164.6,-184.8,889.6
145.1,-156.9,924.7
117.5,-108.8,954.6
129.6,-97.6,979.0
123.4,-58.7,987.0
178.9,-39.6,964.2
257.0,-20.0,949.1
288.3,68.1,972.5
324.6,181.6,1002.0
405.6,228.7,1016.8
478.5,211.9,993.4
421.1,182.0,960.6
227.6,34.7,836.0
-25.7,-230.6,685.0
-259.1,-454.3,726.8
-306.5,-558.9,869.9
-241.8,-552.7,991.0
-223.4,-476.7,1107.1
-212.4,-328.2,1117.6
-146.0,-197.1,1070.3
-29.8,-178.6,1039.5
49.8,-187.1,989.3
38.6,-150.2,939.1
35.9,-109.9,946.5
53.2,-101.6,955.5
-,-,-
49.1,-176.7,956.9
44.7,-173.5,943.3
35.5,-167.1,944.6
42.7,-167.0,947.8
38.1,-170.1,941.4
33.3,-165.9,939.2
37.0,-165.4,947.7
38.8,-170.2,944.0
49.3,-188.3,925.9
107.8,-268.1,920.6
231.4,-452.6,934.2
554.9,-906.2,876.6
738.8,-1087.1,734.3
556.0,-661.6,605.3
302.8,-68.7,606.3
85.5,441.4,832.0
-138.4,784.5,1022.4
-254.8,895.0,1170.9
-298.7,840.0,1312.6
-305.2,623.7,1242.0
-199.8,295.9,1120.5
-121.6,75.1,1037.5
-65.6,-23.1,982.6
32.5,-108.0,899.8
37.2,-89.8,891.3
95.7,-81.3,868.6
179.7,-105.5,854.3
268.7,-156.8,900.3
307.7,-175.8,944.9
253.0,-118.7,990.1
261.3,-112.6,977.3
235.1,-78.7,932.7
243.7,-49.0,938.8
319.6,-29.2,968.2
334.9,65.0,1029.7
356.3,152.0,1035.4
363.6,232.1,974.4
347.5,269.5,897.8
337.7,220.9,852.8
229.1,129.9,792.3
-24.6,-24.6,682.8
-315.0,-193.8,737.9
-478.1,-285.8,1005.1
-367.8,-470.4,1162.8
-228.3,-580.9,1124.7
-205.9,-454.4,1013.5
-122.9,-360.2,937.1
-81.0,-246.1,936.3
-61.3,-137.7,963.1
 5.9,-136.4,998.5
-,-,-
69.6,-125.7,961.4
53.7,-116.8,949.0
51.8,-114.7,958.8
63.4,-120.1,954.3
66.7,-121.7,963.8
44.2,-148.9,941.1
19.3,-214.9,848.0
170.4,-395.6,755.3
545.6,-765.6,751.8
884.8,-1012.8,832.0
948.4,-838.7,767.8
666.2,-244.9,746.0
287.8,395.3,840.6
27.2,774.7,853.8
-195.4,1024.5,1107.3
-349.0,1058.6,1289.9
-383.0,787.5,1207.2
-225.2,358.5,1115.4
-56.1,30.9,1005.3
27.5,-97.9,956.6
86.0,-122.0,910.3
109.6,-97.0,872.1
157.2,-84.5,862.1
252.5,-130.2,840.4
241.0,-114.4,887.1
223.9,-99.7,930.1
278.2,-146.6,955.4
290.9,-160.9,977.8
256.4,-131.6,983.0
232.8,-93.0,956.8
250.3,-51.0,954.9
312.2,-22.0,943.8
357.3,53.8,987.5
441.6,132.2,1033.3
520.6,207.4,982.2
496.2,286.2,926.3
425.5,263.5,895.5
255.6,87.5,852.2
-16.4,-186.1,798.7
-262.0,-407.6,802.0
-398.7,-525.4,844.1
-478.2,-513.3,911.4
-449.9,-459.7,926.1
-281.2,-452.1,920.0
-74.4,-454.1,959.4
52.8,-420.8,984.6
81.5,-374.8,997.4
65.4,-356.5,927.7
-,-,-
37.9,-123.5,960.7
33.1,-120.8,951.9
33.4,-115.1,957.1
39.1,-124.8,948.5
43.7,-137.2,941.9
57.7,-149.4,938.8
112.9,-211.3,935.6
218.2,-351.9,933.3
440.1,-661.2,855.9
652.7,-976.7,691.8
740.8,-951.5,532.4
610.8,-424.3,651.7
253.1,292.8,882.2
-128.3,846.6,1142.5
-355.1,1090.7,1395.0
-427.1,1007.8,1436.9
-358.7,675.2,1269.7
-190.3,231.5,1012.7
-25.9,-90.3,897.9
54.4,-185.3,888.3
89.6,-169.8,866.3
148.1,-169.2,846.3
160.8,-116.2,869.1
195.1,-98.6,900.6
220.5,-127.4,919.7
177.3,-86.5,944.0
212.5,-105.0,946.1
215.6,-99.0,994.4
204.9,-62.5,1012.9
247.4,-70.8,946.0
273.3,-29.8,932.1
300.5,62.1,968.4
334.4,172.2,996.8
375.2,281.2,991.1
463.1,327.8,972.9
523.3,258.9,937.6
417.4,118.2,832.4
163.7,-105.9,772.5
-89.3,-366.8,807.1
-341.2,-508.3,957.2
-473.9,-500.5,1115.8
-344.6,-450.1,1107.9
-225.3,-322.5,1048.1
-180.4,-183.8,983.1
-58.1,-161.3,976.1
14.9,-138.8,987.6
35.4,-117.4,950.1
57.3,-112.3,961.8
-,-,-
24.9,-77.1,970.6
16.0,-64.2,971.5
 2.5,-53.1,964.5
 0.5,-46.4,952.1
 0.8,-61.5,949.5
34.6,-120.6,928.5
83.3,-202.6,884.6
204.5,-376.9,861.4
481.1,-667.5,907.9
781.5,-899.4,908.0
897.6,-805.0,772.7
707.1,-275.6,772.7
305.0,414.4,837.8
-128.7,976.8,1011.9
-401.3,1188.8,1283.2
-526.8,1063.9,1359.0
-448.1,712.7,1238.2
-155.1,178.9,1009.4
34.0,-148.6,911.8
84.2,-211.1,862.7
121.8,-204.6,895.6
127.9,-159.4,931.5
169.6,-145.3,890.0
188.3,-151.3,931.4
136.7,-112.0,941.8
127.9,-76.5,897.8
135.9,-60.8,920.9
192.9,-74.5,949.1
224.0,-67.7,961.2
220.5,-38.9,981.5
232.7, 5.6,987.8
241.2,121.1,1021.2
351.9,152.4,1027.8
369.8,241.7,992.0
353.9,342.1,983.7
444.4,262.7,929.2
442.8,149.6,881.1
324.5,36.1,880.1
130.2,-148.5,916.8
-107.3,-410.4,862.1
-350.5,-593.7,785.9
-434.0,-604.5,839.6
-283.2,-492.4,930.6
-133.2,-315.0,1020.9
-78.3,-165.0,1060.9
-34.7,-107.0,1045.7
-,-,-
11.6,-101.7,954.4
16.8,-106.5,944.6
18.9,-111.6,949.6
15.8,-107.0,951.9
22.0,-110.9,947.3
24.1,-95.8,959.7
21.1,-75.8,965.5
37.4,-79.7,944.0
35.0,-78.4,923.2
33.3,-86.7,910.6
76.4,-139.1,894.2
189.7,-247.0,953.7
289.0,-348.2,1020.2
367.8,-466.3,940.1
554.5,-588.3,893.4
762.2,-663.8,846.9
750.1,-466.8,715.0
473.8,51.9,737.7
69.8,636.8,889.1
-328.3,1075.6,1142.0
-562.6,1151.5,1361.3
-526.6,853.9,1258.5
-319.6,388.2,1008.6
-139.5,36.8,903.1
-16.7,-102.7,884.3
46.5,-147.3,834.7
69.6,-125.7,896.4
108.4,-80.0,890.1
119.8,-43.1,869.0
150.3,-59.5,952.0
150.5,-83.0,960.9
121.6,-81.4,968.4
109.7,-72.8,978.3
82.9,-43.2,981.6
138.3,-73.1,972.9
166.0,-72.9,920.2
139.9,-17.8,948.2
201.4,14.9,999.2
269.5,96.5,1007.7
326.3,181.2,1011.5
401.4,243.1,1019.1
464.9,303.0,1007.0
526.5,297.3,965.6
553.2,191.3,856.1
265.8,-46.5,703.3
-227.7,-322.1,733.2
-454.2,-535.0,909.9
-376.3,-634.3,927.9
-261.4,-605.2,942.7
-212.1,-468.7,1029.0
-166.9,-330.9,1008.6
-72.5,-278.5,974.3
-,-,-
49.0,-68.9,955.7
38.6,-59.1,951.4
51.5,-56.9,960.1
48.2,-53.6,968.2
58.0,-74.5,949.9
114.8,-129.9,932.5
186.2,-209.1,892.1
316.1,-371.2,898.7
512.1,-599.4,890.8
625.4,-729.0,826.4
661.8,-655.0,698.2
567.6,-263.4,675.5
310.4,306.8,801.3
-24.5,854.9,1036.3
-323.5,1234.5,1386.1
-426.1,1155.5,1440.5
-384.0,758.8,1252.8
-212.2,290.7,1040.3
-11.3,-57.4,898.8
62.0,-163.2,856.3
67.5,-161.4,802.6
86.7,-127.6,827.5
130.0,-97.0,832.3
141.2,-56.2,813.3
164.8,-66.4,904.3
159.8,-78.0,948.6
119.5,-54.5,935.7
119.2,-44.0,988.9
65.7,36.7,1030.2
135.9,16.8,970.9
244.3,-2.3,906.5
294.6,69.3,912.7
376.8,128.1,976.9
407.8,262.1,1040.1
428.3,402.8,1066.0
513.9,368.5,1029.9
474.3,306.5,960.9
304.8,180.0,852.0
51.2,-145.2,691.0
-308.8,-511.3,720.4
-538.3,-614.4,877.0
-483.9,-560.8,943.8
-303.6,-498.0,987.3
-228.0,-291.8,1017.7
-181.0,-138.9,1035.1
-60.2,-140.4,1039.0
-,-,-
100.0,-67.4,953.9
93.4,-51.9,966.4
91.3,-43.8,973.3
91.7,-60.9,963.4
94.1,-65.6,960.2
126.4,-92.0,947.4
189.6,-159.7,926.7
256.3,-229.4,916.6
339.9,-319.0,848.3
459.0,-442.8,801.1
578.0,-538.6,809.3
651.0,-551.9,762.3
544.4,-338.0,699.2
259.5,174.3,799.9
-148.5,768.7,1111.0
-466.0,1059.9,1458.9
-548.6,981.4,1473.6
-462.3,692.9,1239.2
-265.3,300.9,999.4
-89.6,32.7,817.5
-37.3, 1.3,825.8
71.4,-49.0,829.6
128.2,-53.6,780.2
133.6,-4.4,829.7
220.5,-82.1,856.9
127.2,-12.2,930.6
116.5,36.3,966.7
213.8,-16.1,960.9
169.7,40.0,1016.8
208.6,30.2,1001.0
251.5,53.8,969.3
258.6,130.8,1028.1
335.9,184.5,1008.9
408.3,259.1,986.7
549.6,266.8,977.5
665.5,212.1,885.9
574.5,164.8,809.1
395.6,73.1,821.5
144.5,-75.2,778.8
-191.4,-277.2,809.5
-290.6,-495.5,900.3
-253.1,-651.2,927.4
-260.9,-626.8,990.3
-234.4,-457.6,1028.4
-148.3,-335.1,1016.4
-41.4,-232.6,993.9
-,-,-
84.4,-61.5,954.4
81.8,-70.1,954.4
61.3,-65.5,955.5
77.3,-64.6,969.2
66.0,-59.2,972.8
73.5,-76.0,953.4
93.2,-86.4,948.2
118.6,-102.2,942.0
238.8,-208.6,922.8
431.3,-455.6,833.3
729.6,-723.3,830.1
978.5,-752.4,824.9
758.3,-336.6,719.5
278.3,311.5,760.1
-91.6,803.2,925.1
-390.8,1027.0,1150.8
-482.0,937.3,1207.8
-485.1,760.3,1198.3
-393.0,491.7,1170.3
-221.9,188.6,1060.4
-81.6,-1.8,969.6
21.0,-95.5,899.2
78.3,-103.3,898.5
142.8,-115.6,887.2
204.5,-129.0,899.7
159.6,-88.6,905.1
85.9,-49.3,884.2
143.9,-76.6,920.7
160.2,-55.5,886.7
48.3,99.4,903.3
104.9,148.6,942.8
190.1,262.1,1005.2
282.2,350.7,1040.1
385.4,315.2,973.1
387.5,290.1,935.4
356.7,236.8,960.8
348.8,111.3,956.9
284.3,-93.2,867.2
140.7,-300.3,880.5
-137.8,-443.4,943.7
-358.6,-566.4,966.4
-303.7,-720.4,962.7
-206.7,-696.8,993.5
-141.6,-422.7,1111.0
-47.8,-256.7,1067.2
-,-,-
73.5,10.5,962.8
68.1,12.4,956.6
58.4,18.2,957.5
64.1, 9.3,969.9
73.1,-7.3,966.3
90.0,-33.8,956.6
133.8,-81.0,955.1
191.0,-145.2,946.9
283.7,-292.0,943.7
396.9,-488.8,895.0
605.5,-714.1,809.4
809.0,-801.1,694.2
671.0,-362.6,622.3
337.9,341.1,750.6
117.0,770.1,985.8
-89.1,997.6,1205.4
-307.0,1013.0,1249.7
-412.1,817.8,1191.0
-287.3,497.4,1098.3
-110.0,221.3,982.2
-14.6,82.7,906.8
50.4,37.6,895.5
65.9,48.4,931.5
122.9, 6.1,904.4
119.7,23.6,894.4
161.1,14.9,905.9
213.8,-26.4,869.3
158.8,67.5,903.3
220.3,90.6,938.3
260.6,103.4,922.3
289.5,131.8,958.8
428.1,97.5,999.3
509.5,110.0,995.9
554.4,143.1,950.5
549.9,189.7,911.2
470.5,172.3,865.3
270.6,101.5,883.9
-118.9,-35.2,946.4
-439.3,-152.7,1050.7
-395.4,-297.6,1039.5
-292.8,-336.9,1027.0
-228.4,-186.4,1125.1
-76.2,-159.1,1082.1
-26.6,-143.3,994.1
-,-,-
88.9,-155.7,951.7
66.0,-143.7,944.9
58.9,-141.8,949.9
59.1,-144.0,949.3
38.6,-136.5,934.6
51.9,-163.8,924.7
73.6,-182.0,939.3
74.7,-179.2,961.4
85.3,-206.9,920.6
163.5,-304.4,846.7
327.6,-437.9,791.7
598.5,-627.2,775.0
854.9,-691.6,813.9
844.2,-444.1,798.3
575.2,-46.5,715.1
250.9,391.5,834.6
-75.9,801.5,1126.0
-394.3,1047.8,1418.8
-552.5,985.2,1441.2
-474.2,662.1,1170.9
-241.5,270.5,950.5
-86.9,40.2,860.4
42.4,-88.4,827.4
100.9,-122.5,842.5
107.9,-94.6,875.3
144.3,-96.5,856.2
199.1,-106.9,864.4
190.8,-94.3,921.1
163.2,-69.1,952.9
178.1,-56.5,942.9
188.3,-37.7,938.0
183.0,15.3,965.3
211.5,63.8,1000.0
248.9,82.3,1008.8
220.8,181.5,1040.9
262.6,261.4,1065.4
362.0,228.4,968.7
384.2,170.5,863.3
381.5,86.9,864.7
263.7,-14.0,898.5
-61.9,-131.6,864.0
-259.7,-302.4,894.4
-346.5,-392.6,993.0
-401.6,-387.3,1021.0
-328.8,-348.6,1058.7
-272.9,-270.7,1011.6
-192.8,-185.3,928.8
-106.1,-123.8,993.2
-36.2,-87.5,1023.1
-,-,-
21.1,-92.7,962.6
40.3,-96.9,965.7
28.4,-97.3,956.2
28.7,-102.6,953.2
69.0,-135.3,943.2
138.2,-209.9,904.1
216.8,-277.8,899.9
339.3,-345.9,967.7
500.9,-482.8,953.1
546.8,-549.2,814.4
432.2,-452.8,697.8
316.7,-272.7,699.5
130.6,96.8,880.6
-109.6,487.7,994.7
-242.7,688.7,1077.3
-356.2,816.1,1276.4
-417.4,746.9,1313.6
-320.2,474.3,1166.2
-155.0,166.8,1012.8
-81.1,24.6,917.8
 2.4,-16.6,870.9
53.6,-26.3,863.1
92.2,-11.4,898.6
163.3,-39.4,863.9
134.6,-15.2,856.4
147.6, 7.3,882.0
200.7, 9.5,934.3
232.5,26.2,988.3
308.1,18.9,981.5
352.4,48.0,1001.8
382.0,103.9,1051.0
427.1,145.5,1045.1
446.2,185.2,986.1
452.5,151.5,875.4
365.3,36.9,790.5
85.6,-68.4,842.1
-215.5,-183.5,916.7
-376.8,-312.5,973.5
-448.5,-440.6,958.7
-365.5,-545.7,919.3
-244.3,-472.5,1001.6
-178.5,-301.0,1064.2
-56.7,-211.8,1034.9
28.1,-174.6,1021.9
