-,-,-
204.7,126.9,936.5
503.1,26.9,920.6
761.9,73.0,1044.4
273.0,-101.5,858.7
-247.6,49.2,996.8
-685.7,-47.6,896.8
-665.0,125.4,1190.4
-712.7,303.1,1146.0
-504.7,263.4,1195.2
-361.9,307.9,1117.4
130.1,-234.9,846.0
234.9,-69.8,717.4
639.6,-501.5,865.0
530.1,30.1,1044.4
457.1,-180.9,1042.8
174.6,158.7,1012.7
158.7,31.7,1049.2
106.3,47.6,1063.4
-,-,-
758.7,261.9,1046.0
793.6,126.9,1017.4
125.4,-328.5,742.8
-434.9,-155.5,909.5
-892.0,26.9,1060.3
-844.4,463.4,1322.2
-880.9,757.1,1112.7
-431.7,507.9,1063.4
-169.8,209.5,992.0
6.3,-52.3,734.9
209.5,3.1,885.7
465.0,-249.2,890.4
507.9,-30.1,969.8
403.1,-79.3,1038.1
252.3,57.1,1087.3
100.0,57.1,1068.2
47.6,150.7,1120.6
49.2,-53.9,992.0
-,-,-
301.5,58.7,890.4
615.8,-22.2,1149.2
504.7,-74.6,936.5
160.3,-128.5,844.4
-355.5,-122.2,641.2
-765.0,257.1,963.4
-1192.0,733.3,1395.2
-988.8,861.9,1480.9
-155.5,23.8,1476.1
-158.7,123.8,814.2
263.4,-426.9,682.5
276.1,107.9,614.2
680.9,-384.1,985.7
326.9,174.6,922.2
406.3,-76.1,1114.2
98.4,128.5,1039.6
73.0,53.9,1015.8
76.1,19.0,988.8
-,-,-
817.4,-42.8,914.2
690.4,-279.3,793.6
31.7,-101.5,914.2
-639.6,285.7,868.2
-1034.9,606.3,1303.1
-1038.1,817.4,1376.1
-404.7,431.7,1426.9
31.7,6.3,1244.4
109.5,96.8,611.1
534.9,-177.7,790.4
734.9,-450.7,741.2
385.7,-126.9,890.4
457.1,-157.1,946.0
311.1,-25.4,1038.1
149.2,22.2,1000.0
98.4,53.9,1063.4
50.7,-30.1,941.2
184.1,-22.2,1065.0
-,-,-
1247.6,-538.1,1049.2
231.7,-201.5,714.2
-653.9,388.8,760.3
-1012.7,834.9,934.9
-804.7,968.2,1139.6
-628.5,661.9,1246.0
-282.5,531.7,1377.7
-106.3,80.9,1073.0
-19.0,133.3,734.9
655.5,-384.1,688.8
439.6,-250.7,668.2
714.2,-309.5,911.1
539.6,-30.1,1022.2
355.5,22.2,1092.0
184.1,133.3,1093.6
28.5,149.2,973.0
150.7,23.8,1063.4
-,-,-
1147.6,-169.8,868.2
688.8,-180.9,636.5
-168.2,-358.7,971.4
-1087.3,487.3,766.6
-1088.8,946.0,1555.5
-811.1,1098.4,1650.7
-250.7,353.9,1444.4
-1.5,-46.0,1087.3
0.0,98.4,739.6
363.4,-206.3,688.8
534.9,-149.2,657.1
692.0,-169.8,885.7
734.9,-79.3,1125.4
285.7,4.7,1019.0
-31.7,130.1,1015.8
85.7,157.1,1163.4
58.7,-3.1,1017.4
-,-,-
1266.6,-296.8,1068.2
514.2,-157.1,607.9
-153.9,-100.0,839.6
-1019.0,734.9,761.9
-1111.1,1146.0,1195.2
-503.1,946.0,1449.2
28.5,503.1,1398.4
338.1,-25.4,1112.7
55.5,330.1,528.5
1068.2,-625.4,947.6
565.0,-128.5,765.0
668.2,-252.3,1019.0
330.1,-3.1,1011.1
-1.5,204.7,968.2
96.8,125.4,1022.2
104.7,123.8,1044.4
134.9,3.1,1015.8
-,-,-
1065.0,-222.2,946.0
633.3,-173.0,592.0
184.1,20.6,834.9
-380.9,488.8,941.2
-758.7,1088.8,1500.0
-706.3,1271.4,1426.9
-153.9,717.4,1147.6
331.7,130.1,1022.2
439.6,-100.0,685.7
711.1,-485.7,763.4
566.6,-153.9,563.4
865.0,-325.4,1036.5
534.9,-150.7,1011.1
234.9,198.4,1042.8
161.9,122.2,990.4
150.7,125.4,1020.6
-,-,-
707.9,20.6,1023.8
860.3,107.9,1138.1
768.2,125.4,860.3
742.8,-77.7,765.0
82.5,-47.6,401.5
-360.3,225.4,790.4
-1017.4,915.8,1168.2
-911.1,1142.8,1749.2
-50.7,249.2,1631.7
76.1,107.9,1011.1
261.9,-157.1,606.3
688.8,-300.0,792.0
485.7,-228.5,738.1
577.7,-122.2,838.1
431.7,-28.5,1088.8
157.1,96.8,1061.9
122.2,252.3,1014.2
128.5,98.4,1017.4
187.3,-80.9,995.2
-,-,-
741.2,30.1,1114.2
1047.6,-103.1,1049.2
734.9,-146.0,731.7
-28.5,-69.8,307.9
-682.5,179.3,507.9
-1044.4,658.7,858.7
-965.0,1196.8,1703.1
-455.5,715.8,1800.0
-255.5,333.3,1328.5
-180.9,409.5,836.5
301.5,-195.2,758.7
309.5,22.2,563.4
814.2,-555.5,1196.8
709.5,73.0,1088.8
533.3,-55.5,1203.1
49.2,234.9,1069.8
180.9,271.4,1015.8
-,-,-
1176.1,-474.6,841.2
788.8,-274.6,507.9
23.8,47.6,682.5
-680.9,536.5,1019.0
-890.4,838.1,1571.4
-1009.5,1225.4,1657.1
-601.5,784.1,1276.1
-57.1,228.5,1049.2
101.5,453.9,742.8
714.2,-253.9,690.4
584.1,-173.0,733.3
653.9,-358.7,820.6
533.3,-26.9,1017.4
312.7,123.8,1138.1
184.1,158.7,1125.4
28.5,223.8,1038.1
-,-,-
1576.1,-106.3,1274.6
1630.1,-374.6,1119.0
-69.8,438.1,33.3
-787.3,693.6,458.7
-1082.5,1420.6,1100.0
-688.8,1395.2,1520.6
101.5,477.7,1523.8
536.5,225.4,1265.0
434.9,-96.8,717.4
758.7,109.5,787.3
566.6,-304.7,693.6
563.4,-30.1,815.8
560.3,-180.9,1044.4
231.7,287.3,1092.0
179.3,206.3,1168.2
30.1,204.7,1017.4
57.1,107.9,1038.1
-,-,-
1265.0,-474.6,1042.8
1784.1,-714.2,812.7
357.1,303.1,428.5
-804.7,1025.4,638.1
-1039.6,1346.0,1274.6
-941.2,1373.0,1426.9
-400.0,812.7,1315.8
3.1,587.3,1123.8
231.7,96.8,885.7
131.7,158.7,388.8
534.9,-144.4,657.1
841.2,-353.9,911.1
658.7,-20.6,1087.3
606.3,-120.6,1266.6
53.9,350.7,1088.8
-66.6,252.3,971.4
3.1,198.4,1011.1
-,-,-
998.4,-325.4,817.4
460.3,-176.1,565.0
-128.5,-30.1,814.2
-838.1,587.3,866.6
-1066.6,971.4,1344.4
-1046.0,1096.8,1574.6
-657.1,884.1,1317.4
-42.8,176.1,1142.8
507.9,-150.7,993.6
426.9,-282.5,668.2
287.3,-120.6,611.1
430.1,-274.6,692.0
261.9,158.7,839.6
584.1,-176.1,1220.6
100.0,211.1,1066.6
49.2,122.2,1063.4
-25.4,109.5,1038.1
-,-,-
839.6,-77.7,866.6
815.8,-200.0,690.4
236.5,57.1,612.7
-423.8,231.7,807.9
-1015.8,992.0,1346.0
-1196.8,1293.6,1531.7
-325.4,609.5,1476.1
155.5,6.3,1203.1
207.9,104.7,758.7
606.3,-253.9,782.5
385.7,-68.2,660.3
766.6,-246.0,1000.0
563.4,-152.3,938.1
411.1,100.0,1088.8
125.4,200.0,1049.2
104.7,274.6,1117.4
-,-,-
987.3,-98.4,869.8
1115.8,-253.9,666.6
734.9,-122.2,714.2
-42.8,257.1,895.2
-742.8,707.9,1273.0
-1223.8,1320.6,1525.4
-857.1,1012.7,944.4
-80.9,463.4,1217.4
-93.6,357.1,1152.3
20.6,234.9,660.3
155.5,-119.0,452.3
739.6,-53.9,639.6
841.2,-246.0,963.4
731.7,-25.4,1063.4
507.9,207.9,1244.4
76.1,207.9,1044.4
-1.5,276.1,1044.4
125.4,-50.7,1115.8
-,-,-
965.0,31.7,996.8
1087.3,-100.0,788.8
590.4,-182.5,536.5
-333.3,273.0,438.1
-707.9,665.0,790.4
-893.6,1222.2,1323.8
-563.4,993.6,1909.5
-76.1,658.7,1595.2
149.2,350.7,1096.8
328.5,-269.8,553.9
609.5,-171.4,641.2
812.7,-407.9,838.1
434.9,153.9,693.6
692.0,-22.2,1196.8
252.3,430.1,1066.6
250.7,209.5,1095.2
-3.1,384.1,1039.6
52.3,153.9,987.3
-,-,-
536.5,25.4,963.4
1042.8,-277.7,1068.2
814.2,-431.7,711.1
-80.9,-3.1,684.1
-663.4,333.3,766.6
-1292.0,582.5,1087.3
-1068.2,863.4,1422.2
-738.1,685.7,1223.8
-73.0,433.3,1120.6
3.1,150.7,920.6
406.3,9.5,846.0
360.3,-66.6,631.7
1063.4,-533.3,1087.3
304.7,-46.0,579.3
630.1,-228.5,1176.1
126.9,130.1,963.4
126.9,134.9,1139.6
58.7,52.3,1022.2
31.7,53.9,992.0
-,-,-
250.7,131.7,868.2
715.8,58.7,1092.0
965.0,-298.4,917.4
884.1,-225.4,814.2
79.3,-1.5,403.1
-909.5,1015.8,512.7
-1268.2,1420.6,1268.2
-677.7,1266.6,1580.9
176.1,253.9,1582.5
125.4,200.0,1046.0
230.1,57.1,733.3
179.3,46.0,587.3
584.1,-153.9,631.7
452.3,6.3,633.3
809.5,-261.9,757.1
936.5,-28.5,1274.6
463.4,103.1,1269.8
-25.4,380.9,992.0
173.0,207.9,1047.6
257.1,73.0,988.8
-,-,-
733.3,-6.3,990.4
1044.4,53.9,987.3
1142.8,-198.4,609.5
588.8,-49.2,511.1
-333.3,488.8,642.8
-1087.3,1076.1,1219.0
-1120.6,1428.5,1553.9
-476.1,838.1,1379.3
123.8,200.0,1300.0
146.0,361.9,733.3
582.5,-96.8,707.9
685.7,-257.1,585.7
992.0,-373.0,920.6
715.8,-277.7,961.9
255.5,261.9,1066.6
52.3,361.9,1098.4
-25.4,339.6,1038.1
77.7,182.5,866.6
-,-,-
534.9,30.1,911.1
560.3,101.5,844.4
709.5,-207.9,860.3
49.2,79.3,706.3
-384.1,82.5,963.4
-957.1,761.9,1271.4
-1093.6,1195.2,1303.1
-688.8,793.6,1168.2
-276.1,531.7,1123.8
-57.1,128.5,796.8
230.1,187.3,557.1
987.3,-530.1,871.4
842.8,-28.5,968.2
960.3,-282.5,1273.0
60.3,328.5,963.4
-147.6,380.9,920.6
-1.5,209.5,942.8
71.4,103.1,887.3
128.5,71.4,1038.1
-,-,-
890.4,-20.6,1042.8
1114.2,-103.1,868.2
1147.6,-231.7,895.2
-201.5,411.1,438.1
-828.5,885.7,641.2
-1169.8,1423.8,839.6
-503.1,1019.0,1192.0
-276.1,658.7,1100.0
131.7,306.3,1063.4
277.7,377.7,715.8
969.8,-44.4,739.6
1049.2,-525.4,885.7
917.4,-103.1,946.0
663.4,-1.5,1173.0
74.6,461.9,944.4
150.7,280.9,1015.8
158.7,131.7,960.3
-,-,-
814.2,-222.2,871.4
814.2,-550.7,630.1
-52.3,6.3,741.2
-1009.5,704.7,914.2
-1361.9,1225.4,1276.1
-992.0,1200.0,1296.8
-425.4,528.5,1239.6
-307.9,380.9,973.0
-20.6,22.2,788.8
250.7,136.5,631.7
958.7,-503.1,1022.2
411.1,106.3,769.8
833.3,-353.9,1165.0
177.7,130.1,885.7
198.4,185.7,1041.2
57.1,179.3,1019.0
47.6,133.3,1017.4
77.7,60.3,1011.1
-,-,-
1198.4,-104.7,866.6
795.2,-142.8,509.5
-376.1,176.1,990.4
-787.3,465.0,1112.7
-1066.6,509.5,1193.6
-817.4,639.6,1139.6
-706.3,558.7,966.6
-358.7,384.1,884.1
-220.6,515.8,769.8
276.1,0.0,565.0
606.3,179.3,733.3
1276.1,-406.3,1317.4
566.6,-149.2,1114.2
177.7,230.1,1038.1
307.9,73.0,1074.6
57.1,179.3,915.8
123.8,177.7,1017.4
-,-,-
404.7,234.9,912.7
1114.2,47.6,888.8
836.5,-431.7,407.9
-179.3,-180.9,704.7
-1095.2,484.1,1144.4
-1398.4,911.1,1447.6
-1165.0,836.5,1330.1
-530.1,250.7,1201.5
-576.1,407.9,947.6
-273.0,155.5,836.5
-53.9,477.7,552.3
1553.9,-626.9,1277.7
503.1,-146.0,530.1
631.7,-93.6,996.8
274.6,160.3,1020.6
-50.7,360.3,988.8
231.7,103.1,992.0
-,-,-
1098.4,1.5,942.8
1479.3,-588.8,985.7
-255.5,123.8,82.5
-942.8,844.4,788.8
-1238.1,1268.2,1266.6
-730.1,987.3,1379.3
-295.2,639.6,1241.2
-122.2,411.1,1020.6
-171.4,330.1,711.1
-25.4,288.8,434.9
920.6,-303.1,836.5
814.2,-77.7,912.7
1114.2,-303.1,1144.4
590.4,49.2,1090.4
20.6,339.6,1038.1
120.6,300.0,1088.8
4.7,130.1,990.4
-,-,-
715.8,79.3,892.0
1250.7,-304.7,961.9
685.7,1.5,509.5
176.1,184.1,990.4
-528.5,820.6,971.4
-739.6,941.2,1419.0
-663.4,1074.6,1401.5
-250.7,768.2,1073.0
95.2,358.7,765.0
452.3,74.6,277.7
712.7,-79.3,528.5
1126.9,-374.6,919.0
680.9,-80.9,841.2
734.9,-126.9,1120.6
257.1,306.3,1073.0
330.1,-19.0,1019.0
157.1,26.9,1060.3
147.6,104.7,1019.0
-,-,-
1073.0,-284.1,706.3
465.0,-120.6,565.0
-252.3,226.9,936.5
-763.4,682.5,988.8
-1069.8,887.3,1177.7
-892.0,814.2,1426.9
-760.3,787.3,1225.4
-525.4,515.8,944.4
77.7,158.7,736.5
606.3,-223.8,615.8
1012.7,-382.5,792.0
531.7,-74.6,817.4
690.4,-142.8,1038.1
331.7,-49.2,974.6
228.5,46.0,987.3
277.7,-79.3,963.4
180.9,23.8,1039.6
-,-,-
839.6,-104.7,814.2
996.8,-177.7,817.4
306.3,-4.7,682.5
-455.5,257.1,1063.4
-1138.1,920.6,1241.2
-1568.2,1376.1,1220.6
-1188.8,996.8,1061.9
-431.7,585.7,942.8
406.3,-128.5,685.7
638.1,-179.3,638.1
1041.2,-526.9,812.7
993.6,-277.7,914.2
736.5,-73.0,1177.7
152.3,249.2,1112.7
153.9,198.4,1047.6
57.1,152.3,996.8
-,-,-
1344.4,-223.8,811.1
1326.9,-79.3,711.1
1073.0,-42.8,692.0
684.1,152.3,834.9
9.5,123.8,1217.4
-304.7,484.1,1676.1
-782.5,738.1,1503.1
-280.9,338.1,1323.8
-69.8,130.1,966.6
274.6,204.7,861.9
915.8,-452.3,630.1
887.3,44.4,785.7
987.3,-276.1,720.6
819.0,80.9,920.6
692.0,-1.5,961.9
326.9,176.1,936.5
515.8,160.3,1047.6
538.1,55.5,1100.0
336.5,152.3,1042.8
-,-,-
1120.6,-298.4,896.8
885.7,-298.4,611.1
414.2,-66.6,911.1
-614.2,380.9,941.2
-933.3,603.1,1112.7
-1314.2,1046.0,1200.0
-631.7,484.1,1176.1
-531.7,538.1,1039.6
133.3,47.6,907.9
334.9,350.7,715.8
911.1,-455.5,619.0
1022.2,-401.5,742.8
966.6,-309.5,992.0
461.9,7.9,1096.8
158.7,228.5,1122.2
109.5,79.3,1011.1
152.3,30.1,998.4
-,-,-
1169.8,23.8,715.8
871.4,22.2,587.3
333.3,-173.0,682.5
-350.7,606.3,1088.8
-965.0,1200.0,1471.4
-911.1,1296.8,1323.8
-149.2,631.7,1120.6
111.1,660.3,846.0
658.7,287.3,790.4
888.8,-169.8,615.8
1019.0,-98.4,682.5
1019.0,-169.8,919.0
433.3,385.7,1020.6
326.9,382.5,1092.0
125.4,411.1,1041.2
101.5,428.5,1095.2
157.1,379.3,1095.2
-,-,-
1368.2,128.5,733.3
666.6,-53.9,460.3
-104.7,149.2,1015.8
-601.5,638.1,1265.0
-777.7,898.4,1495.2
-538.1,807.9,1315.8
-246.0,580.9,1142.8
122.2,334.9,990.4
301.5,207.9,588.8
706.3,176.1,657.1
1246.0,-79.3,766.6
860.3,257.1,738.1
734.9,179.3,998.4
352.3,453.9,1066.6
303.1,377.7,1096.8
174.6,307.9,920.6
249.2,300.0,949.2
-,-,-
995.2,-228.5,633.3
946.0,-422.2,579.3
174.6,-220.6,644.4
-373.0,353.9,1168.2
-1171.4,960.3,1371.4
-938.1,1042.8,1622.2
-944.4,1060.3,1271.4
-307.9,633.3,1138.1
-4.7,309.5,588.8
741.2,-147.6,579.3
814.2,-300.0,758.7
1171.4,-449.2,990.4
682.5,-204.7,1015.8
209.5,149.2,1020.6
133.3,52.3,1044.4
-47.6,98.4,893.6
182.5,-26.9,988.8
-,-,-
1017.4,-3.1,909.5
1144.4,-328.5,812.7
584.1,-152.3,687.3
-633.3,328.5,738.1
-1088.8,839.6,1141.2
-1069.8,1044.4,1522.2
-423.8,539.6,1330.1
-22.2,250.7,1114.2
200.0,252.3,812.7
966.6,-246.0,868.2
719.0,107.9,641.2
1068.2,-560.3,793.6
814.2,-93.6,846.0
511.1,-53.9,869.8
150.7,276.1,988.8
177.7,247.6,1042.8
-,-,-
1093.6,-79.3,987.3
793.6,-128.5,639.6
590.4,-204.7,738.1
-307.9,49.2,693.6
-652.3,7.9,1019.0
-652.3,560.3,1574.6
-841.2,1066.6,1557.1
-584.1,782.5,1120.6
-887.3,561.9,890.4
-19.0,379.3,593.6
657.1,-119.0,515.8
1012.7,-180.9,665.0
1350.7,-426.9,1014.2
361.9,123.8,819.0
538.1,-28.5,1084.1
198.4,177.7,1046.0
160.3,69.8,958.7
306.3,-28.5,990.4
-,-,-
665.0,77.7,887.3
1093.6,-347.6,717.4
430.1,-231.7,406.3
-579.3,430.1,860.3
-957.1,1073.0,1319.0
-1420.6,1450.7,1293.6
-730.1,1017.4,1114.2
25.4,25.4,1036.5
311.1,123.8,1039.6
665.0,-403.1,836.5
284.1,-182.5,458.7
1038.1,-361.9,820.6
717.4,-457.1,846.0
412.7,57.1,1038.1
287.3,85.7,1095.2
71.4,236.5,1119.0
176.1,50.7,1087.3
-,-,-
871.4,-147.6,757.1
858.7,-179.3,642.8
125.4,153.9,714.2
-484.1,438.1,1011.1
-684.1,692.0,1346.0
-784.1,860.3,1379.3
-485.7,666.6,1326.9
-250.7,506.3,1177.7
-95.2,157.1,936.5
-3.1,253.9,639.6
555.5,53.9,657.1
834.9,-304.7,736.5
988.8,-20.6,942.8
963.4,-280.9,1241.2
134.9,200.0,992.0
55.5,152.3,992.0
98.4,84.1,971.4
96.8,46.0,985.7
-,-,-
461.9,147.6,942.8
892.0,-25.4,790.4
1222.2,-380.9,731.7
158.7,-149.2,568.2
-838.1,276.1,942.8
-1196.8,638.1,1317.4
-1058.7,790.4,1395.2
-422.2,412.7,1376.1
-255.5,173.0,1350.7
-453.9,411.1,936.5
252.3,31.7,742.8
631.7,-126.9,666.6
896.8,-431.7,590.4
961.9,-206.3,796.8
461.9,-25.4,857.1
406.3,101.5,1146.0
185.7,84.1,1022.2
47.6,74.6,1476.1
280.9,-122.2,1023.8
-,-,-
1320.6,-173.0,763.4
1219.0,-233.3,663.4
766.6,-168.2,453.9
201.5,250.7,796.8
-600.0,995.2,1177.7
-960.3,1452.3,1525.4
-353.9,1019.0,1371.4
223.8,504.7,1219.0
512.7,303.1,1012.7
663.4,120.6,809.5
684.1,-77.7,582.5
888.8,-17.4,706.3
833.3,-144.4,715.8
733.3,125.4,1044.4
433.3,173.0,1025.4
58.7,536.5,1068.2
185.7,301.5,1020.6
174.6,276.1,990.4
-,-,-
482.5,507.9,938.1
817.4,476.1,1138.1
896.8,276.1,861.9
909.5,249.2,792.0
461.9,306.3,657.1
98.4,211.1,812.7
-358.7,382.5,1139.6
-782.5,739.6,1446.0
-604.7,709.5,1555.5
-23.8,385.7,1352.3
28.5,504.7,1066.6
488.8,230.1,941.2
330.1,377.7,258.7
714.2,-73.0,736.5
585.7,223.8,887.3
409.5,123.8,939.6
282.5,331.7,1068.2
130.1,303.1,1047.6
60.3,328.5,1012.7
101.5,326.9,1076.1
174.6,249.2,998.4
-,-,-
1522.2,-500.0,1149.2
873.0,-514.2,453.9
-28.5,3.1,511.1
-658.7,614.2,909.5
-1109.5,993.6,1450.7
-938.1,1084.1,1417.4
-406.3,641.2,1274.6
-196.8,426.9,1176.1
184.1,158.7,992.0
33.3,6.3,560.3
758.7,-325.4,663.4
731.7,-226.9,811.1
590.4,-171.4,939.6
512.7,-103.1,1088.8
209.5,-4.7,1042.8
133.3,77.7,1066.6
126.9,-1.5,1014.2
47.6,-41.2,944.4
-,-,-
1039.6,184.1,1038.1
1193.6,-80.9,657.1
820.6,-226.9,400.0
-255.5,404.7,717.4
-606.3,712.7,1141.2
-790.4,1012.7,1730.1
-555.5,1019.0,1596.8
-44.4,631.7,1293.6
238.1,352.3,1071.4
404.7,307.9,642.8
1063.4,-279.3,792.0
590.4,176.1,604.7
1066.6,-206.3,947.6
507.9,74.6,884.1
384.1,174.6,1061.9
134.9,176.1,987.3
22.2,333.3,1038.1
150.7,207.9,988.8
173.0,203.1,1017.4
-,-,-
1119.0,-152.3,1012.7
1146.0,-358.7,614.2
684.1,-303.1,477.7
-322.2,200.0,719.0
-966.6,506.3,1223.8
-1039.6,788.8,1930.1
-939.6,922.2,1622.2
-404.7,514.2,1169.8
23.8,204.7,841.2
276.1,179.3,530.1
739.6,-196.8,657.1
1063.4,-298.4,963.4
638.1,-146.0,938.1
617.4,-177.7,1166.6
203.1,23.8,1017.4
50.7,23.8,963.4
31.7,4.7,966.6
-,-,-
693.6,452.3,995.2
1066.6,360.3,892.0
1477.7,-173.0,684.1
212.7,98.4,204.7
-658.7,615.8,792.0
-1068.2,1244.4,1546.0
-633.3,1112.7,1807.9
-284.1,784.1,1350.7
-23.8,531.7,1176.1
-25.4,638.1,657.1
633.3,234.9,584.1
815.8,96.8,738.1
680.9,176.1,665.0
1042.8,-71.4,1074.6
433.3,282.5,961.9
203.1,336.5,1473.0
4.7,431.7,1041.2
55.5,377.7,973.0
-,-,-
998.4,-103.1,919.0
1268.2,-526.9,533.3
580.9,-255.5,387.3
-507.9,76.1,917.4
-1112.7,719.0,1420.6
-1161.9,890.4,1680.9
-788.8,641.2,1371.4
-76.1,131.7,1468.2
-20.6,233.3,761.9
922.2,-279.3,761.9
688.8,-226.9,665.0
666.6,-282.5,768.2
766.6,-422.2,893.6
328.5,-3.1,973.0
201.5,-157.1,1017.4
161.9,-77.7,1066.6
106.3,-130.1,1023.8
-,-,-
1263.4,-223.8,1038.1
888.8,-325.4,461.9
225.4,-274.6,436.5
-585.7,477.7,1244.4
-1134.9,658.7,1353.9
-707.9,657.1,1834.9
-538.1,666.6,1523.8
-30.1,250.7,1246.0
52.3,306.3,922.2
301.5,150.7,555.5
666.6,-296.8,584.1
914.2,-230.1,792.0
971.4,-455.5,995.2
485.7,-55.5,988.8
301.5,-96.8,1012.7
134.9,22.2,1015.8
74.6,6.3,988.8
82.5,-50.7,941.2
149.2,-22.2,1017.4
-,-,-
426.9,306.3,1000.0
326.9,280.9,968.2
123.8,279.3,988.8
709.5,328.5,996.8
1193.6,-222.2,838.1
714.2,-184.1,353.9
-3.1,503.1,657.1
-809.5,987.3,1022.2
-457.1,1038.1,1496.8
-50.7,785.7,1726.9
30.1,560.3,1401.5
6.3,585.7,909.5
-126.9,584.1,768.2
179.3,203.1,660.3
406.3,203.1,717.4
661.9,-3.1,714.2
1120.6,-52.3,1144.4
561.9,101.5,942.8
587.3,179.3,1165.0
204.7,284.1,1012.7
80.9,303.1,971.4
-,-,-
100.0,-47.6,947.6
179.3,-41.2,961.9
279.3,0.0,963.4
558.7,177.7,1039.6
992.0,-131.7,915.8
769.8,-323.8,634.9
30.1,-176.1,692.0
-841.2,412.7,807.9
-888.8,685.7,1330.1
-814.2,787.3,1450.7
-504.7,553.9,1320.6
-220.6,382.5,1219.0
-204.7,431.7,914.2
204.7,101.5,790.4
666.6,109.5,839.6
839.6,-409.5,566.6
1044.4,-195.2,1025.4
717.4,-271.4,1092.0
49.2,-146.0,838.1
177.7,131.7,1117.4
52.3,33.3,993.6
76.1,23.8,960.3
-,-,-
234.9,104.7,961.9
304.7,107.9,1012.7
530.1,49.2,1042.8
887.3,1.5,1011.1
895.2,-176.1,734.9
200.0,-119.0,490.4
-449.2,404.7,809.5
-860.3,944.4,1177.7
-782.5,1046.0,1571.4
-453.9,793.6,1446.0
-174.6,658.7,1239.6
-374.6,277.7,838.1
-49.2,480.9,580.9
1071.4,-306.3,811.1
611.1,107.9,607.9
1547.6,-641.2,1242.8
233.3,179.3,885.7
123.8,160.3,969.8
