-,-,-
-3691.0,-3691.4,-3688.7
-3290.2,-3287.1,-3176.1
-2861.5,-2858.4,-2642.8
-2430.9,-2430.6,-2098.0
-1993.1,-2010.6,-1576.1
-1524.6,-1587.9,-1033.1
-1044.1,-1174.2,-509.6
-541.9,-753.2,37.9
-32.2,-329.7,580.3
300.7,-98.9,898.7
396.2,-107.5,917.7
504.5,-118.9,953.1
605.1,-136.9,981.5
692.1,-156.2,1014.1
742.4,-172.5,1025.8
778.5,-182.1,1035.6
793.4,-181.1,1026.0
801.2,-167.9,1016.9
787.2,-143.1,988.7
766.5,-107.6,964.4
722.6,-63.6,926.8
668.4,-14.2,889.2
588.4,35.8,837.0
506.9,89.0,800.3
414.4,145.1,771.1
320.8,196.7,764.6
209.0,245.1,759.8
101.7,291.6,770.7
-11.4,334.9,770.7
-107.8,378.3,783.3
-190.2,428.0,797.9
-244.1,482.6,834.9
-298.3,531.8,862.7
-354.3,583.3,909.5
-416.6,643.3,945.6
-486.1,710.6,998.4
-566.4,785.8,1038.0
-650.7,865.5,1094.3
-740.8,943.4,1133.9
-825.6,1016.7,1183.1
-893.0,1079.1,1207.2
-929.8,1125.3,1227.6
-934.9,1149.3,1212.4
-912.8,1149.3,1198.4
-862.2,1131.4,1160.9
-787.3,1099.6,1141.1
-696.1,1060.2,1105.3
-589.1,1012.7,1083.8
-468.7,959.8,1036.9
-336.1,898.7,1001.6
-190.4,827.3,944.5
-37.4,745.7,897.0
118.5,658.0,831.9
289.3,564.0,786.8
470.1,468.7,755.9
653.7,367.1,771.8
836.4,256.0,796.0
1012.4,132.3,850.7
1183.4, 0.4,885.9
1347.0,-135.0,940.0
1442.8,-242.5,996.0
1446.4,-306.1,1086.9
1351.3,-338.3,1138.2
1205.6,-340.0,1163.9
1055.8,-324.7,1139.0
906.7,-299.7,1114.4
-,-,-
-3690.8,-3691.0,-3688.9
-3264.3,-3263.5,-3203.1
-2789.7,-2811.0,-2678.6
-2313.9,-2364.1,-2142.6
-1826.7,-1905.1,-1585.9
-1338.1,-1441.2,-1003.8
-851.1,-982.5,-425.5
-343.9,-517.1,172.9
175.7,-58.4,767.1
503.3,189.6,1130.4
567.4,179.8,1199.8
613.9,164.1,1243.8
654.3,142.1,1269.7
692.4,112.0,1262.7
726.5,77.6,1238.9
741.6,42.3,1195.6
732.4,17.0,1150.5
697.5,-0.9,1095.4
643.2,-8.6,1043.0
577.0,-7.3,985.2
499.0, 5.9,935.6
405.6,29.0,882.9
301.9,60.0,843.7
193.2,97.1,809.6
85.7,133.9,789.7
-11.9,171.6,774.2
-106.7,216.9,769.8
-208.5,269.6,769.1
-317.8,330.6,787.3
-431.1,397.8,814.8
-559.3,478.4,860.3
-690.8,568.9,904.5
-813.4,666.5,957.5
-926.5,771.3,1011.4
-1024.8,872.0,1070.6
-1102.4,965.6,1127.1
-1150.6,1043.9,1181.1
-1167.7,1102.4,1215.4
-1145.8,1135.6,1235.2
-1085.7,1138.3,1233.5
-1000.2,1114.2,1222.5
-903.6,1073.0,1191.0
-792.5,1019.3,1146.2
-658.6,953.3,1083.9
-506.0,876.8,1023.7
-347.8,795.5,960.8
-183.5,708.1,910.8
-18.0,615.6,866.9
148.4,523.7,837.0
327.6,432.8,809.7
507.4,342.0,801.4
666.3,246.2,797.0
785.6,151.1,803.7
896.5,56.2,817.2
1013.0,-35.1,849.5
1129.9,-133.9,883.8
1221.9,-231.4,926.0
1267.2,-307.6,984.9
-,-,-
-3691.2,-3690.5,-3688.6
-3280.6,-3215.6,-3157.4
-2843.9,-2737.3,-2614.6
-2401.9,-2271.8,-2084.8
-1920.1,-1806.1,-1534.9
-1422.4,-1349.2,-978.7
-901.5,-907.1,-406.7
-356.1,-465.2,193.0
212.0,-32.5,816.6
568.1,156.5,1173.9
712.8,107.0,1258.9
805.9,65.8,1317.5
874.1,37.2,1363.9
889.0,18.6,1373.6
884.5,10.6,1360.5
824.7, 9.3,1302.0
751.1,15.0,1223.2
639.6,27.8,1118.5
533.0,43.5,1027.0
411.6,58.9,944.9
310.2,72.5,893.3
194.8,82.5,845.8
104.6,92.6,820.7
13.0,104.3,795.5
-51.6,120.5,785.9
-122.3,140.6,772.3
-173.6,170.7,777.5
-236.2,209.2,781.1
-273.9,254.3,801.6
-328.1,311.3,820.1
-375.1,380.3,856.7
-448.4,457.4,887.3
-513.3,542.3,939.1
-606.3,634.3,989.8
-694.1,728.9,1053.9
-796.3,823.6,1095.1
-877.9,913.2,1134.5
-957.8,989.5,1147.2
-986.0,1044.5,1164.6
-989.4,1076.8,1167.6
-944.9,1087.7,1178.0
-887.4,1075.9,1161.8
-792.3,1043.7,1143.5
-681.5,991.7,1101.5
-541.9,922.5,1073.7
-397.8,840.5,1019.6
-240.7,754.3,979.6
-89.9,666.2,906.9
68.4,579.5,850.5
222.3,493.8,779.4
405.9,407.9,751.7
599.7,319.6,727.5
802.2,224.1,746.1
985.3,126.4,755.7
1134.3,28.2,812.2
1238.0,-64.4,859.9
1301.6,-142.5,955.6
1331.2,-197.3,1035.7
1333.2,-236.3,1139.6
1299.8,-264.9,1195.4
1239.7,-284.8,1259.1
-,-,-
-3691.1,-3690.8,-3689.0
-3260.8,-3229.7,-3180.6
-2820.4,-2770.2,-2637.8
-2368.5,-2298.6,-2091.2
-1911.6,-1825.1,-1518.5
-1446.7,-1362.0,-967.5
-950.3,-897.0,-381.1
-435.6,-438.6,193.1
81.5, 5.1,779.7
413.3,224.9,1112.0
524.8,196.5,1176.7
635.6,158.2,1188.4
744.8,110.4,1206.5
834.2,60.3,1182.0
888.0,19.3,1179.5
903.9,-10.6,1144.0
889.6,-25.4,1129.5
844.0,-25.9,1078.0
765.6,-9.6,1046.8
657.3,17.8,981.9
529.0,57.9,948.8
387.2,111.1,897.7
233.7,174.9,878.8
80.1,238.5,835.8
-61.7,297.7,828.5
-184.6,345.7,801.9
-288.4,390.3,816.9
-379.3,433.6,817.3
-471.3,482.9,860.5
-565.7,537.2,884.2
-657.3,594.0,938.0
-737.6,649.9,959.3
-813.5,705.9,1003.7
-885.4,761.7,1013.1
-950.7,816.7,1048.5
-1013.5,867.8,1052.6
-1059.7,913.8,1086.2
-1078.6,947.9,1088.4
-1066.9,966.2,1115.5
-1029.6,968.3,1107.4
-976.8,966.0,1129.1
-914.3,958.5,1113.7
-838.3,943.1,1115.7
-741.2,913.5,1077.7
-623.0,871.6,1061.6
-489.0,814.6,1012.3
-353.2,752.4,995.8
-211.2,678.7,948.6
-54.1,594.4,923.4
117.6,507.3,864.9
294.0,415.9,839.4
461.9,323.9,796.2
616.0,235.3,800.4
743.5,152.8,788.2
853.5,74.8,808.6
951.8,-0.4,797.5
1041.6,-64.2,825.6
1110.7,-118.3,838.1
1148.5,-157.4,898.1
1145.4,-167.2,955.6
1101.6,-161.7,1065.3
1032.4,-148.4,1149.1
960.3,-129.6,1253.3
890.3,-108.0,1303.6
-,-,-
-3691.7,-3690.4,-3688.3
-3334.1,-3253.1,-3200.6
-2913.1,-2775.9,-2666.7
-2460.3,-2307.4,-2131.0
-1990.1,-1851.8,-1602.3
-1492.2,-1392.9,-1050.5
-976.6,-939.2,-487.1
-449.8,-496.8,83.4
106.7,-50.7,674.0
524.7,188.5,1044.1
707.2,139.6,1110.2
855.1,96.1,1159.2
956.3,62.4,1210.4
1016.0,37.4,1227.3
1045.4,20.3,1242.3
1048.2, 5.3,1221.7
1018.7,-3.8,1197.3
950.9,-0.9,1139.4
843.6,16.5,1092.6
711.8,48.5,1020.4
573.6,89.3,967.7
438.5,128.1,899.3
314.0,162.3,849.3
189.4,197.3,788.3
65.1,236.8,752.5
-54.9,274.4,716.1
-168.5,314.0,713.4
-280.9,355.3,709.8
-390.7,397.5,740.0
-487.1,437.8,763.6
-573.2,481.8,814.7
-652.5,528.5,855.1
-720.8,576.6,916.9
-777.7,625.9,964.1
-831.7,679.6,1028.1
-878.4,732.5,1070.0
-903.6,779.2,1123.3
-910.5,818.6,1158.6
-910.0,857.6,1211.8
-900.9,891.7,1242.2
-879.4,916.1,1276.6
-840.3,926.5,1275.2
-775.0,919.0,1270.1
-685.4,886.5,1229.4
-577.8,838.6,1197.1
-461.3,780.8,1146.3
-337.7,716.4,1115.8
-216.3,647.3,1073.0
-95.3,572.3,1052.0
16.8,499.9,1016.1
119.7,437.5,998.2
225.3,375.3,965.1
338.7,324.4,953.4
454.3,272.3,930.2
562.3,214.6,920.7
672.0,153.1,893.5
785.4,87.1,881.5
906.5,21.5,862.9
1031.7,-43.2,877.2
1166.5,-128.2,882.0
1261.5,-206.4,922.1
1298.8,-285.4,975.8
1292.5,-327.5,1069.8
1270.9,-340.3,1143.7
1234.2,-338.5,1204.2
1167.2,-326.1,1221.8
1068.5,-306.0,1239.7
933.4,-267.5,1235.9
758.2,-200.0,1251.0
-,-,-
-3690.6,-3690.8,-3688.6
-3263.1,-3261.7,-3186.8
-2795.9,-2807.4,-2625.8
-2327.2,-2361.7,-2087.0
-1835.9,-1911.0,-1510.5
-1328.8,-1466.3,-945.9
-816.1,-1037.0,-364.8
-289.2,-604.2,209.3
234.7,-171.0,803.3
545.9,60.5,1132.2
588.7,44.9,1166.9
612.8,30.5,1153.1
615.3,18.8,1154.7
593.8,13.3,1109.4
545.2,15.6,1084.8
477.0,22.6,1019.5
408.8,30.1,987.1
349.8,36.3,928.7
297.3,43.3,910.5
251.6,51.0,867.4
214.8,58.4,865.4
187.6,65.1,836.0
176.1,71.0,842.7
183.5,80.7,821.6
195.5,98.7,838.7
198.6,126.1,826.9
178.0,165.2,857.3
137.4,214.2,868.9
81.6,271.8,926.1
11.7,337.4,959.7
-74.3,407.3,1027.5
-180.0,477.9,1053.4
-298.1,544.0,1094.9
-418.3,601.9,1084.7
-525.8,651.6,1093.5
-594.5,685.4,1061.0
-636.4,706.0,1057.1
-674.5,720.7,1016.1
-722.2,734.9,1010.2
-761.1,754.2,974.7
-774.5,776.7,971.2
-765.2,797.1,934.8
-744.0,816.8,943.9
-731.1,839.3,944.7
-732.2,869.0,998.4
-733.0,895.5,1021.2
-684.4,906.6,1055.9
-570.7,896.9,1035.0
-421.9,858.6,1025.5
-267.7,801.7,972.9
-122.5,742.3,963.7
 5.0,686.7,938.7
128.1,627.4,947.8
271.6,569.5,925.9
444.7,514.5,948.7
635.0,444.7,942.3
826.5,368.9,979.4
1008.2,273.8,1009.2
1165.3,157.2,1082.8
1316.7,22.7,1097.2
1459.1,-96.3,1116.7
1552.2,-190.6,1091.2
1567.3,-273.0,1098.0
1500.1,-333.2,1081.7
1374.2,-372.3,1111.0
1207.7,-382.3,1107.5
1024.9,-346.7,1127.6
-,-,-
-3690.4,-3691.1,-3689.2
-3241.0,-3264.8,-3176.4
-2771.6,-2809.5,-2642.5
-2319.3,-2349.2,-2080.8
-1860.6,-1876.5,-1524.8
-1384.2,-1412.9,-948.4
-886.4,-971.9,-404.9
-357.3,-539.0,169.3
180.0,-116.5,721.2
502.8,97.1,1057.4
564.5,73.7,1077.6
630.7,46.0,1110.0
701.6,11.4,1094.2
762.5,-22.6,1100.0
798.0,-46.8,1072.4
801.7,-54.0,1071.0
782.8,-45.9,1037.7
750.9,-30.3,1028.5
711.5,-15.0,980.7
667.1,-1.2,965.1
614.8,10.6,926.4
551.9,30.9,928.2
477.8,60.2,908.0
395.7,96.8,921.6
311.6,137.6,906.7
224.5,186.4,923.1
129.9,244.9,913.9
18.3,310.1,937.2
-107.0,380.2,930.2
-232.6,450.4,949.9
-353.7,521.3,937.5
-475.8,593.7,959.8
-601.6,671.3,960.7
-716.1,744.5,996.7
-817.2,810.4,1001.3
-907.2,868.3,1029.5
-982.9,919.6,1018.2
-1047.5,960.0,1032.2
-1103.3,992.9,1019.3
-1132.1,1018.6,1041.2
-1123.6,1033.0,1030.6
-1078.6,1032.8,1048.4
-1001.2,1017.6,1030.2
-891.5,982.2,1039.8
-753.1,928.3,1013.6
-594.4,862.1,1011.3
-428.1,792.8,971.2
-256.9,718.7,954.7
-88.7,636.6,912.3
66.9,559.6,908.9
215.5,487.7,882.9
357.8,424.6,894.3
503.1,362.5,888.4
634.5,295.6,928.0
745.7,234.0,945.6
837.8,181.4,997.8
913.3,135.2,1017.1
983.7,92.7,1067.5
1053.6,46.1,1099.4
1112.0,-9.1,1170.0
1140.2,-64.9,1214.4
-,-,-
-3690.9,-3690.9,-3688.8
-3254.6,-3238.7,-3152.3
-2800.2,-2784.3,-2600.6
-2334.4,-2340.3,-2067.1
-1840.8,-1895.2,-1512.7
-1334.0,-1455.0,-958.6
-827.1,-1023.5,-388.3
-304.6,-583.2,194.3
227.7,-143.8,787.9
552.6,65.0,1102.3
649.6,45.1,1130.0
725.2,25.1,1165.2
767.2,14.0,1186.5
771.0,13.5,1201.2
742.3,20.4,1177.0
691.4,29.8,1135.7
627.3,39.9,1073.4
550.1,52.1,1025.9
461.8,68.6,976.4
374.5,86.9,947.5
287.5,105.8,917.3
210.7,121.9,903.4
145.1,138.7,888.2
91.7,151.0,887.9
42.2,164.2,878.4
-7.6,176.5,874.0
-55.6,187.6,855.4
-107.0,202.1,846.2
-160.6,221.8,831.3
-215.8,246.9,836.6
-273.9,274.8,847.4
-328.0,304.5,880.3
-373.4,332.2,910.9
-407.0,360.2,954.2
-444.2,398.2,988.7
-506.7,451.7,1029.4
-606.1,514.6,1049.6
-718.5,583.5,1068.1
-823.6,653.7,1072.1
-907.9,721.4,1087.6
-969.5,786.1,1094.4
-1015.8,849.4,1112.1
-1050.8,903.6,1116.6
-1060.0,940.1,1124.5
-1026.3,957.6,1112.4
-947.3,956.5,1096.9
-847.3,934.8,1061.7
-731.5,900.1,1025.7
-606.4,861.8,980.5
-475.0,819.7,952.5
-334.3,773.6,928.6
-170.9,720.0,927.8
17.6,652.6,924.8
231.8,567.4,927.4
459.5,473.6,921.5
673.5,374.3,927.6
839.6,279.2,925.4
955.0,194.5,930.5
1032.0,121.9,924.4
1102.8,53.8,924.0
1217.5,-41.9,904.7
1340.1,-146.3,898.8
1388.7,-206.5,952.8
1364.8,-257.9,1039.5
-,-,-
-3690.8,-3691.3,-3689.4
-3251.8,-3273.2,-3202.6
-2795.8,-2851.5,-2693.7
-2322.1,-2418.4,-2190.0
-1848.4,-1976.6,-1645.3
-1390.0,-1534.9,-1109.7
-920.7,-1081.9,-523.2
-435.9,-629.6,49.5
54.7,-190.5,634.6
355.6,51.4,971.3
412.4,62.5,1041.6
460.0,70.1,1093.6
498.7,70.2,1135.7
540.0,63.5,1138.7
575.2,58.7,1131.9
581.6,58.5,1098.7
559.2,66.3,1074.9
519.7,84.0,1041.4
471.7,105.9,1024.9
418.1,125.9,996.8
369.7,142.5,985.9
330.0,155.9,967.1
299.5,167.6,961.0
266.3,183.8,940.5
220.4,210.4,937.0
161.1,247.9,925.3
77.2,295.8,935.6
-32.3,356.8,943.9
-167.3,432.5,976.7
-315.5,516.0,1000.7
-461.6,596.8,1035.3
-585.2,664.5,1051.0
-672.7,716.8,1071.3
-730.4,760.7,1071.9
-788.3,804.7,1083.0
-877.2,850.8,1078.1
-986.3,889.9,1082.7
-1083.7,923.1,1072.2
-1145.2,950.1,1075.9
-1159.7,973.4,1063.1
-1126.5,983.1,1055.4
-1055.9,970.7,1031.3
-946.6,933.2,1025.8
-785.7,873.0,1016.6
-581.6,805.6,1029.0
-353.7,734.2,1023.0
-122.8,664.1,1020.8
91.5,595.4,995.7
286.5,525.4,979.6
464.4,451.0,948.8
629.3,375.5,940.8
773.4,298.9,925.0
908.7,217.3,918.8
1038.0,131.2,890.9
1155.8,44.7,879.1
1248.9,-33.7,869.9
1304.8,-106.0,897.4
1309.5,-166.2,932.1
1257.8,-194.8,987.7
1159.3,-205.8,1017.9
1047.3,-204.3,1041.0
935.5,-195.0,1041.0
821.1,-172.5,1054.9
694.1,-149.2,1049.9
561.0,-126.1,1049.6
447.0,-104.2,1035.2
-,-,-
-,-,-
-,-,-
-3690.2,-3691.3,-3689.0
-,-,-
-,-,-
-,-,-
-3691.5,-3690.6,-3688.9
-3311.1,-3255.1,-3200.3
-2877.1,-2794.5,-2654.8
-2404.3,-2333.2,-2119.2
-1902.7,-1880.8,-1554.0
-1389.2,-1445.2,-1015.9
-855.6,-1008.0,-437.0
-317.2,-575.1,125.7
214.0,-148.8,707.6
586.4,90.5,1060.6
697.8,55.4,1105.4
771.1,23.8,1131.0
808.4, 1.9,1162.5
816.8,-12.2,1164.4
801.2,-18.4,1168.0
768.5,-18.3,1142.2
727.9,-16.2,1120.1
678.8,-12.1,1076.4
618.9,-2.4,1049.9
547.7,15.2,1008.2
466.0,41.0,982.5
368.3,74.6,938.6
261.7,112.3,910.6
160.3,153.1,868.6
67.1,195.4,849.8
-28.3,240.0,823.4
-124.8,282.5,819.6
-216.3,320.9,806.6
-294.9,355.8,815.6
-359.5,388.0,817.2
-405.4,421.9,848.4
-443.1,458.8,871.6
-491.7,503.0,916.4
-557.9,556.9,945.6
-637.9,621.2,988.1
-718.0,690.5,1011.5
-798.3,765.5,1046.4
-874.2,840.2,1063.2
-935.6,907.2,1094.4
-979.8,964.3,1107.5
-998.9,1006.5,1133.4
-982.2,1031.1,1136.2
-933.7,1033.9,1147.9
-862.2,1018.3,1130.8
-773.7,988.4,1119.1
-668.5,947.8,1076.4
-540.1,900.6,1034.3
-391.5,846.7,970.7
-226.7,785.6,932.1
-41.2,715.0,891.1
157.0,634.8,879.9
371.6,537.8,859.5
600.5,424.1,862.1
837.8,294.6,866.3
1049.5,154.8,904.1
1208.0,20.2,942.0
1296.0,-86.1,999.0
1316.7,-160.9,1028.6
1284.5,-207.4,1064.4
1225.3,-230.4,1076.4
1152.0,-232.2,1105.7
1063.5,-223.7,1117.0
966.8,-200.5,1148.1
870.6,-168.3,1159.9
781.9,-136.6,1175.1
699.6,-116.5,1159.6
619.0,-103.5,1156.7
531.6,-91.7,1130.3
424.0,-80.4,1118.7
-,-,-
-3691.2,-3690.9,-3689.1
-3301.4,-3272.1,-3207.8
-2881.3,-2823.7,-2659.1
-2455.6,-2363.2,-2119.6
-2022.3,-1899.8,-1557.0
-1579.3,-1446.3,-1029.5
-1107.7,-991.4,-472.3
-614.4,-543.2,65.0
-104.6,-107.8,624.6
268.1,141.0,974.7
410.5,114.6,1033.3
560.8,78.0,1076.5
704.9,35.0,1130.2
835.0,-12.6,1150.4
942.6,-56.6,1176.2
1027.7,-89.8,1169.0
1079.6,-104.4,1168.0
1081.9,-96.4,1139.9
1029.2,-65.9,1113.9
941.4,-20.7,1056.6
831.8,32.9,1008.1
710.8,86.4,945.3
586.5,141.9,913.1
450.2,202.3,880.8
289.5,265.0,882.4
128.4,313.5,868.2
-3.4,345.2,872.5
-117.0,371.2,863.5
-218.5,396.6,877.8
-300.3,426.1,885.1
-359.5,458.1,918.2
-402.8,483.7,934.3
-416.8,500.6,963.9
-420.2,522.8,975.6
-455.9,561.7,1013.9
-534.2,620.2,1038.9
-625.7,689.5,1082.7
-717.1,760.6,1109.4
-800.2,826.2,1160.3
-864.8,891.3,1196.3
-901.7,948.5,1248.4
-910.7,988.1,1269.5
-884.2,1001.2,1288.5
-815.0,987.9,1259.2
-713.8,949.8,1228.9
-596.2,896.4,1165.7
-475.7,834.4,1110.7
-369.0,766.8,1026.9
-276.5,696.4,962.3
-190.2,631.6,889.1
-81.3,572.7,844.5
60.3,505.4,798.9
228.2,419.8,788.9
395.3,318.5,770.1
548.0,212.9,775.6
677.9,125.2,771.7
787.7,57.5,797.4
878.2,-2.1,808.3
947.9,-61.0,849.4
993.3,-116.4,886.4
1020.0,-159.6,955.5
1036.1,-190.6,1014.8
1044.6,-212.9,1105.5
1037.5,-229.0,1179.4
1008.1,-242.2,1261.1
945.0,-238.3,1307.2
842.6,-216.2,1347.3
699.5,-178.2,1333.5
540.4,-133.0,1313.1
392.7,-92.6,1256.4
-,-,-
-,-,-
-,-,-
-3690.7,-3691.3,-3688.6
-3251.0,-3259.6,-3171.9
-2817.5,-2824.2,-2636.2
-2377.2,-2371.7,-2086.8
-1928.9,-1917.1,-1520.4
-1476.0,-1473.3,-975.8
-1001.9,-1028.3,-416.3
-526.9,-595.0,120.6
-37.0,-155.7,673.4
248.0,70.9,962.9
312.7,65.0,996.3
384.0,45.0,985.8
453.2,18.1,997.7
511.5,-7.1,974.1
548.7,-21.3,984.5
566.1,-23.7,965.0
572.0,-20.8,976.6
567.4,-16.6,952.0
552.8,-11.3,950.5
528.5,-2.5,908.5
496.5,15.2,894.0
451.2,40.9,848.7
397.4,71.2,840.9
337.9,103.7,809.6
274.0,138.8,820.4
198.2,179.2,812.4
112.1,227.4,847.3
16.0,284.0,862.1
-83.1,342.9,913.4
-181.8,399.2,932.2
-270.2,450.1,975.2
-347.3,498.4,984.1
-427.6,550.5,1024.8
-522.8,612.4,1038.8
-628.5,682.3,1089.4
-733.1,754.5,1111.2
-826.6,824.4,1164.4
-897.2,884.7,1182.5
-944.4,936.0,1223.7
-969.0,977.6,1225.5
-968.5,1004.3,1245.8
-936.9,1014.1,1219.8
-875.1,1008.4,1211.1
-783.7,986.6,1158.7
-674.2,952.1,1127.3
-557.9,910.8,1063.1
-436.6,867.9,1035.0
-315.3,821.2,983.6
-191.0,773.9,971.6
-58.5,720.1,931.3
100.1,650.8,922.5
284.6,560.9,881.2
490.8,458.4,874.5
703.7,353.2,848.0
907.7,240.7,872.0
1086.3,131.0,884.9
1231.6,24.1,937.6
1341.1,-77.2,970.6
1411.0,-164.8,1040.1
1434.0,-237.4,1075.3
1405.8,-286.0,1134.2
1318.0,-316.6,1155.2
1193.2,-328.6,1184.0
1051.6,-328.4,1154.3
897.6,-316.3,1133.2
744.3,-293.8,1062.9
603.5,-268.8,1011.6
463.5,-238.0,934.2
334.2,-206.1,905.6
234.3,-178.1,861.0
-,-,-
-3691.8,-3690.7,-3689.7
-3318.9,-3231.3,-3207.4
-2954.6,-2769.7,-2695.5
-2561.4,-2304.3,-2180.5
-2120.1,-1851.0,-1626.7
-1649.7,-1419.0,-1080.1
-1161.4,-984.6,-488.7
-685.0,-539.1,84.5
-232.2,-90.8,662.2
46.4,141.5,986.0
152.1,118.5,1043.9
272.0,81.6,1075.2
364.9,43.2,1098.3
416.0,15.1,1092.0
441.2, 0.3,1071.5
463.4,-19.8,1030.4
508.0,-56.2,994.1
570.8,-95.8,953.1
612.6,-114.1,932.0
597.3,-98.9,915.7
541.7,-66.8,908.7
473.0,-30.5,887.3
412.5, 0.4,870.6
365.0,25.1,849.1
325.8,54.0,842.8
273.7,92.4,841.4
200.0,134.1,863.3
134.1,166.3,874.2
75.4,194.7,889.8
12.9,228.9,897.6
-58.5,270.2,914.0
-144.0,316.6,923.0
-239.7,367.5,943.5
-344.5,418.7,959.0
-434.9,462.8,983.2
-510.4,504.9,1002.5
-569.8,541.1,1034.6
-616.5,577.2,1062.6
-661.2,612.9,1101.2
-703.2,650.1,1127.3
-748.3,690.4,1157.1
-796.7,730.5,1170.6
-845.0,773.1,1188.3
-887.1,811.2,1190.8
-916.6,844.4,1194.6
-931.1,874.7,1187.2
-926.3,900.9,1187.8
-900.2,921.2,1173.9
-851.9,934.3,1169.5
-775.6,938.9,1151.3
-670.5,930.8,1133.4
-546.0,906.2,1087.0
-399.3,866.7,1034.7
-228.3,808.6,964.3
-27.3,737.2,899.0
198.8,655.8,831.3
443.2,562.1,801.6
697.5,452.2,788.9
937.2,329.1,806.3
1144.4,201.8,826.8
1310.9,81.7,868.7
1429.0,-26.6,904.6
1489.5,-117.2,947.4
1479.0,-187.6,977.9
1391.9,-229.4,1010.6
1246.9,-244.1,1021.5
1084.9,-245.3,1035.4
936.0,-236.8,1036.0
-,-,-
-3691.8,-3690.5,-3688.7
-3331.2,-3251.4,-3185.0
-2946.4,-2795.2,-2672.8
-2547.6,-2334.1,-2129.7
-2148.0,-1883.0,-1613.1
-1737.1,-1425.0,-1066.4
-1324.7,-964.6,-533.6
-916.1,-510.6,12.1
-492.4,-47.7,550.4
-223.8,212.6,871.5
-165.9,206.5,887.7
-102.7,196.5,908.7
-32.1,179.2,927.9
45.7,158.4,953.7
134.0,130.6,977.5
229.8,98.0,1003.6
328.3,62.7,1023.7
419.6,23.4,1046.4
501.6,-13.9,1063.0
566.4,-44.4,1074.7
615.7,-68.1,1072.2
648.1,-83.3,1062.9
663.1,-88.8,1038.8
662.6,-88.0,1008.1
647.9,-79.5,969.6
622.9,-64.0,936.8
588.9,-42.5,905.1
545.8,-16.5,883.3
490.1,17.7,862.4
422.7,59.4,847.8
345.7,103.8,831.4
261.6,151.2,822.2
172.3,202.1,815.3
80.8,252.9,817.8
-13.7,305.9,823.3
-101.4,359.3,840.5
-181.6,413.1,858.8
-252.0,466.9,885.7
-317.0,524.1,913.1
-384.5,586.1,945.9
-466.7,655.2,975.4
-568.6,728.5,1011.0
-674.0,805.4,1041.6
-774.9,883.6,1074.6
-863.4,957.8,1097.2
-938.4,1025.5,1125.2
-996.2,1082.7,1152.8
-1031.6,1128.0,1182.7
-1037.8,1156.0,1197.4
-1007.4,1169.6,1202.9
-944.7,1169.3,1184.6
-867.9,1153.2,1153.7
-790.6,1130.2,1103.6
-705.2,1105.9,1050.7
-590.9,1080.8,982.6
-434.3,1039.8,917.0
-246.0,978.8,857.2
-39.0,893.1,817.4
176.8,785.3,779.7
400.4,663.7,748.4
630.5,533.8,713.0
853.8,399.7,695.0
1045.1,264.2,692.4
1185.6,135.1,725.9
1269.5,25.9,780.1
1319.6,-64.9,847.9
1358.8,-143.5,905.6
1378.9,-214.0,963.4
1365.5,-270.6,1010.1
1314.2,-305.2,1054.0
1225.2,-321.0,1081.9
-,-,-
-3691.3,-3691.0,-3688.9
-3298.2,-3254.2,-3190.8
-2904.8,-2795.7,-2682.0
-2525.7,-2332.5,-2160.2
-2141.3,-1852.8,-1623.6
-1746.5,-1372.1,-1065.3
-1328.9,-907.8,-522.3
-866.1,-444.5,41.6
-377.1, 9.3,601.2
-66.1,239.0,921.7
52.8,223.6,990.0
190.6,188.9,1037.3
330.8,138.7,1075.5
462.7,83.3,1078.7
569.9,33.1,1078.0
633.8,-7.6,1056.1
661.3,-38.6,1040.4
661.8,-59.0,1013.6
640.2,-67.5,998.2
600.0,-64.9,970.6
549.5,-53.6,954.4
496.3,-38.0,928.2
441.6,-18.6,913.9
388.4, 1.2,894.8
329.8,24.5,893.3
270.2,48.7,881.5
215.5,69.3,877.1
164.0,89.4,858.9
117.8,109.7,852.6
74.1,129.9,839.7
28.3,151.5,845.8
-26.7,177.2,847.0
-90.5,207.4,863.0
-159.3,240.2,871.8
-225.7,273.1,893.9
-289.1,307.9,909.2
-351.0,340.7,942.5
-414.6,380.1,977.3
-497.3,433.7,1041.2
-598.1,497.0,1104.0
-690.7,559.3,1176.1
-754.9,611.7,1224.4
-798.1,659.2,1272.1
-833.7,703.5,1303.3
-867.1,748.4,1341.0
-903.3,795.0,1361.5
-922.4,828.1,1370.4
-901.4,844.0,1348.6
-851.0,847.7,1324.5
-788.9,847.2,1279.1
-719.2,845.7,1237.7
-641.8,840.5,1177.8
-546.9,823.2,1117.2
-431.1,791.6,1040.3
-293.8,749.4,974.9
-144.5,696.8,904.3
23.2,632.5,847.9
203.4,560.4,795.6
386.1,485.2,774.6
577.5,402.5,764.3
780.0,311.1,776.5
999.2,207.0,780.6
1235.3,83.3,780.4
1495.5,-82.5,742.1
1649.8,-203.6,754.6
1687.9,-274.2,812.9
1650.1,-309.7,894.1
1570.8,-325.6,944.7
1464.5,-343.4,967.4
1332.6,-347.3,964.3
1163.8,-331.9,976.6
936.8,-277.9,1009.9
-,-,-
-3691.2,-3691.3,-3689.2
-3306.6,-3296.5,-3228.2
-2887.4,-2866.7,-2701.7
-2475.9,-2440.6,-2197.6
-2057.1,-2006.0,-1655.2
-1633.9,-1569.4,-1130.8
-1208.8,-1137.8,-592.4
-765.1,-698.5,-68.7
-311.3,-259.5,475.9
-25.8,-8.2,784.1
32.7,-0.8,823.7
92.9, 3.3,831.5
156.7, 8.8,863.1
223.4,14.0,862.5
285.4,18.9,891.4
340.1,23.5,890.8
386.9,26.8,918.1
425.0,30.8,911.8
456.8,39.0,926.9
480.8,53.5,909.8
489.4,72.8,926.5
482.4,94.6,912.5
465.3,116.7,923.1
438.7,140.6,899.9
398.3,168.9,902.8
342.4,203.3,878.7
269.4,248.0,895.3
167.7,299.2,890.8
57.3,345.7,912.3
-40.6,386.3,906.9
-124.4,417.4,936.5
-201.2,441.9,941.4
-265.6,460.4,982.0
-312.2,471.6,997.1
-335.4,472.1,1037.6
-341.2,471.0,1046.1
-354.0,482.8,1097.8
-393.3,511.5,1122.9
-468.2,556.1,1176.0
-559.3,606.5,1189.6
-635.8,651.8,1223.1
-689.3,690.7,1218.9
-734.0,728.2,1242.0
-774.1,758.4,1225.7
-799.0,777.4,1224.4
-817.3,790.6,1179.0
-831.9,799.0,1161.1
-824.4,805.5,1116.0
-802.7,820.0,1110.3
-780.0,842.4,1078.6
-744.6,866.2,1081.4
-691.9,885.9,1054.1
-619.0,896.2,1059.3
-514.9,883.4,1027.6
-368.0,840.0,1011.6
-187.9,770.9,946.7
 3.1,689.0,902.8
193.4,603.0,833.2
375.0,514.3,816.3
565.3,422.2,797.5
784.0,314.5,835.2
1030.5,176.3,855.6
1282.8,19.2,917.0
1516.7,-138.3,956.0
1684.7,-267.7,1030.0
1755.1,-360.3,1065.8
1738.0,-421.3,1119.5
1646.2,-460.3,1111.1
1491.9,-481.1,1108.0
1281.0,-467.5,1059.4
1035.9,-414.6,1038.9
788.2,-335.5,994.5
560.5,-253.9,990.4
392.8,-190.1,963.4
-,-,-
-3692.1,-3690.6,-3688.7
-3341.0,-3232.2,-3169.4
-2990.7,-2753.9,-2642.6
-2646.6,-2271.0,-2107.7
-2304.5,-1793.8,-1596.9
-1949.0,-1306.3,-1067.9
-1581.6,-820.4,-549.9
-1199.5,-350.2,-27.7
-789.9,121.7,497.8
-535.1,360.2,777.1
-446.6,348.1,791.9
-332.9,330.2,804.1
-195.8,308.2,835.6
-35.8,275.5,867.0
142.1,229.8,914.6
333.3,172.4,961.5
512.3,109.2,1015.3
665.4,46.7,1052.2
787.2,-7.0,1084.0
877.6,-50.5,1096.0
926.7,-84.1,1107.1
938.4,-107.1,1096.9
918.0,-120.1,1086.0
869.1,-119.8,1053.9
802.3,-103.9,1022.5
734.4,-72.6,980.8
659.6,-28.7,956.3
571.9,19.0,929.1
480.1,63.3,913.0
385.4,105.5,892.4
281.8,147.4,883.8
171.4,191.0,870.6
62.0,235.1,872.3
-42.9,279.6,870.0
-140.7,312.0,878.2
-214.5,334.6,880.3
-263.5,351.9,900.1
-299.4,366.3,915.4
-337.6,383.7,938.9
-380.3,407.8,951.6
-425.0,435.5,971.0
-466.8,461.5,980.4
-505.9,489.3,1002.0
-541.2,520.3,1019.3
-570.3,548.0,1040.9
-581.4,568.9,1048.4
-573.9,591.1,1064.5
-577.7,621.3,1083.8
-600.3,661.7,1110.5
-641.3,700.4,1117.4
-679.0,737.2,1121.3
-698.1,773.2,1113.4
-702.6,804.4,1112.3
-700.9,831.0,1103.7
-705.5,858.1,1105.5
-704.9,873.1,1091.3
-674.3,873.1,1071.1
-608.6,861.2,1042.0
-523.9,847.3,1023.9
-445.2,822.6,996.1
-361.2,791.3,968.1
-244.4,749.3,926.5
-96.5,684.3,891.7
86.5,589.0,843.7
299.5,476.3,808.8
525.0,350.6,783.2
735.7,224.2,788.9
932.6,96.5,806.7
1102.3,-25.2,848.4
1219.3,-135.7,893.1
1285.2,-229.5,938.6
1314.4,-297.0,973.3
1303.0,-338.1,1010.2
1256.4,-356.8,1039.4
1190.8,-357.9,1072.3
1117.1,-351.3,1092.2
-,-,-
-3690.5,-3691.1,-3688.9
-3243.5,-3277.4,-3163.5
-2766.8,-2854.8,-2648.2
-2263.1,-2428.2,-2103.9
-1746.2,-2006.3,-1574.5
-1238.5,-1592.2,-1028.2
-723.9,-1170.0,-489.6
-200.6,-748.0,65.7
318.2,-331.1,590.7
635.8,-96.6,902.3
680.4,-91.4,891.7
700.9,-81.3,919.4
701.2,-59.3,909.1
689.4,-28.9,927.2
672.8, 6.0,911.1
641.5,47.1,937.2
593.6,89.6,933.0
536.7,132.6,963.9
479.3,174.0,961.9
422.8,214.7,995.1
365.9,253.3,990.5
305.8,291.2,1017.0
235.6,337.1,1000.6
141.9,390.4,1003.9
29.6,448.9,968.8
-92.8,507.9,973.1
-215.0,562.5,951.8
-331.7,613.8,972.6
-438.8,659.7,965.1
-539.7,701.8,997.0
-632.6,742.1,1001.6
-714.4,774.1,1053.6
-779.5,799.7,1077.5
-826.8,822.8,1125.8
-866.3,845.9,1120.2
-896.8,864.3,1126.0
-909.3,879.2,1084.4
-904.2,889.8,1081.4
-890.6,894.5,1054.4
-866.7,893.2,1062.4
-825.0,886.5,1031.5
-773.9,876.2,1039.7
-714.0,862.1,1016.9
-644.1,846.5,1033.2
-563.6,827.7,1016.6
-480.2,809.2,1028.6
-389.0,785.7,990.4
-275.0,753.0,975.6
-136.4,707.0,928.7
25.9,644.0,913.8
205.3,563.7,860.6
398.3,474.5,842.6
591.6,382.5,795.0
781.4,282.3,791.0
954.8,178.4,774.4
1104.2,71.4,817.2
1213.2,-33.7,836.5
1298.0,-132.6,883.5
1360.3,-219.6,885.0
1382.2,-294.4,917.6
1355.9,-350.4,927.3
-,-,-
-3692.4,-3690.2,-3689.0
-3355.1,-3223.4,-3166.2
-2998.9,-2744.7,-2649.8
-2629.7,-2260.3,-2104.2
-2255.7,-1787.3,-1590.1
-1858.5,-1309.7,-1049.4
-1442.7,-837.4,-528.0
-1010.5,-378.2, 8.5
-543.8,83.0,541.2
-207.7,313.3,857.3
-43.5,261.0,856.7
137.4,196.7,897.9
332.1,119.7,912.1
519.5,38.2,965.2
686.7,-38.3,985.2
820.7,-104.1,1030.3
911.6,-158.2,1027.9
956.0,-195.3,1049.9
953.7,-210.4,1034.9
912.7,-208.9,1042.5
848.6,-191.2,1008.5
772.9,-162.2,1002.3
697.5,-127.9,960.4
626.2,-90.6,956.3
560.8,-53.1,926.5
499.1,-15.9,937.0
444.3,18.7,911.5
396.3,51.3,918.1
346.0,84.7,893.9
287.3,121.1,904.8
219.8,162.8,885.9
143.1,207.7,901.8
62.6,253.2,886.8
-17.7,296.7,903.4
-93.1,341.0,890.4
-172.7,389.7,915.9
-265.8,447.5,912.1
-367.5,510.3,948.4
-467.7,570.9,956.2
-561.4,630.3,1001.7
-647.3,686.1,1016.8
-719.7,740.0,1073.0
-784.3,793.3,1103.1
-843.9,844.6,1165.6
-896.1,887.9,1186.9
-927.5,921.2,1229.7
-936.0,947.2,1224.9
-924.8,966.9,1239.2
-896.5,976.5,1205.8
-850.6,974.8,1190.7
-790.0,961.1,1128.6
-710.0,933.3,1096.5
-603.8,894.2,1032.4
-471.3,847.4,1006.9
-321.8,790.8,945.4
-156.4,718.2,909.7
27.9,633.1,835.4
223.3,541.3,798.0
424.0,443.7,739.9
638.8,334.4,734.3
858.2,213.7,713.1
1058.7,85.7,739.8
1212.4,-34.3,748.1
-,-,-
-3691.2,-3690.9,-3688.6
-3272.5,-3249.7,-3157.4
-2839.4,-2808.4,-2632.1
-2400.4,-2377.7,-2107.7
-1938.4,-1942.4,-1583.6
-1469.7,-1516.4,-1053.9
-973.8,-1086.0,-519.8
-453.6,-664.4,29.1
90.1,-257.8,575.4
441.4,-87.8,864.1
588.1,-147.2,901.7
724.3,-201.8,937.6
830.6,-241.6,983.9
900.1,-266.3,1010.8
940.1,-274.2,1040.5
942.8,-262.3,1050.8
905.4,-230.7,1061.5
833.4,-175.7,1050.5
735.0,-100.5,1039.0
621.9,-13.6,1007.8
497.9,72.1,983.8
383.8,153.0,958.4
277.3,229.0,950.2
168.8,294.7,933.9
57.5,359.6,929.4
-53.8,424.1,913.2
-165.7,485.4,907.6
-271.6,540.5,894.7
-365.6,589.5,896.8
-445.7,632.5,894.0
-520.2,669.3,905.4
-589.1,703.7,908.9
-648.2,736.2,928.6
-698.0,763.6,949.2
-742.7,792.0,992.8
-782.3,817.9,1031.1
-816.2,838.0,1075.6
-843.3,852.6,1096.5
-859.2,862.3,1111.2
-856.0,862.9,1104.6
-833.7,853.8,1100.2
-797.4,836.0,1081.1
-754.2,815.1,1069.0
-717.8,793.8,1046.9
-683.3,775.9,1038.0
-642.0,760.7,1022.6
-590.3,740.7,1014.2
-525.9,718.7,993.3
-453.7,695.8,983.6
-376.2,670.5,966.2
-291.0,640.0,956.3
-181.9,598.4,934.1
-52.3,546.5,916.0
82.7,482.4,881.0
207.0,416.9,859.5
317.5,352.9,843.2
416.7,293.6,847.9
514.8,234.1,844.9
624.5,175.9,844.1
757.2,108.8,823.0
929.7,21.2,809.5
-,-,-
-3691.2,-3690.9,-3688.8
-3267.1,-3239.7,-3141.6
-2847.7,-2798.4,-2619.0
-2414.7,-2349.9,-2062.8
-1973.8,-1904.5,-1523.4
-1530.2,-1472.7,-972.9
-1066.2,-1037.6,-434.4
-590.3,-605.4,122.6
-112.4,-184.6,653.0
170.4,18.1,938.5
246.7,-6.5,951.3
323.5,-33.7,969.8
394.2,-60.5,985.4
457.0,-86.1,1003.1
507.3,-106.7,1017.6
537.0,-119.5,1034.6
544.3,-125.1,1039.7
535.2,-123.6,1044.6
515.0,-114.2,1040.6
481.4,-102.3,1032.0
444.5,-90.5,1006.1
404.2,-75.2,980.9
358.1,-53.5,947.9
307.7,-30.4,920.7
253.9,-4.9,895.3
200.9,22.0,886.5
146.5,46.4,879.4
94.9,69.2,882.2
40.2,94.3,881.2
-15.7,120.8,884.6
-71.0,143.8,880.3
-117.5,165.0,880.6
-160.5,184.5,875.6
-201.0,204.2,876.3
-247.7,229.6,872.3
-303.3,262.8,877.2
-367.5,305.9,882.9
-436.9,355.2,900.7
-506.4,411.5,920.9
-578.6,471.4,951.6
-654.5,535.0,979.3
-728.9,601.3,1014.2
-801.7,668.6,1046.0
-866.9,734.9,1086.3
-925.2,803.0,1121.9
-973.9,864.4,1159.9
-1007.1,915.5,1181.1
-1021.8,955.9,1197.4
-1009.1,984.9,1188.0
-962.1,998.7,1171.6
-877.9,992.8,1132.9
-751.2,963.4,1084.6
-579.7,902.4,1012.6
-361.3,816.2,946.8
-110.1,715.2,886.0
154.3,603.3,855.6
420.8,488.7,845.7
687.1,370.6,875.2
937.9,241.5,908.3
1174.3,107.4,953.9
1375.7,-24.0,994.7
1527.6,-151.0,1037.3
1616.3,-265.0,1051.7
1643.6,-359.9,1052.3
1607.3,-429.0,1030.9
1510.1,-469.5,1003.7
1368.9,-476.0,971.9
-,-,-
-3691.5,-3690.7,-3689.0
-3301.1,-3254.0,-3164.3
-2873.9,-2800.6,-2638.2
-2428.4,-2353.5,-2090.7
-1971.5,-1924.5,-1579.3
-1482.3,-1496.8,-1034.2
-974.5,-1076.6,-507.1
-469.0,-666.2,40.2
42.6,-244.5,581.5
362.4,-31.1,900.2
446.2,-53.5,913.7
502.8,-68.6,949.3
537.8,-75.4,957.7
547.9,-70.6,990.9
528.6,-56.2,991.4
487.7,-32.4,1008.1
440.0,-4.2,991.5
393.5,22.7,992.9
353.5,44.3,965.4
322.2,59.3,967.0
290.4,72.8,951.7
256.8,89.4,963.1
218.6,110.6,946.3
179.2,134.4,952.8
138.5,156.8,931.7
95.1,178.3,937.5
45.5,199.1,921.9
-11.7,226.9,935.0
-75.8,259.1,921.7
-140.7,292.6,933.5
-206.9,324.2,924.1
-268.0,351.7,947.7
-323.7,379.1,955.4
-376.3,405.3,995.7
-426.0,434.9,1014.0
-471.4,464.3,1057.0
-512.8,495.1,1076.0
-551.3,528.0,1122.1
-587.7,561.6,1137.0
-622.2,594.8,1171.5
-648.1,625.4,1169.5
-663.1,654.4,1183.2
-671.9,683.6,1164.8
-677.6,709.2,1169.4
-684.1,734.2,1142.3
-686.1,753.5,1136.0
-673.1,767.2,1101.0
-639.9,774.6,1093.9
-591.9,775.0,1059.9
-529.4,767.6,1049.9
-455.8,752.7,1002.0
-364.4,724.7,964.4
-239.6,677.7,885.1
-81.1,613.4,833.7
97.9,535.4,762.6
287.5,450.2,732.2
497.9,358.4,693.0
722.7,258.2,703.6
952.2,143.5,717.3
1168.4,21.9,790.6
1355.8,-97.0,862.9
1492.3,-201.7,966.9
1568.5,-289.9,1023.8
1589.3,-355.6,1084.3
1552.0,-402.2,1096.2
1453.9,-427.0,1116.7
-,-,-
-3690.1,-3691.2,-3688.9
-3217.7,-3261.2,-3151.8
-2751.0,-2829.0,-2594.5
-2277.4,-2388.9,-2047.3
-1800.2,-1949.2,-1485.6
-1329.6,-1515.1,-956.0
-850.9,-1070.0,-402.4
-371.6,-623.1,129.6
98.8,-180.3,672.2
345.5,66.2,953.5
340.5,88.6,956.3
328.8,111.3,954.0
301.9,140.4,957.5
264.5,169.9,956.7
222.0,194.8,959.1
180.0,210.2,952.7
146.0,219.6,946.9
114.1,225.6,934.0
76.0,231.4,922.5
30.3,239.6,905.9
-17.2,249.3,893.2
-62.0,259.1,877.4
-102.3,271.8,875.1
-141.7,291.8,881.9
-185.0,314.6,906.7
-235.3,335.2,935.5
-282.9,351.3,967.4
-317.1,358.9,984.0
-336.3,360.4,1001.7
-351.9,361.8,1019.6
-372.0,363.3,1043.0
-388.9,361.4,1057.5
-398.3,356.1,1074.5
-401.9,349.9,1079.0
-397.9,346.4,1085.7
-389.3,344.9,1089.4
-379.3,341.7,1101.2
-370.0,340.1,1105.4
-368.8,346.3,1112.5
-387.6,368.2,1117.6
-422.5,403.9,1135.4
-456.7,447.9,1156.4
-487.0,494.7,1184.4
-514.6,540.7,1197.2
-539.4,584.6,1201.8
-560.7,626.6,1190.5
-578.5,662.3,1179.4
-579.1,686.4,1155.4
-566.5,703.2,1132.5
-553.8,715.0,1092.8
-533.0,721.4,1047.6
-489.9,718.2,992.0
-418.1,701.2,938.4
-303.0,662.3,871.5
-136.7,591.5,800.9
68.6,496.4,726.7
297.4,383.4,672.0
532.1,270.4,635.6
758.5,161.1,638.2
961.1,54.7,675.2
1148.7,-54.8,752.5
1310.4,-160.4,838.7
1415.8,-249.9,937.1
1452.4,-307.9,1024.3
1431.0,-339.8,1108.6
1366.9,-357.7,1159.6
1270.0,-366.2,1187.8
-,-,-
-3691.4,-3690.8,-3689.3
-3298.0,-3256.9,-3183.9
-2875.4,-2810.3,-2662.7
-2421.0,-2357.8,-2115.7
-1939.7,-1908.7,-1569.3
-1438.9,-1470.6,-1023.7
-904.8,-1034.9,-473.4
-346.9,-609.7,89.6
213.7,-197.2,644.5
597.8,19.4,992.3
727.7,-7.3,1022.1
813.7,-28.3,1057.4
856.7,-39.5,1042.0
861.8,-43.2,1044.1
834.4,-34.0,1016.9
775.2,-8.7,1018.1
688.8,25.9,987.5
589.0,66.9,980.5
492.1,106.4,937.3
407.1,141.2,925.3
332.3,173.7,894.6
257.7,208.4,900.3
178.6,242.7,881.4
97.3,273.5,893.0
23.4,297.9,878.9
-39.2,318.4,894.5
-92.3,335.1,884.9
-137.8,349.3,907.2
-179.3,363.6,902.2
-216.1,377.0,926.8
-246.2,387.7,923.1
-280.2,403.5,952.1
-323.2,425.6,958.1
-369.6,450.4,996.7
-411.1,472.0,1009.1
-443.0,492.3,1048.3
-463.0,509.3,1059.8
-465.5,517.1,1099.6
-453.2,516.9,1110.7
-427.0,510.2,1144.5
-384.1,500.8,1136.8
-343.8,499.9,1140.8
-331.2,521.4,1118.0
-365.9,564.5,1133.8
-434.6,615.3,1123.5
-510.5,665.9,1137.8
-580.8,718.8,1114.9
-637.4,767.5,1112.4
-676.5,806.8,1075.0
-688.2,832.0,1068.0
-672.5,839.9,1028.8
-622.6,826.5,1001.2
-539.3,798.1,940.4
-438.1,765.2,909.4
-336.6,734.0,859.6
-233.8,705.3,853.6
-119.3,675.9,834.6
19.5,636.5,850.4
182.9,577.1,838.7
376.1,485.5,845.8
594.6,366.0,820.5
826.8,233.6,829.9
1041.1,100.5,826.6
1219.2,-28.1,868.7
1352.8,-150.6,897.1
1430.8,-255.9,953.6
1451.1,-343.8,977.3
1425.8,-403.3,1024.5
1352.7,-423.8,1047.1
1236.1,-411.4,1093.9
1097.7,-384.3,1104.1
951.4,-345.9,1128.8
804.0,-302.5,1102.4
655.0,-259.1,1089.0
502.4,-214.7,1044.1
358.2,-165.1,1033.6
233.2,-120.9,1005.5
132.9,-88.5,1009.5
-,-,-
-3691.4,-3690.6,-3689.1
-3300.9,-3263.4,-3200.7
-2857.6,-2815.4,-2676.9
-2385.2,-2368.9,-2143.9
-1897.1,-1930.2,-1601.1
-1401.1,-1505.8,-1063.5
-880.9,-1081.4,-499.6
-347.7,-663.6,74.1
187.7,-256.2,653.6
564.4,-36.4,1024.2
666.8,-81.7,1060.7
731.2,-115.4,1094.0
767.3,-135.7,1093.2
775.3,-143.0,1094.1
752.1,-138.7,1062.6
703.3,-122.0,1030.8
631.9,-93.5,971.7
538.3,-54.7,928.3
436.4,-11.9,878.1
339.5,33.7,863.5
251.7,76.3,847.2
172.7,116.5,857.5
102.6,154.4,853.6
32.4,192.1,872.2
-39.8,232.1,878.9
-116.0,274.7,901.4
-188.9,318.8,905.8
-259.3,365.6,925.5
-327.3,412.2,932.3
-394.1,462.5,960.3
-456.6,512.6,979.2
-510.8,564.9,1017.7
-554.0,613.5,1038.6
-592.2,659.0,1068.3
-622.0,698.3,1072.7
-646.5,730.2,1082.8
-659.1,757.5,1071.9
-654.5,780.3,1073.1
-635.9,795.5,1055.3
-608.0,801.6,1048.7
-575.6,805.2,1027.4
-544.1,807.0,1022.5
-521.7,804.7,1002.7
-515.5,796.6,1001.6
-513.8,783.4,991.7
-497.9,763.2,1006.5
-463.0,743.6,1000.8
-404.8,708.7,994.1
-323.0,645.4,954.5
-213.7,557.2,912.3
-73.8,449.3,862.4
88.9,333.5,848.6
269.6,210.0,837.6
431.7,86.5,854.3
540.9,-30.8,874.5
594.1,-128.1,929.4
618.1,-198.4,984.1
627.3,-245.5,1066.2
635.0,-287.9,1140.4
652.9,-330.9,1219.3
682.7,-379.8,1273.2
703.0,-435.3,1318.0
697.1,-508.4,1310.1
692.3,-577.6,1304.2
686.0,-616.8,1291.7
650.0,-625.8,1300.9
567.1,-606.2,1292.8
446.2,-561.0,1290.2
306.6,-496.2,1253.5
174.1,-422.8,1222.4
71.1,-338.7,1180.9
 9.6,-254.3,1157.4
-31.7,-205.9,1110.0
-,-,-
-3690.4,-3691.2,-3688.7
-3252.7,-3287.4,-3176.9
-2784.5,-2866.2,-2650.2
-2293.8,-2432.4,-2081.5
-1793.1,-1997.2,-1526.1
-1295.4,-1576.9,-958.8
-782.3,-1156.8,-398.6
-263.9,-742.3,182.6
250.8,-334.3,734.8
572.1,-103.5,1071.7
614.0,-113.3,1081.2
634.9,-122.3,1082.6
629.8,-129.2,1063.4
606.9,-131.6,1047.0
570.0,-121.4,1020.2
519.7,-102.0,1001.4
460.7,-77.2,972.6
397.6,-54.4,955.8
332.8,-31.5,940.0
267.4,-10.8,942.1
214.0, 2.3,942.3
172.9,12.4,954.1
130.8,26.4,959.8
88.8,37.3,969.4
46.1,50.8,965.6
 4.2,65.9,968.5
-25.8,82.9,963.6
-42.5,101.0,970.1
-58.3,127.2,977.6
-84.3,166.3,1005.7
-120.9,215.6,1036.7
-162.2,273.8,1081.8
-209.1,343.5,1116.1
-259.7,416.8,1152.8
-316.7,494.6,1179.9
-384.8,576.5,1219.1
-471.5,665.7,1249.7
-563.7,756.2,1284.2
-642.9,840.9,1301.6
-707.6,915.8,1319.0
-752.0,974.8,1323.3
-769.1,1017.3,1335.7
-764.1,1041.5,1328.8
-739.7,1044.0,1314.3
-687.9,1023.6,1272.2
-603.2,981.5,1222.7
-493.9,916.3,1148.5
-363.5,827.0,1076.5
-218.1,725.4,997.8
-50.4,616.9,939.2
145.0,499.2,880.8
365.2,364.4,851.4
599.5,210.6,829.2
827.2,57.5,836.2
1033.0,-86.6,856.0
1199.8,-220.9,900.0
1340.1,-333.9,954.7
1439.1,-427.5,1022.1
1463.4,-515.4,1068.7
-,-,-
-3691.2,-3690.5,-3688.9
-3303.1,-3256.8,-3209.4
-2861.8,-2798.8,-2671.2
-2378.2,-2339.6,-2140.3
-1861.5,-1888.7,-1581.6
-1327.7,-1456.9,-1038.3
-769.4,-1030.1,-449.6
-204.4,-614.7,127.8
353.3,-211.8,720.1
743.5, 4.5,1081.7
857.4,-50.1,1133.9
919.8,-96.3,1131.7
936.9,-129.3,1146.8
914.6,-148.2,1113.0
864.8,-153.1,1093.5
797.3,-143.5,1030.3
718.1,-126.5,989.7
640.1,-108.5,913.9
571.7,-94.0,881.1
513.1,-77.3,832.7
454.8,-54.7,836.0
387.3,-27.2,816.1
310.2, 9.2,832.6
226.5,51.2,817.8
138.6,100.8,841.0
45.6,155.6,839.1
-48.3,212.2,877.2
-135.3,267.4,883.6
-213.2,315.7,918.5
-274.7,354.2,918.8
-324.6,385.0,954.6
-371.1,411.5,962.1
-412.5,440.1,1009.8
-447.8,469.3,1027.7
-472.0,498.2,1077.0
-489.5,528.2,1093.0
-499.8,558.9,1140.3
-507.3,590.3,1153.7
-511.3,623.4,1197.0
-508.7,659.1,1201.3
-503.9,695.3,1232.0
-497.4,730.1,1224.0
-494.9,763.5,1247.8
-498.0,794.0,1233.0
-501.9,817.9,1240.5
-502.3,831.8,1201.2
-490.3,831.5,1178.7
-471.4,816.8,1110.1
-440.5,786.4,1070.3
-384.4,744.8,1001.0
-306.4,691.4,972.4
-214.6,626.0,914.4
-105.3,545.7,894.0
17.5,455.0,842.8
151.2,357.9,828.8
298.7,255.4,792.9
471.7,150.9,820.6
648.7,41.4,842.7
813.3,-81.1,907.7
957.3,-207.7,941.4
1085.2,-320.4,1011.5
1182.3,-415.3,1043.6
-,-,-
-,-,-
-3691.7,-3690.5,-3689.5
-3302.9,-3225.8,-3202.3
-2898.5,-2767.5,-2695.8
-2463.6,-2307.6,-2194.9
-2002.4,-1853.8,-1656.6
-1523.9,-1412.9,-1132.5
-1019.0,-971.6,-562.0
-497.1,-538.1,-1.6
29.9,-118.0,582.2
385.7,75.4,922.2
532.6,22.1,1011.8
658.7,-32.7,1075.8
751.5,-78.9,1132.8
807.4,-121.9,1141.6
826.7,-155.6,1141.5
813.8,-173.3,1107.6
778.5,-176.8,1076.4
728.8,-168.4,1016.1
671.3,-150.1,974.0
606.3,-127.2,922.6
541.6,-102.0,895.7
477.5,-74.1,864.9
406.5,-40.3,860.7
342.0,-5.9,845.8
279.5,33.1,852.5
203.9,73.4,847.7
121.0,117.6,865.2
42.8,164.9,871.9
-33.7,217.0,903.5
-108.4,269.7,923.7
-176.1,322.2,961.6
-234.9,368.9,977.3
-289.3,407.2,1001.4
-333.6,435.9,1002.8
-369.3,460.9,1021.7
-406.0,483.9,1025.2
-448.9,512.5,1047.0
-492.8,549.5,1055.2
-529.5,584.8,1085.8
-555.2,620.5,1103.0
-577.0,658.8,1142.3
-599.3,697.0,1165.4
-615.5,734.5,1204.5
-618.1,765.1,1212.5
-603.3,784.2,1219.9
-572.8,788.4,1190.6
-528.5,781.9,1162.9
-475.6,766.7,1110.3
-429.5,736.1,1070.9
-381.9,690.9,1015.8
-317.9,645.4,994.4
-255.1,595.3,963.7
-203.8,540.5,950.8
-155.8,481.8,916.1
-115.3,423.9,898.2
-88.4,370.5,862.6
-62.0,322.8,852.1
-12.2,278.7,832.7
56.7,224.1,832.0
139.5,151.8,806.6
243.6,71.7,809.7
351.7,-3.8,808.4
443.6,-69.7,841.4
502.7,-112.3,888.1
538.7,-137.9,980.7
569.3,-160.4,1070.9
601.2,-186.1,1174.8
646.2,-226.1,1241.6
706.6,-278.6,1305.3
-,-,-
-3690.8,-3690.7,-3688.8
-3254.3,-3245.2,-3178.5
-2803.6,-2798.6,-2633.9
-2334.0,-2345.7,-2095.1
-1855.4,-1909.6,-1538.0
-1345.8,-1481.6,-987.8
-812.8,-1071.0,-411.4
-273.0,-681.3,133.8
287.6,-292.1,712.8
639.0,-112.1,1023.0
730.4,-162.7,1057.1
792.8,-202.0,1053.1
832.3,-230.7,1071.1
846.3,-246.6,1049.9
834.1,-244.1,1048.7
795.0,-223.1,1013.9
737.6,-185.3,1003.2
670.2,-139.3,961.8
605.1,-96.3,949.5
548.2,-62.0,908.8
497.1,-35.1,900.2
444.1,-8.9,868.0
384.6,19.3,869.2
322.5,50.9,843.9
259.8,83.7,848.4
193.8,112.7,827.0
130.0,140.3,842.2
62.8,172.5,840.4
-3.5,206.0,871.3
-57.5,240.0,876.3
-99.4,273.8,913.9
-136.3,310.4,928.4
-176.6,350.8,977.3
-225.0,398.2,1002.5
-289.4,456.8,1062.3
-369.0,527.5,1097.9
-450.7,603.5,1168.5
-529.9,682.3,1211.7
-607.3,761.6,1273.0
-677.6,831.1,1282.7
-734.6,890.2,1305.9
-769.3,938.9,1293.7
-778.6,976.0,1308.0
-765.9,993.3,1280.1
-732.3,994.9,1268.3
-684.4,986.2,1211.5
-627.9,963.2,1177.0
-558.4,928.9,1120.3
-461.9,881.4,1100.1
-345.9,815.0,1046.1
-217.1,730.1,1011.1
-69.0,629.4,939.1
97.2,516.5,901.2
272.5,390.3,844.0
452.5,253.5,839.2
613.2,126.4,831.1
740.3, 7.0,866.9
831.8,-99.3,876.6
896.1,-188.5,912.6
929.1,-258.6,912.1
932.2,-311.0,942.2
908.7,-337.6,948.9
852.4,-334.8,991.4
764.2,-311.4,1000.3
671.7,-283.8,1029.4
598.0,-256.3,1020.8
544.8,-232.8,1040.5
503.5,-218.6,1031.5
471.7,-209.5,1056.2
-,-,-
-3691.8,-3690.4,-3689.0
-3326.3,-3239.6,-3180.5
-2911.7,-2769.0,-2653.8
-2477.5,-2315.1,-2125.6
-2017.6,-1863.9,-1603.4
-1541.4,-1423.5,-1066.4
-1055.6,-994.0,-543.2
-545.2,-558.2,11.0
-22.9,-124.0,567.4
333.3,95.0,918.4
460.9,54.4,956.8
561.6,23.7,1038.9
643.0, 3.4,1083.8
716.5,-11.3,1151.2
773.7,-25.1,1167.1
809.1,-38.2,1199.1
812.8,-45.6,1175.9
798.2,-45.5,1165.0
770.3,-41.0,1099.2
737.5,-36.8,1051.5
699.6,-35.6,971.5
646.5,-29.8,935.3
575.9,-16.1,875.2
496.5, 3.2,853.4
419.2,25.6,805.8
336.8,51.1,797.7
246.9,79.1,763.7
148.9,116.8,776.1
40.5,163.5,765.8
-69.4,212.8,794.5
-172.6,263.1,797.1
-270.6,315.9,838.7
-365.5,369.0,853.5
-447.9,418.7,910.3
-510.5,461.4,938.6
-560.3,498.6,1002.3
-598.3,533.7,1027.8
-624.7,569.7,1082.5
-644.4,609.7,1097.8
-659.1,653.7,1141.8
-665.1,696.4,1150.3
-655.9,734.8,1185.1
-636.9,770.1,1181.0
-609.3,805.7,1206.9
-581.1,834.5,1194.8
-556.6,861.1,1211.3
-554.5,882.9,1184.0
-582.8,892.4,1170.5
-610.2,895.2,1115.9
-610.9,891.2,1097.2
-583.6,873.5,1041.7
-531.3,831.5,1005.7
-438.8,759.3,926.3
-295.9,654.6,879.7
-106.0,519.9,812.6
128.0,369.1,813.5
371.9,207.2,819.5
574.6,45.7,888.4
735.4,-107.7,936.3
873.5,-247.8,1023.5
978.1,-364.0,1069.7
1029.7,-455.0,1135.4
1021.7,-511.3,1154.5
969.8,-535.6,1189.5
899.3,-531.7,1176.9
835.8,-510.5,1180.8
-,-,-
-3690.9,-3690.7,-3688.8
-3297.4,-3263.2,-3212.2
-2875.9,-2793.5,-2671.2
-2457.9,-2331.6,-2138.9
-2022.8,-1861.6,-1584.6
-1569.1,-1397.4,-1034.8
-1102.0,-946.9,-480.7
-608.1,-493.5,80.0
-101.0,-44.6,656.6
229.7,202.9,1004.6
328.4,182.1,1072.7
430.5,152.0,1101.7
519.8,120.2,1156.4
591.2,87.4,1176.3
635.2,56.2,1212.0
655.5,30.8,1198.8
657.5,10.2,1198.6
642.5,-5.4,1154.6
611.4,-15.4,1138.8
568.9,-21.1,1092.4
523.0,-17.0,1075.3
476.6,-11.6,1020.1
435.9,-4.7,990.4
394.5, 1.7,931.8
352.0, 7.9,911.4
308.6,17.3,867.0
267.8,22.7,851.9
233.6,26.3,804.1
207.7,27.2,793.0
177.6,28.1,763.1
137.4,42.5,779.7
84.1,69.8,774.3
25.0,106.4,803.1
-39.4,148.9,805.3
-108.9,200.0,844.4
-188.4,262.9,860.7
-282.8,337.2,905.5
-384.9,416.9,914.3
-479.4,495.7,948.1
-560.2,566.2,949.9
-625.6,633.0,988.7
-679.9,700.3,1004.4
-725.5,765.7,1052.9
-753.4,820.4,1066.6
-755.5,862.4,1102.7
-735.9,896.5,1108.9
-701.1,924.9,1147.9
-665.0,947.6,1155.9
-632.6,960.4,1186.5
-614.3,955.6,1165.4
-602.3,930.9,1149.8
-567.7,900.6,1105.3
-502.8,862.9,1096.2
-421.1,807.8,1051.7
-325.5,738.0,1029.8
-211.1,645.4,969.2
-70.3,535.9,939.4
99.4,421.1,899.7
294.4,310.4,927.3
490.5,197.7,954.5
647.3,74.2,1014.4
798.3,-59.0,1034.4
946.5,-190.0,1077.5
1074.8,-319.8,1084.2
1161.4,-422.9,1121.0
1197.6,-489.9,1130.6
1189.0,-537.5,1157.7
1143.3,-569.2,1139.4
1083.4,-580.9,1139.3
-,-,-
-,-,-
-3690.5,-3690.9,-3688.9
-3252.7,-3263.5,-3158.7
-2792.8,-2824.5,-2628.4
-2313.7,-2380.2,-2069.8
-1819.1,-1941.5,-1525.6
-1326.3,-1517.3,-965.2
-823.9,-1088.6,-402.5
-319.4,-658.9,182.5
167.0,-231.8,737.7
445.3, 6.5,1072.6
453.6, 4.1,1067.9
442.1, 4.8,1090.6
409.1,12.2,1074.2
360.5,28.1,1089.7
309.7,49.8,1064.3
255.5,71.2,1069.1
209.8,83.9,1036.0
187.0,92.0,1045.1
189.7,92.1,1020.8
214.2,84.4,1036.6
255.4,74.0,1020.4
307.2,59.6,1040.1
360.7,39.8,1021.0
408.1,21.5,1030.7
444.9,10.1,998.9
462.9, 7.0,995.1
461.3, 8.7,945.9
444.1,19.5,924.9
412.2,37.5,865.0
367.2,64.2,848.0
302.6,99.7,801.2
226.5,147.0,796.5
146.5,199.6,761.4
59.7,260.2,767.6
-37.0,328.8,750.7
-143.3,408.0,791.7
-257.4,494.2,819.3
-381.4,586.7,894.0
-509.4,684.8,935.7
-632.0,784.3,1012.4
-750.6,882.1,1053.4
-855.4,968.9,1128.2
-934.4,1039.2,1159.1
-984.8,1092.2,1209.2
-1008.2,1127.9,1206.2
-997.9,1144.3,1220.0
-959.0,1139.8,1177.0
-892.7,1116.7,1156.0
-809.4,1072.1,1087.8
-725.2,1018.9,1056.3
-633.3,968.3,998.6
-538.2,922.6,991.3
-455.6,879.9,956.7
-376.1,831.7,953.9
-279.5,773.3,918.7
-149.6,694.4,919.3
12.3,600.7,885.9
206.2,489.0,891.7
404.2,359.5,864.2
597.3,219.0,880.5
789.4,73.8,877.1
969.2,-72.3,934.1
1112.4,-210.7,966.2
1209.7,-324.6,1030.5
1256.0,-416.6,1053.9
1252.2,-481.6,1107.6
1210.9,-515.1,1123.7
-,-,-
-3691.5,-3690.6,-3689.1
-3327.3,-3268.3,-3213.9
-2910.7,-2802.8,-2665.6
-2480.8,-2338.3,-2137.7
-2049.7,-1882.9,-1593.5
-1607.4,-1419.7,-1056.4
-1165.3,-955.2,-493.2
-737.8,-497.0,38.1
-302.0,-33.6,600.3
-15.4,230.6,929.4
45.3,215.9,951.1
107.1,194.0,964.4
170.8,168.1,988.1
238.9,137.7,999.4
314.6,104.7,1018.3
402.3,69.3,1029.2
495.4,30.5,1052.0
574.7,-5.1,1063.1
628.8,-32.0,1080.2
659.5,-50.5,1077.6
670.2,-65.0,1077.2
676.5,-78.2,1062.8
678.2,-90.4,1053.6
671.8,-103.6,1023.9
660.5,-110.9,1002.9
637.8,-107.5,973.1
603.0,-93.9,958.4
561.6,-78.4,933.5
520.3,-62.9,920.1
476.2,-44.3,892.6
420.4,-19.0,875.6
356.3, 9.9,850.7
289.4,41.0,839.9
219.6,74.3,823.2
153.8,105.0,819.1
92.6,139.6,804.5
31.1,183.4,807.8
-39.3,233.1,805.0
-112.5,287.0,812.5
-182.2,341.8,804.9
-249.8,399.9,813.3
-318.9,458.7,814.3
-382.3,516.3,830.7
-443.5,579.5,841.8
-508.2,648.3,875.0
-573.7,721.2,904.7
-638.5,796.3,956.5
-703.8,870.5,1002.7
-764.3,941.8,1060.3
-810.3,1001.0,1093.6
-836.0,1049.2,1128.7
-842.3,1081.2,1138.0
-826.5,1092.6,1149.3
-788.5,1090.9,1140.6
-739.1,1077.4,1136.3
-685.9,1048.4,1103.5
-630.6,1003.8,1069.7
-550.9,949.1,1023.4
-439.4,884.5,994.9
-314.6,805.9,951.5
-180.3,719.1,927.3
-41.1,624.1,896.8
98.3,523.0,896.3
231.5,425.1,916.0
353.0,327.1,965.1
480.6,223.2,995.6
606.1,119.0,1027.0
725.7, 9.4,1036.9
843.8,-110.6,1060.8
963.8,-232.4,1079.2
1070.5,-350.8,1112.8
1168.6,-478.4,1110.0
1267.7,-600.0,1103.7
1333.7,-685.5,1096.0
-,-,-
-3691.3,-3690.5,-3688.2
-3312.3,-3257.9,-3184.7
-2880.5,-2791.2,-2631.2
-2428.8,-2341.5,-2089.5
-1942.4,-1895.6,-1542.3
-1447.1,-1455.1,-994.2
-966.2,-1017.4,-450.8
-483.6,-563.9,108.7
-2.3,-108.8,675.2
306.5,143.1,1010.0
382.5,121.6,1044.9
442.3,95.1,1054.2
486.0,75.1,1081.4
519.3,53.4,1077.0
564.1,23.2,1084.7
619.9,-20.2,1063.9
676.5,-63.9,1067.7
719.9,-96.5,1047.4
747.8,-116.6,1043.8
757.5,-123.0,1013.2
746.3,-117.1,1004.4
714.2,-99.0,976.7
668.4,-68.7,969.6
612.5,-28.9,942.4
553.6,12.1,932.4
493.2,52.8,895.9
431.0,91.0,876.3
364.5,132.9,838.3
298.4,178.4,827.0
231.3,227.6,796.2
161.1,277.6,791.3
86.5,329.5,765.5
11.0,385.6,761.2
-69.4,443.2,735.7
-149.6,499.6,740.4
-225.1,553.3,739.3
-295.5,607.5,765.0
-367.0,664.3,780.5
-445.4,726.2,824.7
-531.6,794.4,860.4
-619.8,866.5,927.2
-702.0,933.6,978.6
-764.5,993.9,1040.9
-806.7,1042.4,1062.3
-839.9,1084.6,1094.7
-863.4,1113.3,1098.1
-869.3,1132.3,1113.0
-847.5,1137.3,1096.0
-809.4,1130.1,1077.7
-766.8,1115.8,1021.4
-733.5,1103.8,980.6
-714.1,1094.2,924.0
-686.4,1077.2,894.1
-621.4,1052.8,855.0
-511.3,1007.9,839.4
-374.3,939.8,805.2
-208.3,850.9,800.9
-10.6,739.2,804.1
212.1,599.4,844.5
454.7,436.8,878.2
684.4,286.8,945.5
868.1,147.9,996.8
990.0,22.0,1064.2
1071.1,-90.5,1109.1
1129.4,-186.5,1162.6
1158.8,-275.9,1169.9
1145.5,-352.1,1169.6
1117.0,-407.3,1129.7
1080.0,-455.7,1092.4
1034.3,-494.2,1036.7
967.0,-514.4,1009.9
870.9,-508.7,973.5
-,-,-
-3691.0,-3691.3,-3689.3
-3292.7,-3298.1,-3231.9
-2863.3,-2877.8,-2719.4
-2429.6,-2440.3,-2214.8
-2003.1,-1994.1,-1680.8
-1591.4,-1546.6,-1171.7
-1173.0,-1087.9,-629.4
-754.6,-639.4,-119.2
-317.9,-186.8,422.4
-47.1,81.5,736.3
-26.5,101.1,776.5
-2.5,113.9,788.7
30.0,120.2,836.6
67.9,126.9,860.1
100.5,133.3,917.4
130.3,139.8,943.4
159.3,144.8,995.1
185.9,149.6,1008.5
213.3,150.8,1046.1
243.2,146.4,1042.8
289.2,135.5,1063.8
354.6,105.3,1041.4
449.8,53.0,1046.7
566.1,-13.8,1025.4
688.1,-88.6,1039.2
806.6,-161.4,1019.7
916.1,-227.4,1022.2
1009.9,-284.1,982.0
1079.8,-325.3,965.4
1112.8,-340.9,911.5
1101.9,-321.4,887.1
1043.6,-266.1,828.0
940.9,-176.0,801.3
802.7,-56.2,748.2
626.3,92.6,747.5
423.7,258.7,740.1
212.3,429.9,787.3
 1.8,593.3,821.0
-209.5,746.3,895.1
-409.2,886.2,937.7
-587.0,1007.3,1011.3
-741.5,1108.0,1055.2
-878.6,1189.7,1133.5
-987.2,1249.1,1170.8
-1070.8,1287.3,1224.5
-1126.1,1304.1,1225.5
-1142.9,1300.4,1239.5
-1123.2,1276.7,1207.0
-1070.4,1235.0,1191.3
-988.5,1176.3,1131.5
-878.4,1103.5,1099.8
-745.3,1013.0,1029.4
-614.8,915.9,993.9
-521.5,828.2,937.0
-437.9,758.3,936.6
-360.7,701.9,917.4
-291.3,647.9,939.6
-217.4,587.8,924.9
-127.4,525.7,941.1
-34.0,457.7,921.4
57.8,394.4,942.0
180.2,325.7,932.7
328.2,246.2,950.3
462.1,153.1,933.3
579.4,56.3,957.0
686.3,-43.7,962.8
787.5,-146.6,1013.2
876.4,-245.0,1026.3
-,-,-
-3691.2,-3690.7,-3688.9
-3285.4,-3247.2,-3150.8
-2868.3,-2800.6,-2631.6
-2436.1,-2343.2,-2077.3
-1992.3,-1884.5,-1543.5
-1549.6,-1436.8,-992.9
-1095.3,-986.5,-457.4
-635.7,-539.7,100.2
-181.3,-105.3,621.7
88.3,119.9,920.6
123.9,106.1,916.3
140.6,92.0,943.2
142.7,78.5,947.2
137.5,68.5,974.8
125.9,62.5,971.5
105.8,60.2,986.6
84.2,61.2,976.5
63.4,64.9,992.6
48.2,67.3,977.5
47.6,64.3,977.1
57.5,58.3,948.6
69.5,48.9,944.2
92.9,37.8,922.6
132.1,27.8,936.4
181.5,15.4,932.8
236.7, 2.9,959.6
299.5,-9.6,967.5
365.7,-22.8,1002.6
432.8,-35.3,1013.3
503.8,-48.7,1043.2
574.5,-68.8,1035.5
640.7,-98.4,1036.7
695.6,-136.3,998.0
733.5,-171.3,977.4
749.2,-194.7,925.4
737.4,-207.3,896.1
710.3,-211.1,837.9
666.4,-201.4,811.3
589.9,-175.4,771.6
487.5,-128.5,774.5
367.9,-54.0,767.6
237.1,44.7,802.0
92.1,163.9,826.9
-66.4,298.8,891.9
-248.4,457.9,946.4
-456.2,633.9,1035.3
-679.4,821.8,1092.5
-896.3,1006.9,1163.3
-1096.3,1175.4,1195.7
-1267.7,1316.8,1243.4
-1390.7,1417.1,1242.8
-1449.8,1472.3,1249.2
-1439.5,1477.8,1210.7
-1361.8,1426.8,1180.7
-1223.6,1327.1,1106.5
-1036.3,1194.4,1054.6
-821.2,1044.4,982.1
-590.5,881.6,950.4
-367.9,720.6,903.9
-165.1,567.7,890.7
 8.0,425.6,853.0
156.8,304.8,862.7
278.6,205.8,875.5
398.6,112.1,944.7
518.1,13.7,991.9
633.9,-89.3,1051.8
731.8,-181.1,1067.9
793.7,-251.4,1103.8
811.0,-296.8,1104.9
-,-,-
-3691.1,-3690.3,-3688.9
-3279.6,-3222.9,-3168.8
-2855.3,-2754.4,-2615.2
-2422.3,-2281.4,-2074.2
-1986.5,-1813.3,-1511.4
-1549.0,-1357.0,-980.6
-1092.5,-896.0,-415.8
-628.3,-439.4,125.3
-169.3, 5.9,682.9
98.9,233.2,983.0
127.6,207.6,1002.2
143.9,186.3,1004.4
155.2,168.4,1024.7
165.7,147.3,1022.0
176.3,123.3,1026.5
181.8,98.6,1004.1
188.5,75.5,996.9
206.3,53.0,973.4
247.5,24.4,973.0
315.0,-15.8,963.6
405.4,-69.7,981.8
499.9,-128.8,991.6
591.7,-189.4,1022.8
687.3,-245.1,1033.2
785.8,-297.4,1055.3
873.3,-346.7,1045.4
939.1,-380.7,1042.1
974.4,-392.0,1002.5
972.5,-372.4,962.5
938.8,-322.5,891.1
874.7,-242.8,838.8
769.6,-131.8,777.6
622.7, 3.6,752.3
448.2,161.3,722.0
257.3,323.7,719.5
54.5,490.6,710.1
-146.0,651.9,737.2
-336.1,803.5,765.4
-506.4,943.9,830.7
-665.0,1074.4,893.4
-810.6,1188.3,985.0
-936.0,1280.3,1057.3
-1042.4,1352.3,1142.7
-1116.9,1400.7,1184.4
-1155.2,1426.5,1223.0
-1164.5,1431.5,1219.9
-1141.8,1413.9,1214.3
-1082.0,1372.9,1171.5
-975.6,1306.3,1132.0
-830.8,1215.5,1058.3
-670.4,1102.9,1002.5
-510.8,969.2,937.9
-345.0,833.0,920.4
-173.7,703.9,905.5
-6.5,571.7,928.0
139.0,440.0,932.7
265.8,312.8,957.6
381.8,186.0,964.2
513.0,54.6,993.1
663.5,-70.3,1004.4
799.6,-183.0,1030.4
880.6,-275.9,1037.2
915.3,-342.0,1066.1
925.2,-378.0,1078.0
929.9,-401.4,1117.5
-,-,-
-3691.3,-3690.5,-3688.8
-3284.8,-3243.0,-3158.0
-2854.2,-2798.1,-2601.4
-2403.8,-2351.9,-2060.4
-1952.2,-1909.3,-1502.7
-1511.1,-1475.7,-979.1
-1065.0,-1033.2,-424.3
-629.6,-598.3,104.5
-189.9,-157.2,668.0
54.6,64.4,959.4
66.1,43.5,961.0
67.8,24.1,957.0
68.2, 4.0,963.2
80.3,-15.8,969.3
101.0,-36.2,983.7
126.9,-62.8,985.7
164.1,-93.5,992.7
219.4,-129.4,992.9
287.5,-176.8,1001.6
357.8,-235.3,1000.6
438.5,-292.9,1013.2
531.3,-347.0,1017.1
627.1,-400.0,1031.8
719.4,-442.0,1042.7
802.4,-467.9,1064.0
865.4,-476.2,1064.7
906.5,-458.9,1062.4
922.5,-408.4,1038.3
905.8,-324.5,1007.5
847.9,-221.4,947.1
754.4,-101.9,884.7
629.6,36.5,806.5
484.9,184.7,748.7
319.2,343.3,697.3
133.6,506.3,675.8
-71.1,673.3,668.4
-273.9,832.2,697.9
-470.9,981.4,740.9
-662.6,1120.0,813.0
-859.0,1253.6,886.9
-1055.0,1375.0,971.3
-1226.2,1461.1,1024.1
-1348.7,1509.2,1069.5
-1406.9,1521.4,1086.4
-1415.9,1503.1,1101.5
-1384.6,1463.8,1102.3
-1308.7,1402.9,1118.0
-1181.1,1319.3,1121.3
-991.0,1201.6,1128.5
-756.7,1056.2,1111.8
-518.5,908.0,1105.2
-297.6,755.9,1083.1
-102.6,614.9,1075.5
68.7,480.6,1049.9
214.3,352.8,1037.5
340.5,242.1,1025.5
448.9,135.9,1037.4
534.1,41.6,1042.9
604.7,-37.6,1059.3
654.9,-105.0,1054.0
686.5,-160.9,1053.9
705.1,-217.3,1027.8
723.0,-262.7,1009.5
745.2,-308.8,968.5
-,-,-
-3691.0,-3690.7,-3688.7
-3264.6,-3239.4,-3162.1
-2825.3,-2787.5,-2610.9
-2392.0,-2345.7,-2096.9
-1950.2,-1896.1,-1550.0
-1512.1,-1443.8,-1023.3
-1088.5,-996.7,-476.9
-668.4,-542.9,57.3
-245.9,-88.6,620.9
-27.6,133.6,895.9
-25.4,125.4,915.2
-19.6,116.2,910.8
-4.2,104.3,936.4
23.5,84.2,938.0
69.5,55.3,965.3
139.3,23.1,966.9
231.1,-11.4,994.8
326.4,-54.2,992.9
423.2,-102.9,1019.8
517.8,-156.2,1024.3
602.5,-206.8,1052.0
676.5,-248.8,1042.4
737.3,-275.8,1049.1
774.7,-287.4,1020.9
785.7,-283.7,1014.0
766.5,-262.7,979.0
731.7,-225.1,961.3
692.3,-175.0,905.1
647.8,-118.6,867.7
595.4,-53.3,807.6
530.9,23.3,796.0
453.2,107.9,776.9
361.2,197.7,794.3
261.5,287.4,774.4
161.0,382.3,776.0
46.5,487.1,753.3
-80.3,604.1,770.5
-231.5,738.2,777.2
-405.1,877.5,823.4
-586.9,1011.8,854.0
-758.3,1132.0,921.7
-914.5,1239.3,977.1
-1049.4,1332.2,1075.5
-1159.4,1407.7,1147.2
-1240.6,1461.8,1243.4
-1274.0,1487.2,1294.7
-1247.8,1479.9,1349.7
-1165.2,1440.3,1337.6
-1036.4,1376.1,1316.3
-872.0,1292.3,1238.2
-679.1,1189.9,1174.2
-491.1,1078.1,1083.2
-331.7,967.4,1040.7
-186.1,856.2,988.9
-42.7,739.1,977.0
96.1,613.2,937.8
229.1,474.5,923.5
347.1,332.7,878.9
452.6,203.4,872.6
545.8,88.8,849.2
641.9,-22.9,870.7
744.2,-139.6,864.4
832.9,-256.1,879.2
899.1,-362.7,861.3
944.0,-447.6,883.5
966.6,-503.0,891.1
961.3,-537.4,938.8
-,-,-
-3691.4,-3690.5,-3689.3
-3293.6,-3222.7,-3171.1
-2892.1,-2757.9,-2640.2
-2478.9,-2286.0,-2100.4
-2054.2,-1815.7,-1544.2
-1629.8,-1358.4,-1004.8
-1189.4,-899.9,-447.8
-742.6,-449.5,96.9
-298.8,-15.1,641.4
-33.6,192.9,940.0
24.8,151.5,952.4
84.7,105.4,967.2
135.3,61.2,962.0
170.4,20.6,968.0
192.8,-11.7,965.6
209.4,-35.9,979.0
222.6,-52.2,980.7
229.7,-66.5,988.7
240.5,-78.7,988.3
260.4,-89.9,1004.1
288.2,-105.8,1010.1
333.1,-133.3,1026.4
399.7,-166.3,1032.3
470.2,-200.9,1048.2
531.3,-232.2,1046.7
587.4,-258.3,1046.5
637.7,-281.7,1025.3
678.7,-297.8,997.9
716.3,-313.5,949.9
754.3,-318.6,911.3
777.5,-301.1,874.9
784.1,-265.9,853.1
779.8,-212.4,821.8
754.2,-131.9,804.9
686.3,-19.2,777.9
563.6,127.3,761.9
391.1,299.6,760.0
171.4,498.8,797.8
-76.6,697.5,838.6
-337.4,894.2,885.8
-602.1,1081.8,921.7
-868.6,1253.1,959.8
-1109.7,1395.5,994.1
-1304.1,1501.9,1047.4
-1439.1,1565.2,1082.1
-1510.2,1588.1,1093.3
-1523.3,1580.9,1069.8
-1492.6,1547.1,1038.5
-1422.6,1493.1,1000.4
-1299.9,1410.8,975.7
-1122.4,1296.8,942.2
-910.8,1154.7,906.3
-672.1,995.6,860.1
-424.7,833.2,831.2
-194.1,671.4,802.8
22.4,512.5,789.1
211.7,364.7,775.3
368.2,230.9,777.3
498.0,123.5,792.5
619.5,34.7,847.4
737.5,-43.8,924.9
851.2,-122.3,1018.0
956.3,-199.5,1097.3
1047.6,-276.2,1168.1
