-,-,-
128.5,-358.7,1426.9
-195.2,-531.7,917.4
-149.2,-907.9,966.6
-277.7,-890.4,1071.4
-25.4,-534.9,887.3
30.1,-120.6,965.0
307.9,157.1,1038.1
-74.6,155.5,1276.1
53.9,204.7,1244.4
-103.1,84.1,1120.6
-150.7,-53.9,987.3
-47.6,-128.5,1046.0
-128.5,-177.7,1141.2
158.7,-77.7,1165.0
82.5,-17.4,1171.4
385.7,155.5,1093.6
-47.6,74.6,1244.4
73.0,73.0,1071.4
349.2,25.4,920.6
-404.7,-334.9,965.0
-,-,-
80.9,-555.5,1469.8
-47.6,-485.7,922.2
-487.3,-779.3,936.5
-434.9,-653.9,846.0
-79.3,-407.9,895.2
1.5,-176.1,987.3
-19.0,-20.6,968.2
84.1,131.7,893.6
-104.7,152.3,971.4
60.3,207.9,1252.3
150.7,209.5,1349.2
22.2,146.0,1293.6
128.5,106.3,1142.8
174.6,123.8,1112.7
330.1,161.9,1036.5
180.9,49.2,1100.0
79.3,73.0,920.6
-42.8,-98.4,922.2
-174.6,-153.9,892.0
-174.6,-479.3,992.0
-231.7,-458.7,949.2
149.2,-550.7,815.8
-,-,-
-26.9,-552.3,1493.6
-146.0,-628.5,996.8
-504.7,-838.1,1019.0
-146.0,-658.7,871.4
-46.0,-452.3,865.0
98.4,-223.8,936.5
76.1,23.8,960.3
73.0,77.7,993.6
-222.2,49.2,1046.0
-26.9,176.1,1100.0
23.8,223.8,1222.2
-22.2,211.1,1296.8
23.8,209.5,1147.6
152.3,207.9,1122.2
104.7,179.3,1122.2
104.7,184.1,1022.2
122.2,133.3,1093.6
-46.0,20.6,934.9
-46.0,-52.3,895.2
130.1,-177.7,858.7
-,-,-
-68.2,-609.5,1457.1
-71.4,-561.9,946.0
-126.9,-709.5,987.3
-404.7,-812.7,946.0
-428.5,-790.4,888.8
-173.0,-482.5,863.4
204.7,-171.4,860.3
160.3,109.5,969.8
255.5,279.3,1290.4
130.1,261.9,1225.4
6.3,200.0,1265.0
1.5,177.7,1139.6
107.9,109.5,1074.6
147.6,50.7,1171.4
111.1,47.6,1123.8
352.3,101.5,1061.9
173.0,33.3,1193.6
226.9,28.5,1009.5
-76.1,-173.0,888.8
-406.3,-407.9,782.5
-301.5,-503.1,563.4
-404.7,-604.7,1071.4
-,-,-
-104.7,-398.4,1417.4
-122.2,-461.9,939.6
-322.2,-660.3,869.8
-396.8,-714.2,871.4
-457.1,-685.7,838.1
-204.7,-450.7,944.4
180.9,-101.5,936.5
209.5,6.3,1149.2
403.1,203.1,1226.9
250.7,128.5,1304.7
174.6,42.8,1292.0
352.3,-23.8,1168.2
284.1,-120.6,1123.8
460.3,-28.5,1220.6
528.5,71.4,1168.2
612.7,-47.6,1195.2
404.7,-323.8,1044.4
-50.7,-688.8,1049.2
-,-,-
53.9,-426.9,1428.5
-128.5,-452.3,893.6
-17.4,-530.1,1014.2
-298.4,-650.7,996.8
-206.3,-663.4,911.1
-231.7,-630.1,887.3
-20.6,-384.1,893.6
152.3,-96.8,885.7
133.3,98.4,1020.6
203.1,309.5,995.2
225.4,274.6,1393.6
331.7,338.1,1476.1
336.5,249.2,1301.5
333.3,136.5,1195.2
461.9,128.5,1238.1
334.9,123.8,1038.1
563.4,82.5,988.8
307.9,-98.4,1301.5
182.5,-334.9,914.2
-,-,-
-1.5,-477.7,1479.3
-206.3,-477.7,944.4
-46.0,-431.7,965.0
-101.5,-509.5,919.0
-306.3,-688.8,1023.8
-152.3,-609.5,890.4
-104.7,-479.3,895.2
57.1,-150.7,846.0
234.9,258.7,923.8
22.2,304.7,1046.0
57.1,334.9,1379.3
79.3,326.9,1350.7
279.3,311.1,1246.0
228.5,411.1,1277.7
388.8,206.3,1342.8
490.4,260.3,1092.0
277.7,147.6,1201.5
355.5,211.1,1023.8
382.5,-47.6,938.1
-246.0,-739.6,941.2
-,-,-
69.8,-306.3,1442.8
52.3,-247.6,969.8
-130.1,-353.9,960.3
-204.7,-476.1,961.9
-398.4,-680.9,842.8
-280.9,-676.1,846.0
33.3,-433.3,842.8
47.6,-49.2,939.6
304.7,236.5,969.8
198.4,450.7,1073.0
306.3,403.1,1350.7
123.8,274.6,1325.4
365.0,263.4,1268.2
231.7,131.7,1323.8
361.9,176.1,1396.8
511.1,233.3,1139.6
653.9,182.5,1009.5
149.2,-250.7,1192.0
236.5,-304.7,884.1
-449.2,-882.5,644.4
-,-,-
150.7,-485.7,1582.5
109.5,-250.7,936.5
-42.8,-328.5,998.4
-104.7,-387.3,992.0
-146.0,-506.3,915.8
-103.1,-560.3,944.4
-155.5,-477.7,817.4
0.0,-226.9,911.1
225.4,209.5,869.8
25.4,360.3,993.6
179.3,482.5,1174.6
23.8,407.9,1426.9
263.4,461.9,1301.5
306.3,385.7,1292.0
260.3,284.1,1398.4
530.1,428.5,1249.2
685.7,385.7,961.9
-,-,-
80.9,-400.0,1425.4
-49.2,-352.3,987.3
-42.8,-453.9,1019.0
-147.6,-639.6,1022.2
-80.9,-688.8,923.8
-98.4,-601.5,812.7
-46.0,-371.4,763.4
28.5,177.7,885.7
-79.3,228.5,1014.2
84.1,360.3,1144.4
261.9,377.7,1298.4
25.4,253.9,1328.5
179.3,230.1,1223.8
252.3,226.9,1247.6
412.7,312.7,1347.6
631.7,380.9,1196.8
430.1,30.1,1076.1
-120.6,-449.2,1023.8
-,-,-
103.1,-461.9,1531.7
-171.4,-525.4,920.6
-169.8,-611.1,868.2
-276.1,-655.5,896.8
-123.8,-474.6,814.2
-147.6,-258.7,893.6
-22.2,-77.7,990.4
157.1,130.1,1066.6
20.6,100.0,1200.0
134.9,228.5,1093.6
133.3,206.3,1163.4
104.7,177.7,1195.2
407.9,276.1,1346.0
565.0,326.9,1426.9
412.7,385.7,1323.8
439.6,312.7,965.0
53.9,-200.0,685.7
-,-,-
-19.0,-349.2,1447.6
-146.0,-380.9,1017.4
-119.0,-433.3,995.2
-96.8,-484.1,941.2
-180.9,-511.1,917.4
-104.7,-423.8,819.0
-147.6,-249.2,836.5
123.8,73.0,893.6
-30.1,203.1,1025.4
206.3,555.5,1303.1
306.3,557.1,1546.0
338.1,409.5,1374.6
236.5,258.7,1225.4
130.1,255.5,1176.1
407.9,300.0,960.3
98.4,134.9,1112.7
460.3,1.5,860.3
-,-,-
258.7,-528.5,1503.1
-144.4,-501.5,1041.2
23.8,-507.9,1042.8
-20.6,-561.9,992.0
-104.7,-512.7,938.1
-73.0,-373.0,869.8
-52.3,-257.1,961.9
130.1,-46.0,861.9
-50.7,49.2,965.0
-106.3,98.4,1020.6
-96.8,158.7,1200.0
31.7,353.9,1249.2
312.7,431.7,1347.6
515.8,457.1,1222.2
377.7,331.7,1242.8
184.1,301.5,1193.6
6.3,225.4,785.7
28.5,-76.1,792.0
-,-,-
-3.1,-476.1,1546.0
-150.7,-355.5,966.6
-128.5,-447.6,968.2
-201.5,-549.2,1014.2
-119.0,-557.1,938.1
-71.4,-422.2,890.4
-157.1,-258.7,934.9
47.6,33.3,887.3
6.3,161.9,919.0
155.5,333.3,965.0
3.1,307.9,1274.6
228.5,503.1,1400.0
209.5,361.9,1422.2
306.3,331.7,1244.4
511.1,330.1,1146.0
200.0,258.7,1012.7
174.6,285.7,869.8
57.1,136.5,819.0
-1.5,-220.6,890.4
-146.0,-487.3,838.1
-409.5,-782.5,792.0
-,-,-
80.9,-325.4,1547.6
-46.0,-301.5,941.2
-47.6,-331.7,985.7
-52.3,-426.9,944.4
-150.7,-614.2,947.6
-104.7,-739.6,892.0
-128.5,-585.7,868.2
-74.6,-377.7,846.0
109.5,57.1,946.0
74.6,274.6,960.3
228.5,433.3,1220.6
55.5,409.5,1476.1
123.8,377.7,1369.8
231.7,277.7,1223.8
382.5,273.0,1192.0
403.1,300.0,1149.2
211.1,363.4,958.7
301.5,261.9,860.3
-77.7,-79.3,887.3
-323.8,-553.9,746.0
-328.5,-738.1,787.3
-423.8,-766.6,1042.8
-122.2,-511.1,1123.8
-22.2,-257.1,1015.8
-,-,-
100.0,-350.7,1528.5
-80.9,-357.1,968.2
-123.8,-538.1,963.4
-222.2,-679.3,987.3
-150.7,-533.3,869.8
-255.5,-277.7,869.8
149.2,122.2,769.8
-3.1,228.5,1017.4
128.5,407.9,1163.4
274.6,606.3,1347.6
182.5,561.9,1480.9
301.5,455.5,1330.1
236.5,353.9,1220.6
211.1,363.4,969.8
279.3,304.7,836.5
76.1,55.5,817.4
358.7,-220.6,809.5
-271.4,-638.1,847.6
-206.3,-734.9,895.2
-347.6,-665.0,1034.9
-228.5,-401.5,1093.6
-49.2,-222.2,987.3
-,-,-
147.6,-430.1,1525.4
-79.3,-457.1,990.4
-247.6,-614.2,936.5
-174.6,-638.1,990.4
-1.5,-504.7,814.2
-4.7,-250.7,1011.1
33.3,-3.1,914.2
77.7,255.5,1044.4
180.9,379.3,1165.0
103.1,288.8,1203.1
201.5,363.4,1200.0
377.7,350.7,1142.8
404.7,309.5,1176.1
379.3,311.1,1244.4
338.1,338.1,971.4
23.8,84.1,949.2
-225.4,-126.9,839.6
-122.2,-255.5,887.3
47.6,-536.5,939.6
-,-,-
74.6,-455.5,1498.4
-19.0,-509.5,946.0
-30.1,-536.5,969.8
-104.7,-557.1,946.0
-144.4,-461.9,892.0
-20.6,-257.1,796.8
-126.9,-49.2,911.1
133.3,128.5,998.4
0.0,453.9,1195.2
28.5,514.2,1449.2
6.3,485.7,1453.9
200.0,455.5,1177.7
415.8,385.7,1092.0
261.9,223.8,1020.6
377.7,207.9,863.4
58.7,-44.4,920.6
20.6,-200.0,761.9
233.3,-630.1,685.7
-630.1,-815.8,1017.4
-,-,-
158.7,-565.0,1600.0
-26.9,-428.5,1012.7
33.3,-400.0,971.4
-169.8,-539.6,922.2
-149.2,-588.8,912.7
-125.4,-509.5,890.4
-26.9,-325.4,785.7
80.9,-1.5,814.2
-174.6,158.7,961.9
152.3,438.1,1144.4
31.7,401.5,1401.5
101.5,452.3,1342.8
250.7,400.0,1315.8
203.1,301.5,1222.2
309.5,279.3,1268.2
174.6,250.7,1036.5
257.1,228.5,860.3
80.9,31.7,817.4
304.7,-206.3,912.7
-373.0,-604.7,730.1
-,-,-
131.7,-347.6,1430.1
-76.1,-422.2,944.4
-47.6,-423.8,936.5
-195.2,-612.7,936.5
-103.1,-534.9,788.8
-146.0,-433.3,961.9
-49.2,-95.2,917.4
-20.6,130.1,909.5
53.9,331.7,1114.2
7.9,365.0,1319.0
106.3,336.5,1352.3
233.3,288.8,1263.4
355.5,255.5,1152.3
358.7,225.4,1198.4
201.5,180.9,1034.9
225.4,128.5,996.8
52.3,-42.8,1073.0
134.9,-73.0,847.6
82.5,-257.1,868.2
-120.6,-282.5,555.5
-,-,-
201.5,-530.1,1550.7
-198.4,-479.3,946.0
-126.9,-560.3,969.8
-76.1,-531.7,944.4
-49.2,-426.9,965.0
25.4,-131.7,861.9
-93.6,25.4,936.5
134.9,209.5,963.4
149.2,258.7,1222.2
280.9,357.1,1144.4
149.2,260.3,1293.6
411.1,253.9,1144.4
490.4,212.7,1171.4
404.7,179.3,1165.0
357.1,179.3,1117.4
149.2,76.1,1063.4
225.4,-3.1,971.4
122.2,-255.5,963.4
-279.3,-379.3,857.1
-,-,-
107.9,-611.1,1553.9
128.5,-406.3,1014.2
-25.4,-511.1,971.4
-96.8,-633.3,969.8
-147.6,-682.5,995.2
-120.6,-530.1,969.8
100.0,-257.1,787.3
177.7,-28.5,960.3
304.7,431.7,922.2
6.3,411.1,1047.6
-120.6,411.1,1122.2
-79.3,504.7,1269.8
33.3,382.5,1119.0
211.1,303.1,1150.7
209.5,250.7,1093.6
150.7,184.1,968.2
300.0,203.1,1020.6
390.4,160.3,846.0
380.9,-1.5,942.8
171.4,-231.7,923.8
-96.8,-474.6,938.1
-,-,-
126.9,-500.0,1455.5
-47.6,-434.9,922.2
-120.6,-579.3,946.0
3.1,-584.1,1020.6
-130.1,-550.7,939.6
-1.5,-325.4,988.8
98.4,26.9,890.4
-119.0,77.7,1019.0
-68.2,280.9,968.2
-20.6,261.9,1139.6
49.2,331.7,1222.2
274.6,376.1,1098.4
182.5,279.3,1269.8
426.9,277.7,1290.4
438.1,276.1,1065.0
361.9,233.3,833.3
-22.2,-22.2,936.5
-50.7,-128.5,857.1
-,-,-
96.8,-563.4,1471.4
31.7,-423.8,985.7
-179.3,-576.1,1042.8
-126.9,-582.5,1014.2
-169.8,-534.9,890.4
-30.1,-276.1,814.2
104.7,-22.2,788.8
-126.9,134.9,969.8
274.6,303.1,1096.8
130.1,287.3,1268.2
350.7,333.3,1398.4
253.9,200.0,1373.0
233.3,109.5,1319.0
406.3,57.1,1273.0
160.3,-26.9,1114.2
260.3,50.7,973.0
261.9,6.3,842.8
57.1,-126.9,860.3
76.1,-304.7,834.9
-,-,-
122.2,-511.1,1503.1
77.7,-304.7,869.8
-201.5,-506.3,866.6
-119.0,-561.9,965.0
-223.8,-638.1,971.4
-150.7,-453.9,1073.0
379.3,-104.7,992.0
57.1,157.1,941.2
222.2,349.2,998.4
58.7,328.5,1196.8
201.5,338.1,1222.2
174.6,260.3,1273.0
234.9,200.0,1215.8
353.9,176.1,1215.8
403.1,149.2,1269.8
404.7,158.7,1119.0
458.7,155.5,1023.8
-17.4,-50.7,1122.2
226.9,3.1,936.5
261.9,-204.7,861.9
-228.5,-504.7,812.7
-,-,-
96.8,-426.9,1450.7
-226.9,-539.6,961.9
-203.1,-576.1,895.2
-176.1,-528.5,893.6
7.9,-360.3,844.4
-103.1,-46.0,923.8
-17.4,149.2,966.6
9.5,228.5,973.0
207.9,334.9,1095.2
28.5,304.7,1265.0
223.8,352.3,1355.5
152.3,257.1,1342.8
360.3,274.6,1303.1
355.5,228.5,1147.6
357.1,179.3,888.8
233.3,28.5,909.5
133.3,-152.3,961.9
-206.3,-303.1,919.0
-376.1,-484.1,820.6
-,-,-
147.6,-304.7,1452.3
-101.5,-280.9,938.1
-147.6,-304.7,941.2
-117.4,-379.3,969.8
1.5,-374.6,988.8
57.1,-334.9,990.4
-23.8,-223.8,938.1
22.2,7.9,895.2
-204.7,131.7,890.4
53.9,453.9,1119.0
33.3,488.8,1377.7
260.3,536.5,1326.9
352.3,385.7,1173.0
226.9,200.0,1147.6
223.8,155.5,958.7
107.9,100.0,968.2
234.9,71.4,1098.4
82.5,34.9,966.6
384.1,26.9,988.8
-119.0,-303.1,995.2
-,-,-
101.5,-480.9,1403.1
28.5,-307.9,834.9
-79.3,-531.7,971.4
46.0,-511.1,996.8
-23.8,-452.3,1014.2
76.1,-274.6,912.7
-1.5,-46.0,973.0
-182.5,84.1,1061.9
-146.0,363.4,1074.6
-206.3,306.3,1342.8
0.0,382.5,1277.7
155.5,353.9,1165.0
236.5,257.1,1146.0
249.2,252.3,1200.0
303.1,249.2,1073.0
457.1,180.9,993.6
0.0,-50.7,1071.4
-,-,-
179.3,-457.1,1544.4
-152.3,-577.7,866.6
-123.8,-630.1,944.4
-100.0,-628.5,949.2
50.7,-485.7,1039.6
52.3,-231.7,885.7
26.9,-30.1,834.9
-52.3,160.3,858.7
-50.7,255.5,1090.4
-101.5,426.9,1271.4
-195.2,328.5,1350.7
50.7,307.9,1193.6
34.9,409.5,1149.2
253.9,180.9,1088.8
363.4,176.1,990.4
323.8,49.2,966.6
149.2,-169.8,990.4
-277.7,-303.1,942.8
282.5,-398.4,922.2
-,-,-
-20.6,-460.3,1326.9
-52.3,-326.9,966.6
-26.9,-357.1,985.7
-28.5,-380.9,936.5
-30.1,-433.3,958.7
-30.1,-398.4,888.8
7.9,-307.9,922.2
-73.0,-128.5,887.3
-146.0,73.0,842.8
126.9,311.1,1041.2
176.1,387.3,1320.6
49.2,285.7,1346.0
177.7,387.3,1273.0
284.1,277.7,1174.6
253.9,182.5,1139.6
325.4,201.5,1015.8
384.1,133.3,1074.6
46.0,-4.7,1036.5
936.5,79.3,1114.2
-382.5,-707.9,1115.8
-,-,-
30.1,-401.5,1447.6
-79.3,-325.4,974.6
-261.9,-434.9,988.8
-204.7,-484.1,957.1
-22.2,-379.3,811.1
-122.2,-274.6,807.9
-198.4,-28.5,838.1
104.7,228.5,1009.5
158.7,358.7,1219.0
330.1,404.7,1403.1
414.2,379.3,1449.2
301.5,277.7,1419.0
236.5,149.2,1369.8
303.1,133.3,1044.4
479.3,107.9,892.0
-22.2,-125.4,971.4
-19.0,-150.7,782.5
128.5,-453.9,784.1
-,-,-
107.9,-607.9,1474.6
-171.4,-480.9,915.8
-180.9,-530.1,895.2
-98.4,-460.3,896.8
-50.7,-326.9,844.4
-96.8,-150.7,846.0
-3.1,-3.1,938.1
-153.9,158.7,1117.4
280.9,363.4,1326.9
76.1,250.7,1473.0
301.5,300.0,1376.1
260.3,182.5,1250.7
173.0,98.4,1149.2
131.7,73.0,1174.6
120.6,100.0,969.8
261.9,57.1,896.8
-23.8,-195.2,1025.4
-130.1,-225.4,842.8
326.9,-249.2,814.2
-425.4,-536.5,938.1
-,-,-
22.2,-430.1,1517.4
-103.1,-407.9,973.0
-252.3,-534.9,946.0
-149.2,-612.7,844.4
-104.7,-500.0,792.0
-177.7,-503.1,834.9
-130.1,-358.7,949.2
125.4,53.9,942.8
22.2,179.3,1149.2
225.4,355.5,1279.3
147.6,284.1,1400.0
234.9,285.7,1330.1
485.7,231.7,1115.8
384.1,79.3,1246.0
238.1,-3.1,1122.2
358.7,4.7,893.6
22.2,-155.5,941.2
-103.1,-155.5,985.7
73.0,-280.9,819.0
-582.5,-565.0,1015.8
-,-,-
-44.4,-579.3,1444.4
-174.6,-433.3,869.8
-171.4,-484.1,895.2
-225.4,-482.5,1012.7
7.9,-377.7,1011.1
-130.1,-300.0,895.2
22.2,-182.5,963.4
-71.4,31.7,865.0
-52.3,301.5,1063.4
107.9,382.5,1142.8
177.7,430.1,1449.2
277.7,361.9,1292.0
225.4,176.1,1219.0
255.5,123.8,1215.8
455.5,160.3,1100.0
258.7,73.0,1146.0
-120.6,6.3,1319.0
361.9,-66.6,1074.6
-,-,-
74.6,-633.3,1428.5
-198.4,-485.7,893.6
-223.8,-553.9,987.3
-173.0,-531.7,969.8
-104.7,-479.3,1023.8
73.0,-144.4,885.7
-73.0,82.5,947.6
277.7,377.7,890.4
31.7,382.5,1073.0
363.4,477.7,1353.9
355.5,482.5,1558.7
387.3,406.3,1446.0
358.7,279.3,1314.2
147.6,171.4,1041.2
434.9,223.8,812.7
98.4,-119.0,787.3
-49.2,-180.9,888.8
355.5,-431.7,719.0
-657.1,-841.2,907.9
-455.5,-731.7,1012.7
-453.9,-504.7,1196.8
-,-,-
100.0,-463.4,1544.4
-209.5,-501.5,866.6
-100.0,-628.5,866.6
-476.1,-726.9,1073.0
-74.6,-580.9,969.8
-95.2,-257.1,817.4
173.0,-3.1,941.2
200.0,309.5,1023.8
455.5,377.7,1036.5
58.7,231.7,1274.6
409.5,258.7,1253.9
185.7,73.0,1469.8
260.3,122.2,1323.8
326.9,174.6,1196.8
184.1,200.0,965.0
334.9,176.1,995.2
122.2,25.4,838.1
33.3,-195.2,788.8
-103.1,-607.9,893.6
-423.8,-857.1,719.0
-,-,-
-23.8,-384.1,1528.5
-73.0,-326.9,961.9
-300.0,-428.5,944.4
-323.8,-477.7,920.6
-77.7,-358.7,860.3
-131.7,-284.1,863.4
-96.8,-95.2,885.7
-271.4,44.4,987.3
-177.7,203.1,965.0
50.7,306.3,1165.0
101.5,333.3,1273.0
206.3,382.5,1347.6
206.3,306.3,1176.1
258.7,231.7,1244.4
158.7,179.3,1228.5
185.7,176.1,1041.2
225.4,155.5,1019.0
160.3,30.1,1061.9
282.5,-125.4,868.2
-153.9,-428.5,984.1
-330.1,-463.4,842.8
-,-,-
-71.4,-404.7,1476.1
-123.8,-206.3,963.4
-123.8,-253.9,987.3
-125.4,-352.3,993.6
-206.3,-460.3,961.9
-173.0,-503.1,911.1
-146.0,-404.7,809.5
-196.8,-223.8,846.0
58.7,84.1,1000.0
-79.3,236.5,1012.7
28.5,363.4,1152.3
57.1,328.5,1269.8
79.3,274.6,1217.4
177.7,231.7,1017.4
155.5,150.7,1141.2
312.7,200.0,1176.1
182.5,236.5,1173.0
47.6,279.3,973.0
206.3,225.4,1125.4
-144.4,126.9,996.8
74.6,22.2,985.7
123.8,-244.4,1012.7
-476.1,-384.1,968.2
-,-,-
149.2,-482.5,1501.5
-50.7,-376.1,1047.6
-73.0,-426.9,922.2
-126.9,-504.7,1011.1
-155.5,-588.8,917.4
-98.4,-452.3,820.6
-4.7,-304.7,858.7
-219.0,-17.4,847.6
125.4,223.8,966.6
-22.2,350.7,1166.6
285.7,463.4,1317.4
365.0,426.9,1373.0
273.0,282.5,1163.4
223.8,200.0,1165.0
130.1,182.5,1039.6
55.5,177.7,1009.5
55.5,31.7,920.6
0.0,-93.6,917.4
226.9,-150.7,1044.4
-152.3,-382.5,885.7
-209.5,-331.7,946.0
-125.4,-430.1,920.6
-484.1,-460.3,966.6
-204.7,-377.7,807.9
-,-,-
-66.6,-330.1,1393.6
-49.2,-171.4,942.8
-173.0,-350.7,971.4
-196.8,-474.6,944.4
-249.2,-557.1,911.1
-17.4,-403.1,768.2
-95.2,-280.9,1017.4
131.7,50.7,973.0
96.8,274.6,1300.0
349.2,433.3,1265.0
150.7,333.3,1138.1
258.7,338.1,1190.4
211.1,285.7,1066.6
334.9,252.3,1149.2
258.7,234.9,1142.8
503.1,225.4,892.0
434.9,73.0,1090.4
-73.0,-100.0,968.2
203.1,-204.7,866.6
-350.7,-588.8,968.2