-,-,-
606.3,277.8,871.4
511.1,325.4,655.6
534.9,361.9,658.7
557.1,407.9,658.7
593.7,385.7,639.7
666.7,334.9,614.3
769.8,261.9,639.7
809.5,250.8,631.7
739.7,236.5,539.7
642.9,301.6,585.7
604.8,300.0,557.1
604.8,279.4,531.7
634.9,279.4,530.2
733.3, 6.3,533.3
766.7,206.3,511.1
839.7,173.0,533.3
884.1,150.8,533.3
907.9,154.0,554.0
866.7,154.0,534.9
841.3,174.6,504.8
841.3,109.5,479.4
885.7,73.0,458.7
907.9,55.6,458.7
947.6,47.6,476.2
1011.1, 0.0,507.9
1039.7,-27.0,515.9
1014.3,-54.0,504.8
990.5,-100.0,487.3
939.7,-104.8,488.9
887.3,-69.8,534.9
863.5,-28.6,581.0
842.9,-47.6,582.5
790.5,-46.0,587.3
841.3,255.6,581.0
842.9,-76.2,538.1
914.3,-131.7,531.7
971.4,-231.7,534.9
995.2,-349.2,885.7
909.5,-404.8,609.5
763.5,-382.5,639.7
607.9,-349.2,684.1
481.0,-274.6,715.9
387.3,-276.2,739.7
381.0,-244.4,787.3
430.2,-252.4,865.1
487.3,-274.6,939.7
530.2,-282.5,992.1
511.1,-282.5,1044.4
450.8,-271.4,1046.0
388.9,-74.6,1015.9
333.3,-298.4,963.5
306.3,-284.1,934.9
309.5,-301.6,865.1
306.3,-252.4,861.9
357.1,-201.6,907.9
455.6,-142.9,974.6
514.3,-104.8,1025.4
533.3,-74.6,1047.6
490.5,-52.4,1014.3
455.6,-50.8,946.0
454.0,-52.4,911.1
461.9,-27.0,887.3
438.1,50.8,892.1
465.1,128.6,861.9
477.8,149.2,971.4
492.1,184.1,995.2
506.3,176.2,990.5
531.7,152.4,985.7
534.9,161.9,968.3
507.9,231.7,971.4
427.0,330.2,946.0
361.9,388.9,893.7
379.4,401.6,844.4
461.9,336.5,838.1
606.3,273.0,834.9
693.7,250.8,844.4
733.3,231.7,865.1
709.5,238.1,846.0
609.5,309.5,819.0
488.9,387.3,815.9
379.4,481.0,768.3
325.4,514.3,717.5
387.3,482.5,690.5
492.1,433.3,669.8
636.5,358.7,665.1
763.5,301.6,665.1
790.5,307.9,668.3
731.7,381.0,687.3
603.2,434.9,657.1
509.5,463.5,609.5
361.9,481.0,581.0
361.9,476.2,560.3
504.8,388.9,558.7
690.5,230.2,563.5
871.4,174.6,590.5
846.0,276.2,634.9
733.3,384.1,634.9
603.2,409.5,563.5
487.3,388.9,511.1
466.7,381.0,507.9
509.5,381.0,515.9
634.9,352.4,577.8
768.3,300.0,607.9
846.0,276.2,612.7
858.7,261.9,611.1
814.3,274.6,590.5
741.3,260.3,558.7
638.1,288.9,515.9
534.9,328.6,507.9
512.7,330.2,514.3
538.1,334.9,555.6
636.5,301.6,593.7
719.0,236.5,631.7
763.5,157.1,614.3
-,-,-
687.3,457.1,719.0
585.7,381.0,606.3
611.1,349.2,581.0
638.1,381.0,590.5
665.1,409.5,611.1
663.5,425.4,592.1
639.7,412.7,565.1
617.5,357.1,514.3
587.3,311.1,503.2
587.3,287.3,477.8
634.9,257.1,457.1
738.1,223.8,461.9
809.5,200.0,479.4
847.6,198.4,501.6
844.4,206.3,482.5
812.7,230.2,487.3
790.5,223.8,460.3
807.9,131.7,388.9
860.3,104.8,403.2
893.7,76.2,377.8
960.3,22.2,352.4
1014.3,-23.8,358.7
1012.7,-96.8,357.1
960.3,-120.6,350.8
920.6,-144.4,377.8
907.9,-144.4,365.1
895.2,-169.8,330.2
936.5,-169.8,357.1
971.4,-195.2,430.2
1036.5,-206.3,438.1
1063.5,-276.2,430.2
1066.7,-285.7,454.0
1015.9,-273.0,477.8
939.7,-255.6,461.9
866.7,-231.7,457.1
844.4,-171.4,457.1
860.3,-152.4,479.4
860.3,-169.8,515.9
820.6,-152.4,536.5
819.0,-200.0,585.7
809.5,128.6,612.7
692.1,-333.3,607.9
765.1,-382.5,585.7
738.1,-376.2,617.5
707.9,-331.7,663.5
682.5,-271.4,712.7
668.3,-219.0,787.3
639.7,-181.0,860.3
560.3,-155.6,884.1
488.9,-198.4,869.8
461.9,-279.4,860.3
433.3,-323.8,833.3
411.1,-349.2,838.1
412.7,-306.3,858.7
431.7,-271.4,890.5
458.7,-249.2,944.4
433.3,-157.1,971.4
376.2,-69.8,993.7
328.6, 6.3,992.1
327.0,25.4,966.7
357.1, 3.2,946.0
406.3,-15.9,922.2
488.9,-42.9,941.3
585.7,-46.0,963.5
585.7,22.2,996.8
560.3,79.4,1014.3
506.3,152.4,1011.1
465.1,185.7,969.8
434.9,414.3,938.1
455.6,173.0,884.1
492.1,128.6,838.1
582.5,107.9,842.9
655.6,152.4,884.1
609.5,209.5,919.0
557.1,274.6,936.5
503.2,312.7,944.4
436.5,355.6,938.1
384.1,401.6,892.1
338.1,406.3,842.9
407.9,333.3,769.8
530.2,274.6,715.9
607.9,260.3,692.1
633.3,350.8,711.1
615.9,455.6,733.3
588.9,530.2,719.0
563.5,541.3,706.3
541.3,507.9,657.1
587.3,382.5,582.5
712.7,233.3,511.1
838.1,146.0,488.9
866.7,223.8,460.3
812.7,427.0,581.0
739.7,514.3,615.9
707.9,538.1,614.3
666.7,512.7,565.1
606.3,431.7,515.9
538.1,407.9,479.4
565.1,328.6,461.9
685.7,273.0,461.9
793.7,274.6,504.8
834.9,327.0,536.5
820.6,390.5,558.7
782.5,407.9,558.7
733.3,387.3,531.7
690.5,311.1,484.1
655.6,260.3,479.4
636.5,276.2,511.1
665.1,285.7,557.1
711.1,301.6,581.0
715.9,254.0,561.9
709.5,184.1,514.3
706.3,130.2,490.5
706.3,107.9,488.9
706.3,103.2,511.1
719.0,85.7,538.1
717.5,98.4,530.2
688.9,76.2,509.5
-,-,-
711.1,30.2,512.7
-,-,-
669.8,566.7,741.3
581.0,484.1,663.5
617.5,454.0,785.7
669.8,414.3,631.7
693.7,403.2,615.9
660.3,387.3,488.9
612.7,358.7,530.2
634.9,387.3,481.0
714.3,284.1,465.1
765.1,260.3,466.7
769.8,233.3,452.4
742.9,211.1,428.6
769.8,196.8,404.8
792.1,187.3,387.3
807.9,201.6,382.5
836.5,179.4,382.5
865.1,152.4,381.0
892.1,134.9,384.1
914.3,122.2,387.3
909.5,74.6,352.4
890.5,52.4,333.3
912.7,71.4,363.5
909.5,46.0,381.0
906.3,20.6,385.7
888.9,-30.2,361.9
909.5,-69.8,363.5
963.5,-77.8,382.5
1039.7,-119.0,406.3
1044.4,-122.2,407.9
1014.3,-127.0,412.7
961.9,-155.6,404.8
869.8,-179.4,414.3
815.9,-201.6,436.5
792.1,-250.8,436.5
790.5,-277.8,412.7
861.9,-333.3,412.7
965.1,-409.5,438.1
1041.3,-476.2,455.6
988.9,-460.3,484.1
869.8,-430.2,515.9
709.5,-430.2,577.8
587.3,-460.3,560.3
541.3,-531.7,593.7
555.6,-563.5,615.9
561.9,-555.6,663.5
590.5,-528.6,690.5
631.7,-452.4,761.9
663.5,-376.2,838.1
692.1,-358.7,885.7
682.5,-354.0,914.3
614.3,-306.3,911.1
531.7,-269.8,911.1
455.6,-246.0,911.1
403.2,-201.6,893.7
331.7,-120.6,914.3
277.8,-54.0,920.6
287.3,-19.0,944.4
334.9,-1.6,985.7
404.8,33.3,1023.8
488.9,49.2,1073.0
530.2,73.0,1114.3
485.7,155.6,1120.6
428.6,261.9,1122.2
365.1,284.1,1090.5
361.9,234.9,1041.3
406.3,212.7,993.7
458.7,149.2,985.7
560.3,152.4,968.3
687.3,203.2,993.7
742.9,255.6,734.9
766.7,257.1,896.8
819.0,204.8,790.5
790.5,201.6,742.9
741.3,225.4,734.9
657.1,285.7,734.9
541.3,365.1,734.9
458.7,452.4,709.5
538.1,457.1,731.7
744.4,403.2,760.3
865.1,336.5,719.0
836.5,379.4,690.5
717.5,439.7,615.9
638.1,504.8,563.5
604.8,504.8,531.7
582.5,509.5,490.5
541.3,579.4,512.7
514.3,603.2,515.9
541.3,566.7,487.3
644.4,463.5,484.1
766.7,325.4,479.4
787.3,276.2,414.3
706.3,336.5,427.0
657.1,428.6,434.9
657.1,438.1,434.9
690.5,411.1,430.2
739.7,377.8,403.2
681.0,382.5,412.7
633.3,387.3,428.6
641.3,352.4,460.3
711.1,209.5,455.6
863.5,84.1,455.6
893.7,79.4,465.1
844.4,128.6,484.1
809.5,104.8,479.4
809.5,77.8,431.7
784.1,73.0,488.9
766.7,58.7,512.7
-,-,-
736.5,406.3,782.5
609.5,357.1,717.5
588.9,382.5,692.1
581.0,385.7,663.5
584.1,382.5,634.9
614.3,355.6,609.5
665.1,301.6,581.0
712.7,252.4,552.4
738.1,206.3,509.5
785.7,184.1,487.3
819.0,200.0,490.5
790.5,179.4,454.0
763.5,174.6,404.8
782.5,150.8,384.1
795.2,76.2,309.5
842.9,31.7,312.7
863.5, 0.0,311.1
885.7,-25.4,312.7
922.2,-73.0,309.5
938.1,-50.8,354.0
920.6,-20.6,333.3
922.2,-22.2,327.0
947.6,-46.0,309.5
995.2,-93.7,314.3
988.9,-122.2,307.9
938.1,-125.4,306.3
988.9,-155.6,336.5
1036.5,-200.0,379.4
1049.2,-203.2,430.2
1020.6,-177.8,455.6
960.3,-149.2,433.3
961.9,-146.0,477.8
960.3,-28.6,512.7
936.5,-252.4,607.9
895.2,-358.7,558.7
811.1,-374.6,585.7
692.1,-379.4,384.1
606.3,-404.8,531.7
592.1,-376.2,541.3
579.4,-303.2,638.1
642.9,-258.7,744.4
736.5,-282.5,834.9
784.1,-355.6,861.9
690.5,-352.4,860.3
541.3,-307.9,869.8
477.8,-279.4,915.9
454.0,-303.2,896.8
482.5,-347.6,887.3
512.7,-355.6,895.2
533.3,-355.6,884.1
536.5,-354.0,858.7
503.2,-422.2,911.1
485.7,-206.3,887.3
455.6,-179.4,888.9
454.0,-157.1,868.3
434.9,-120.6,866.7
433.3,-68.3,842.9
403.2, 3.2,865.1
407.9,74.6,885.7
457.1,107.9,912.7
555.6,79.4,922.2
614.3,33.3,915.9
582.5,81.0,915.9
482.5,158.7,893.7
407.9,233.3,865.1
377.8,338.1,884.1
354.0,387.3,887.3
403.2,457.1,919.0
479.4,455.6,944.4
612.7,358.7,938.1
744.4,209.5,896.8
820.6,158.7,893.7
787.3,274.6,938.1
642.9,433.3,936.5
482.5,584.1,892.1
358.7,706.3,892.1
333.3,731.7,841.3
354.0,714.3,787.3
430.2,642.9,758.7
695.2,358.7,619.0
1019.0, 9.5,541.3
1117.5,-131.7,482.5
947.6,73.0,555.6
715.9,304.8,607.9
487.3,530.2,588.9
384.1,657.1,612.7
412.7,561.9,582.5
487.3,452.4,460.3
531.7,361.9,382.5
657.1,234.9,352.4
844.4,71.4,350.8
990.5,49.2,384.1
893.7,181.0,441.3
741.3,355.6,477.8
568.3,460.3,454.0
539.7,484.1,438.1
566.7,457.1,411.1
658.7,434.9,454.0
990.5,427.0,463.5
715.9,334.9,454.0
841.3,223.8,412.7
968.3,134.9,425.4
1022.2,176.2,430.2
939.7,228.6,458.7
861.9,261.9,479.4
763.5,300.0,450.8
684.1,277.8,407.9
684.1,209.5,403.2
-,-,-
838.1,334.9,819.0
736.5,287.3,730.2
741.3,285.7,709.5
742.9,327.0,715.9
712.7,333.3,666.7
658.7,360.3,634.9
611.1,385.7,611.1
558.7,406.3,581.0
581.0,401.6,554.0
614.3,401.6,511.1
687.3,414.3,507.9
768.3,390.5,528.6
784.1,384.1,509.5
790.5,327.0,439.7
763.5,250.8,379.4
733.3,247.6,363.5
692.1,254.0,323.8
741.3,249.2,307.9
757.1,223.8,285.7
787.3,182.5,274.6
839.7,157.1,279.4
896.8,127.0,281.0
941.3,96.8,276.2
968.3,52.4,260.3
936.5,-4.8,206.3
920.6,-6.3,209.5
922.2,-50.8,233.3
968.3,-106.3,207.9
995.2,-154.0,203.2
1046.0,-147.6,250.8
1088.9,-104.8,300.0
1087.3,-74.6,350.8
1095.2,-49.2,382.5
1085.7,-96.8,381.0
1044.4,-157.1,381.0
985.7,-231.7,336.5
990.5,-282.5,304.8
968.3,-331.7,330.2
942.9,-377.8,350.8
863.5,-376.2,365.1
812.7,-355.6,406.3
758.7,-331.7,438.1
742.9,-376.2,482.5
766.7,-406.3,531.7
761.9,-406.3,566.7
682.5,-384.1,604.8
585.7,-376.2,615.9
528.6,-357.1,655.6
465.1,-360.3,685.7
433.3,-381.0,681.0
457.1,-487.3,682.5
511.1,-554.0,690.5
566.7,-555.6,733.3
661.9,-536.5,793.7
695.2,-447.6,868.3
712.7,-350.8,912.7
692.1,-298.4,944.4
657.1,-252.4,938.1
606.3,-249.2,912.7
584.1,-223.8,909.5
558.7,-154.0,920.6
581.0,-50.8,963.5
606.3,46.0,995.2
619.0,96.8,1020.6
631.7,81.0,1012.7
631.7,46.0,973.0
615.9,25.4,946.0
585.7,54.0,961.9
557.1,128.6,971.4
527.0,206.3,1023.8
436.5,306.3,1044.4
333.3,387.3,1039.7
255.6,409.5,971.4
276.2,357.1,888.9
427.0,279.4,836.5
585.7,206.3,809.5
787.3,125.4,814.3
938.1,76.2,834.9
887.3,176.2,839.7
758.7,309.5,884.1
555.6,431.7,820.6
387.3,460.3,758.7
303.2,403.2,636.5
303.2,306.3,531.7
384.1,200.0,490.5
642.9,174.6,501.6
833.3,206.3,566.7
866.7,334.9,638.1
842.9,430.2,658.7
790.5,312.7,607.9
695.2,338.1,531.7
606.3,281.0,301.6
492.1,303.2,427.0
504.8,285.7,404.8
584.1,325.4,454.0
719.0,358.7,507.9
792.1,428.6,565.1
896.8,509.5,612.7
860.3,503.2,579.4
715.9,431.7,481.0
644.4,360.3,381.0
630.2,301.6,301.6
687.3,230.2,282.5
788.9,174.6,323.8
914.3,154.0,382.5
969.8,225.4,488.9
973.0,276.2,581.0
896.8,261.9,566.7
809.5,230.2,509.5
682.5,176.2,425.4
568.3,136.5,357.1
558.7,103.2,328.6
633.3,76.2,357.1
742.9,46.0,387.3
915.9,-42.9,430.2
1023.8,-77.8,463.5
1049.2,-95.2,509.5
-,-,-
792.1,225.4,685.7
714.3,184.1,666.7
712.7,236.5,685.7
736.5,285.7,709.5
711.1,358.7,733.3
658.7,384.1,690.5
631.7,361.9,655.6
590.5,331.7,585.7
607.9,301.6,514.3
661.9,250.8,482.5
714.3,228.6,461.9
790.5,158.7,407.9
815.9,179.4,433.3
838.1,207.9,433.3
838.1,228.6,403.2
812.7,276.2,430.2
790.5,260.3,363.5
766.7,257.1,354.0
768.3,234.9,311.1
793.7,149.2,273.0
842.9,-28.6,234.9
911.1,33.3,209.5
863.5,27.0,225.4
834.9,47.6,185.7
841.3,69.8,179.4
887.3,81.0,185.7
965.1,133.3,260.3
1025.4,179.4,328.6
1022.2,228.6,379.4
960.3,227.0,363.5
915.9,136.5,333.3
917.5,52.4,285.7
912.7,-49.2,257.1
944.4,-149.2,250.8
941.3,-152.4,233.3
946.0,-204.8,304.8
971.4,-169.8,328.6
998.4,-119.0,428.6
1014.3,-103.2,476.2
992.1,-122.2,482.5
988.9,-207.9,487.3
944.4,-298.4,484.1
890.5,-401.6,481.0
811.1,-449.2,479.4
771.4,-455.6,484.1
763.5,-474.6,530.2
784.1,-507.9,563.5
788.9,-531.7,614.3
758.7,-527.0,633.3
739.7,-479.4,485.7
736.5,-407.9,742.9
785.7,-358.7,814.3
712.7,-352.4,846.0
709.5,-373.0,844.4
744.4,-398.4,882.5
761.9,-334.9,890.5
738.1,-301.6,860.3
741.3,-233.3,839.7
766.7,-196.8,842.9
739.7,-103.2,841.3
763.5,-55.6,842.9
769.8,-25.4,868.3
741.3,52.4,911.1
669.8,131.7,920.6
584.1,158.7,893.7
531.7,155.6,841.3
536.5,111.1,815.9
611.1,73.0,807.9
665.1,101.6,819.0
682.5,176.2,861.9
661.9,228.6,895.2
617.5,274.6,915.9
566.7,279.4,911.1
506.3,276.2,869.8
411.1,277.8,857.1
361.9,276.2,834.9
434.9,207.9,771.4
561.9,134.9,744.4
684.1,155.6,763.5
761.9,204.8,814.3
741.3,258.7,817.5
641.3,282.5,768.3
506.3,312.7,741.3
387.3,338.1,709.5
309.5,352.4,690.5
336.5,277.8,682.5
482.5,204.8,690.5
531.7,203.2,709.5
587.3,227.0,693.7
582.5,236.5,657.1
512.7,284.1,612.7
412.7,360.3,585.7
333.3,433.3,585.7
330.2,407.9,541.3
438.1,350.8,533.3
584.1,311.1,538.1
687.3,381.0,607.9
757.1,479.4,681.0
790.5,530.2,706.3
790.5,484.1,661.9
744.4,412.7,581.0
636.5,357.1,506.3
557.1,327.0,463.5
533.3,334.9,479.4
568.3,311.1,385.7
-,-,-
858.7,285.7,460.3
834.9,181.0,465.1
766.7,81.0,355.6
734.9,77.8,350.8
714.3,49.2,327.0
757.1,81.0,330.2
839.7,123.8,354.0
920.6,73.0,279.4
1017.5,55.6,311.1
1120.6, 3.2,307.9
1087.3,-3.2,303.2
966.7,-27.0,250.8
884.1,-25.4,236.5
914.3,-49.2,274.6
895.2,-93.7,258.7
960.3,-144.4,260.3
996.8,-155.6,285.7
1022.2,-155.6,303.2
1063.5,-149.2,336.5
1042.9,-120.6,363.5
985.7,-130.2,406.3
915.9,-206.3,404.8
888.9,-296.8,401.6
839.7,-347.6,358.7
844.4,-428.6,327.0
888.9,-479.4,363.5
858.7,-504.8,355.6
665.1,-450.8,404.8
690.5,-385.7,457.1
563.5,-382.5,482.5
782.5,-425.4,538.1
811.1,-406.3,609.5
763.5,-377.8,655.6
717.5,-371.4,692.1
657.1,-306.3,714.3
611.1,-358.7,734.9
611.1,-433.3,733.3
612.7,-507.9,707.9
642.9,-538.1,734.9
633.3,-481.0,760.3
584.1,-376.2,793.7
565.1,-300.0,863.5
585.7,-249.2,939.7
557.1,-196.8,971.4
561.9,-147.6,1011.1
560.3,-93.7,1014.3
539.7,-69.8,993.7
539.7,-52.4,966.7
557.1,-57.1,944.4
609.5,-49.2,973.0
630.2,-44.4,1011.1
606.3, 1.6,1015.9
514.3,47.6,1012.7
431.7,100.0,966.7
349.2,85.7,895.2
352.4,47.6,807.9
415.9,33.3,792.1
530.2,76.2,817.5
654.0,98.4,836.5
738.1,223.8,865.1
758.7,181.0,892.1
711.1,200.0,887.3
633.3,177.8,815.9
557.1,152.4,758.7
484.1,136.5,685.7
455.6,160.3,657.1
485.7,158.7,617.5
585.7,174.6,617.5
658.7,254.0,681.0
685.7,327.0,712.7
684.1,382.5,733.3
639.7,390.5,695.2
588.9,384.1,665.1
565.1,355.6,617.5
615.9,276.2,579.4
706.3,234.9,561.9
758.7,231.7,717.5
744.4,311.1,603.2
755.6,430.2,636.5
715.9,507.9,682.5
681.0,534.9,655.6
660.3,506.3,614.3
633.3,204.8,558.7
587.3,328.6,454.0
644.4,157.1,355.6
792.1,47.6,336.5
868.3,81.0,403.2
911.1,198.4,488.9
741.3,331.7,581.0
868.3,401.6,607.9
844.4,333.3,584.1
815.9,257.1,534.9
709.5,227.0,465.1
558.7,230.2,438.1
460.3,274.6,415.9
-,-,-
836.5,461.9,814.3
736.5,431.7,734.9
685.7,457.1,706.3
665.1,484.1,681.0
639.7,481.0,631.7
641.3,460.3,584.1
660.3,431.7,534.9
688.9,385.7,485.7
715.9,330.2,433.3
760.3,301.6,382.5
795.2,282.5,365.1
815.9,260.3,365.1
817.5,233.3,361.9
807.9,212.7,304.8
809.5,211.1,304.8
834.9,174.6,285.7
869.8,131.7,249.2
895.2,47.6,203.2
944.4,22.2,206.3
988.9,-19.0,209.5
992.1,-27.0,200.0
996.8, 4.8,230.2
987.3,-49.2,234.9
969.8,-222.2,171.4
936.5,-77.8,198.4
917.5,-101.6,181.0
944.4,-174.6,150.8
1019.0,-279.4,147.6
1063.5,-333.3,131.7
1061.9,-328.6,154.0
1036.5,-298.4,203.2
996.8,-277.8,255.6
936.5,-274.6,301.6
846.0,-282.5,355.6
809.5,-325.4,407.9
792.1,-354.0,479.4
815.9,-387.3,533.3
819.0,-431.7,565.1
834.9,-461.9,566.7
833.3,-487.3,558.7
820.6,-549.2,533.3
838.1,-600.0,536.5
792.1,-614.3,531.7
715.9,-576.2,563.5
617.5,-484.1,641.3
558.7,-425.4,709.5
541.3,-400.0,734.9
581.0,-401.6,736.5
617.5,-377.8,790.5
658.7,-277.8,869.8
682.5,-173.0,961.9
638.1,-104.8,971.4
584.1,-55.6,969.8
503.2,-6.3,947.6
412.7, 7.9,919.0
412.7, 0.0,893.7
460.3,-28.6,869.8
539.7, 3.2,914.3
590.5,25.4,960.3
633.3,33.3,949.2
687.3,50.8,946.0
682.5,130.2,992.1
660.3,206.3,1036.5
631.7,225.4,1015.9
592.1,227.0,965.1
560.3,234.9,909.5
542.9,185.7,839.7
615.9,125.4,782.5
685.7,154.0,784.1
733.3,238.1,841.3
717.5,411.1,907.9
663.5,414.3,941.3
587.3,454.0,939.7
490.5,461.9,893.7
434.9,360.3,795.2
412.7,307.9,714.3
511.1,174.6,639.7
665.1,96.8,612.7
711.1,152.4,636.5
682.5,258.7,681.0
592.1,457.1,738.1
479.4,657.1,809.5
388.9,707.9,795.2
403.2,533.3,655.6
484.1,311.1,503.2
604.8,184.1,404.8
785.7,52.4,381.0
844.4,54.0,365.1
819.0,282.5,492.1
741.3,566.7,636.5
638.1,765.1,688.9
612.7,736.5,639.7
631.7,536.5,507.9
668.3,354.0,390.5
715.9,157.1,284.1
814.3,44.4,257.1
865.1,76.2,304.8
858.7,234.9,407.9
795.2,431.7,506.3
738.1,555.6,557.1
687.3,541.3,538.1
707.9,404.8,484.1
707.9,227.0,387.3
741.3,84.1,325.4
792.1,27.0,311.1
814.3,55.6,358.7
817.5,150.8,431.7
795.2,236.5,504.8
790.5,212.7,530.2
785.7,109.5,479.4
785.7,-20.6,388.9
809.5,-77.8,360.3
806.3,-130.2,336.5
846.0,-155.6,311.1
838.1,-149.2,330.2
861.9,-125.4,385.7
858.7,-171.4,385.7
896.8,-252.4,355.6
922.2,-374.6,304.8
946.0,-479.4,255.6
936.5,-530.2,274.6
911.1,-504.8,303.2
890.5,-398.4,403.2
842.9,-306.3,452.4
-,-,-
720.6,452.4,666.7
733.3,336.5,612.7
785.7,352.4,614.3
815.9,403.2,642.9
788.9,458.7,639.7
717.5,503.2,615.9
661.9,487.3,566.7
658.7,387.3,511.1
712.7,304.8,461.9
768.3,260.3,465.1
817.5,250.8,466.7
834.9,225.4,454.0
842.9,247.6,452.4
865.1,249.2,438.1
888.9,228.6,438.1
895.2,184.1,409.5
911.1,127.0,387.3
865.1,96.8,358.7
841.3,79.4,352.4
809.5,31.7,300.0
815.9, 4.8,311.1
838.1,-19.0,311.1
936.5,-28.6,336.5
990.5,-81.0,333.3
1038.1,-147.6,309.5
1023.8,-169.8,306.3
968.3,-133.3,309.5
915.9,-155.6,304.8
869.8,-152.4,311.1
838.1,-201.6,333.3
836.5,-271.4,361.9
833.3,-355.6,360.3
839.7,-425.4,384.1
841.3,-433.3,433.3
842.9,-422.2,490.5
788.9,-384.1,503.2
763.5,-403.2,487.3
760.3,-458.7,465.1
809.5,-554.0,507.9
811.1,-550.8,558.7
719.0,-534.9,604.8
636.5,-533.3,611.1
536.5,-503.2,630.2
460.3,-461.9,607.9
460.3,-460.3,590.5
490.5,-479.4,607.9
582.5,-525.4,634.9
688.9,-555.6,739.7
641.3,-482.5,865.1
663.5,-433.3,919.0
607.9,-385.7,941.3
561.9,-376.2,912.7
566.7,-333.3,938.1
584.1,-227.0,988.9
584.1,-149.2,1000.0
584.1,-119.0,1019.0
560.3,-77.8,1042.9
530.2,-54.0,1039.7
534.9,-95.2,1012.7
555.6,-104.8,993.7
530.2,-119.0,968.3
481.0,-146.0,887.3
477.8,-131.7,838.1
465.1,-20.6,865.1
503.2,128.6,944.4
530.2,207.9,1022.2
485.7,201.6,1009.5
434.9,201.6,966.7
404.8,222.2,942.9
357.1,228.6,933.3
406.3,179.4,888.9
507.9,74.6,836.5
682.5,-17.5,809.5
734.9,109.5,836.5
707.9,257.1,860.3
612.7,336.5,795.2
592.1,350.8,758.7
607.9,281.0,695.2
631.7,258.7,661.9
631.7,276.2,657.1
614.3,334.9,665.1
644.4,401.6,685.7
765.1,492.1,666.7
868.3,306.3,654.0
884.1,307.9,630.2
812.7,338.1,585.7
768.3,387.3,554.0
788.9,388.9,557.1
782.5,388.9,560.3
757.1,358.7,554.0
731.7,354.0,541.3
739.7,338.1,584.1
814.3,276.2,607.9
811.1,254.0,592.1
692.1,311.1,584.1
584.1,352.4,536.5
581.0,330.2,481.0
636.5,303.2,506.3
684.1,323.8,534.9
688.9,303.2,531.7
707.9,273.0,528.6
760.3,249.2,554.0
787.3,233.3,587.3
744.4,200.0,561.9
688.9,155.6,504.8
612.7,134.9,463.5
584.1,133.3,452.4
568.3,104.8,407.9
609.5,50.8,414.3
633.3,-25.4,431.7
630.2,-74.6,428.6
641.3,-81.0,436.5
734.9,-123.8,433.3
811.1,-130.2,436.5
796.8,-74.6,436.5
819.0,-68.3,452.4
865.1,-125.4,438.1
922.2,-181.0,454.0
941.3,-204.8,482.5
888.9,-249.2,465.1
871.4,-306.3,454.0
884.1,-328.6,454.0
-,-,-
771.4,307.9,717.5
715.9,284.1,720.6
742.9,333.3,742.9
787.3,404.8,768.3
814.3,439.7,782.5
815.9,463.5,763.5
790.5,477.8,712.7
760.3,452.4,660.3
733.3,458.7,607.9
692.1,409.5,555.6
682.5,387.3,512.7
665.1,360.3,482.5
709.5,384.1,455.6
714.3,352.4,477.8
757.1,352.4,461.9
766.7,363.5,479.4
738.1,357.1,465.1
715.9,334.9,463.5
688.9,276.2,414.3
687.3,225.4,381.0
733.3,154.0,303.2
790.5,147.6,304.8
892.1,76.2,279.4
971.4,31.7,252.4
1038.1,73.0,303.2
1039.7,50.8,301.6
971.4,54.0,303.2
915.9,-19.0,225.4
866.7,-69.8,187.3
860.3,-106.3,174.6
869.8,-155.6,107.9
946.0,-227.0,128.6
1020.6,-258.7,147.6
984.1,-249.2,174.6
942.9,-198.4,211.1
911.1,-177.8,230.2
893.7,-176.2,284.1
895.2,-176.2,331.7
939.7,-230.2,404.8
909.5,-252.4,457.1
869.8,-277.8,454.0
890.5,-350.8,457.1
914.3,-379.4,460.3
890.5,-300.0,438.1
887.3,-349.2,430.2
892.1,-376.2,430.2
866.7,-360.3,457.1
806.3,-357.1,530.2
709.5,-358.7,581.0
682.5,-401.6,606.3
712.7,-512.7,584.1
782.5,-604.8,557.1
763.5,-606.3,565.1
709.5,-582.5,563.5
636.5,-527.0,561.9
541.3,-458.7,568.3
528.6,-423.8,636.5
531.7,-406.3,719.0
512.7,-428.6,788.9
530.2,-479.4,784.1
561.9,-507.9,763.5
615.9,-460.3,790.5
665.1,-323.8,861.9
681.0,-198.4,896.8
642.9,-98.4,960.3
587.3,-17.5,961.9
581.0,-28.6,968.3
558.7,-47.6,968.3
538.1,-22.2,968.3
533.3,20.6,968.3
436.5,46.0,1015.9
587.3,77.8,1049.2
530.2,155.6,1068.3
428.6,211.1,1047.6
334.9,228.6,1038.1
255.6,236.5,988.9
185.7,204.8,917.5
255.6,177.8,868.3
354.0,181.0,884.1
454.0,201.6,893.7
534.9,179.4,895.2
612.7,130.2,885.7
609.5,134.9,858.7
587.3,147.6,793.7
536.5,198.4,742.9
484.1,230.2,709.5
460.3,250.8,663.5
515.9,258.7,660.3
592.1,352.4,714.3
631.7,454.0,765.1
717.5,479.4,744.4
768.3,465.1,712.7
787.3,412.7,641.3
766.7,352.4,431.7
711.1,358.7,533.3
638.1,412.7,507.9
585.7,482.5,515.9
663.5,490.5,555.6
807.9,458.7,554.0
893.7,387.3,528.6
895.2,358.7,479.4
863.5,330.2,454.0
838.1,307.9,430.2
768.3,301.6,403.2
682.5,306.3,388.9
657.1,307.9,388.9
661.9,279.4,388.9
719.0,227.0,376.2
836.5,177.8,385.7
914.3,161.9,404.8
920.6,155.6,406.3
869.8,95.2,361.9
788.9,31.7,334.9
660.3, 7.9,327.0
611.1,22.2,333.3
604.8,25.4,384.1
661.9, 1.6,411.1
765.1,-4.8,466.7
-,-,-
814.3,360.3,707.9
781.0,355.6,690.5
792.1,388.9,709.5
811.1,387.3,707.9
809.5,377.8,606.3
765.1,333.3,533.3
738.1,309.5,477.8
717.5,285.7,481.0
685.7,276.2,436.5
690.5,252.4,406.3
971.4,255.6,387.3
738.1,254.0,403.2
771.4,250.8,406.3
790.5,227.0,363.5
838.1,204.8,358.7
815.9,179.4,338.1
811.1,158.7,309.5
920.6,147.6,307.9
817.5,98.4,276.2
1138.1,49.2,254.0
865.1, 4.8,233.3
911.1,-28.6,225.4
936.5,-79.4,176.2
936.5,-74.6,201.6
966.7,-101.6,211.1
973.0,-117.5,203.2
969.8,-154.0,203.2
1015.9,-225.4,203.2
995.2,-222.2,223.8
944.4,-198.4,249.2
920.6,-200.0,281.0
944.4,-230.2,311.1
933.3,-269.8,354.0
896.8,-281.0,334.9
912.7,-334.9,307.9
911.1,-381.0,281.0
884.1,-428.6,285.7
863.5,-455.6,338.1
836.5,-460.3,401.6
769.8,-431.7,460.3
739.7,-433.3,488.9
709.5,-452.4,503.2
711.1,-460.3,531.7
734.9,-504.8,563.5
733.3,-431.7,612.7
738.1,-484.1,682.5
734.9,-485.7,715.9
711.1,-460.3,792.1
685.7,-461.9,812.7
642.9,-473.0,836.5
617.5,-430.2,860.3
604.8,-379.4,890.5
582.5,-303.2,942.9
538.1,-173.0,1022.2
503.2,-52.4,1098.4
461.9,-1.6,1138.1
461.9,-19.0,1144.4
506.3,-98.4,1096.8
492.1,-127.0,1015.9
487.3,-66.7,992.1
458.7,31.7,1050.8
414.3,109.5,1088.9
352.4,198.4,1120.6
277.8,238.1,1119.0
301.6,258.7,1090.5
330.2,225.4,1066.7
438.1,104.8,885.7
506.3,76.2,946.0
504.8,77.8,917.5
488.9,79.4,869.8
461.9,130.2,834.9
452.4,196.8,817.5
460.3,231.7,809.5
506.3,276.2,815.9
511.1,281.0,793.7
607.9,174.6,714.3
717.5,107.9,687.3
733.3,207.9,693.7
682.5,206.3,692.1
660.3,328.6,636.5
512.7,387.3,590.5
509.5,481.0,634.9
515.9,566.7,657.1
490.5,611.1,630.2
533.3,557.1,606.3
769.8,287.3,528.6
969.8,125.4,431.7
869.8,181.0,428.6
706.3,377.8,439.7
592.1,554.0,484.1
633.3,609.5,541.3
738.1,604.8,588.9
765.1,554.0,582.5
744.4,409.5,481.0
784.1,311.1,411.1
796.8,281.0,431.7
820.6,250.8,434.9
768.3,303.2,463.5
707.9,439.7,530.2
688.9,460.3,539.7
733.3,404.8,533.3
742.9,301.6,481.0
757.1,207.9,455.6
811.1,130.2,406.3
785.7,127.0,438.1
769.8,155.6,488.9
765.1,203.2,896.8
785.7,201.6,552.4
687.3,154.0,530.2
766.7,98.4,485.7
768.3,20.6,430.2
790.5,-55.6,401.6
807.9,-104.8,376.2
834.9,-174.6,360.3
839.7,-227.0,358.7
861.9,-254.0,382.5
884.1,-227.0,412.7
896.8,-177.8,512.7
890.5,-196.8,531.7
836.5,-300.0,436.5
-,-,-
630.2,539.7,660.3
555.6,458.7,607.9
584.1,411.1,568.3
665.1,384.1,561.9
766.7,338.1,563.5
811.1,330.2,533.3
790.5,350.8,487.3
761.9,303.2,433.3
755.6,282.5,388.9
765.1,281.0,385.7
761.9,276.2,358.7
814.3,69.8,360.3
866.7,236.5,377.8
866.7,225.4,336.5
888.9,209.5,331.7
895.2,176.2,301.6
885.7,179.4,328.6
846.0,150.8,301.6
863.5,125.4,312.7
863.5,128.6,363.5
865.1,101.6,357.1
839.7,127.0,379.4
842.9,127.0,379.4
869.8,85.7,360.3
909.5,23.8,338.1
969.8,-54.0,330.2
1014.3,-127.0,338.1
993.7,-177.8,336.5
942.9,-181.0,352.4
941.3,-204.8,363.5
939.7,-201.6,360.3
938.1,-203.2,377.8
963.5,-228.6,403.2
963.5,-282.5,401.6
990.5,-328.6,404.8
988.9,-352.4,412.7
965.1,-381.0,404.8
939.7,-428.6,384.1
922.2,-449.2,412.7
892.1,-506.3,433.3
846.0,-528.6,457.1
795.2,-533.3,514.3
717.5,-539.7,561.9
660.3,-511.1,630.2
606.3,-527.0,669.8
585.7,-527.0,695.2
612.7,-512.7,711.1
628.6,-506.3,715.9
614.3,-527.0,711.1
655.6,-527.0,738.1
658.7,-500.0,761.9
690.5,-455.6,809.5
612.7,-358.7,861.9
612.7,-274.6,896.8
555.6,-181.0,920.6
504.8,-119.0,934.9
481.0,-81.0,941.3
488.9,-103.2,942.9
484.1,-101.6,919.0
452.4,-52.4,915.9
428.6,31.7,944.4
409.5,127.0,1012.7
428.6,174.6,1049.2
454.0,155.6,1041.3
458.7,127.0,1014.3
455.6,125.4,995.2
404.8,160.3,987.3
409.5,177.8,963.5
411.1,211.1,973.0
427.0,231.7,992.1
404.8,260.3,971.4
490.5,230.2,960.3
539.7,204.8,912.7
560.3,173.0,842.9
582.5,103.2,758.7
563.5,107.9,714.3
561.9,123.8,720.6
584.1,122.2,707.9
565.1,182.5,717.5
531.7,328.6,787.3
477.8,433.3,809.5
411.1,463.5,769.8
482.5,361.9,692.1
688.9,104.8,555.6
790.5,-15.9,460.3
714.3,79.4,465.1
663.5,198.4,479.4
660.3,379.4,560.3
684.1,530.2,687.3
711.1,538.1,706.3
695.2,455.6,617.5
669.8,334.9,539.7
633.3,282.5,482.5
763.5,150.8,458.7
869.8,96.8,465.1
795.2,200.0,514.3
690.5,354.0,588.9
636.5,465.1,638.1
617.5,509.5,658.7
641.3,454.0,631.7
661.9,330.2,538.1
707.9,201.6,466.7
760.3,149.2,454.0
793.7,230.2,515.9
834.9,231.7,560.3
817.5,250.8,588.9
793.7,234.9,506.3
782.5,204.8,482.5
942.9,127.0,477.8
782.5,50.8,461.9
741.3,31.7,487.3
719.0,30.2,515.9
719.0,27.0,555.6
763.5,-3.2,560.3
765.1,-20.6,554.0
738.1,-54.0,554.0
744.4,-68.3,528.6
688.9,-69.8,514.3
658.7,-95.2,517.5
679.4,-149.2,533.3
690.5,-206.3,541.3
720.6,-281.0,554.0
738.1,-307.9,555.6
-,-,-
987.3,379.4,558.7
911.1,303.2,528.6
860.3,350.8,512.7
807.9,412.7,512.7
769.8,439.7,492.1
784.1,414.3,455.6
809.5,336.5,384.1
868.3,258.7,352.4
988.9,127.0,312.7
1044.4,57.1,325.4
1014.3,57.1,334.9
961.9,31.7,285.7
911.1,49.2,307.9
860.3,52.4,309.5
839.7,54.0,333.3
812.7,22.2,314.3
784.1, 1.6,328.6
739.7,25.4,350.8
733.3, 4.8,309.5
709.5,-54.0,252.4
744.4,-119.0,225.4
790.5,-146.0,257.1
838.1,-206.3,250.8
838.1,-257.1,234.9
841.3,-274.6,261.9
838.1,-282.5,257.1
911.1,-277.8,306.3
860.3,-350.8,149.2
961.9,-433.3,201.6
1014.3,-485.7,185.7
985.7,-525.4,209.5
933.3,-507.9,258.7
842.9,-482.5,284.1
790.5,-482.5,304.8
784.1,-457.1,360.3
769.8,-450.8,363.5
787.3,-423.8,411.1
807.9,-422.2,452.4
838.1,-455.6,477.8
841.3,-481.0,554.0
788.9,-482.5,590.5
684.1,-458.7,634.9
609.5,-381.0,668.3
609.5,-347.6,714.3
639.7,-247.6,765.1
714.3,-257.1,785.7
838.1,-307.9,812.7
895.2,-309.5,863.5
890.5,-252.4,912.7
1014.3,-173.0,969.8
763.5,-98.4,1015.9
687.3,-28.6,1022.2
612.7,54.0,1061.9
528.6,106.3,1046.0
438.1,127.0,1017.5
404.8,134.9,1014.3
454.0,123.8,1020.6
538.1,81.0,1038.1
611.1,73.0,1047.6
642.9,25.4,1063.5
607.9,50.8,1046.0
487.3,100.0,1015.9
379.4,150.8,942.9
234.9,177.8,865.1
203.2,174.6,807.9
233.3,133.3,784.1
387.3,98.4,811.1
555.6,57.1,858.7
633.3,122.2,895.2
633.3,147.6,895.2
628.6,177.8,890.5
555.6,231.7,812.7
454.0,301.6,758.7
325.4,407.9,719.0
255.6,461.9,692.1
233.3,490.5,668.3
301.6,463.5,660.3
458.7,401.6,631.7
763.5,225.4,609.5
1012.7,125.4,590.5
1022.2,160.3,612.7
887.3,314.3,584.1
685.7,488.9,558.7
488.9,582.5,534.9
452.4,560.3,485.7
479.4,503.2,454.0
530.2,439.7,428.6
614.3,339.7,409.5
814.3,254.0,385.7
993.7,230.2,412.7
1046.0,301.6,487.3
968.3,325.4,514.3
839.7,434.9,479.4
717.5,407.9,387.3
665.1,358.7,358.7
684.1,327.0,382.5
738.1,287.3,428.6
769.8,263.5,455.6
-,-,-
871.4,557.1,744.4
782.5,555.6,712.7
760.3,563.5,687.3
715.9,538.1,630.2
707.9,503.2,557.1
709.5,463.5,504.8
731.7,428.6,463.5
741.3,403.2,431.7
766.7,382.5,414.3
760.3,365.1,404.8
738.1,385.7,388.9
736.5,379.4,381.0
741.3,334.9,354.0
765.1,274.6,287.3
822.2,206.3,257.1
896.8,160.3,250.8
939.7,107.9,236.5
944.4,77.8,233.3
947.6,74.6,236.5
944.4,52.4,252.4
936.5,23.8,255.6
911.1,-3.2,254.0
871.4,-28.6,276.2
868.3,-50.8,261.9
863.5,-47.6,249.2
885.7,-174.6,228.6
911.1,-249.2,211.1
917.5,-279.4,230.2
942.9,-295.2,258.7
968.3,-479.4,298.4
961.9,-333.3,333.3
960.3,-311.1,401.6
938.1,-322.2,436.5
907.9,-352.4,430.2
990.5,-385.7,381.0
893.7,-479.4,357.1
892.1,-552.4,327.0
873.0,-607.9,303.2
839.7,-655.6,281.0
792.1,-688.9,287.3
796.8,-703.2,350.8
812.7,-679.4,428.6
766.7,-555.6,511.1
760.3,-484.1,557.1
768.3,-474.6,588.9
769.8,-454.0,604.8
769.8,-450.8,634.9
758.7,-433.3,693.7
693.7,-406.3,733.3
641.3,-400.0,744.4
631.7,-352.4,793.7
614.3,-352.4,790.5
588.9,-307.9,787.3
565.1,-231.7,792.1
582.5,-152.4,888.9
587.3,-71.4,944.4
579.4,-17.5,992.1
530.2,55.6,1000.0
461.9,73.0,1012.7
387.3,98.4,988.9
328.6,104.8,938.1
260.3,109.5,911.1
252.4,130.2,912.7
281.0,134.9,938.1
360.3,149.2,960.3
463.5,149.2,969.8
528.6,173.0,995.2
506.3,185.7,987.3
454.0,198.4,938.1
433.3,181.0,907.9
414.3,198.4,884.1
384.1,207.9,863.5
479.4,260.3,858.7
388.9,257.1,836.5
461.9,204.8,785.7
538.1,181.0,758.7
615.9,158.7,733.3
639.7,179.4,711.1
658.7,255.6,714.3
606.3,334.9,719.0
588.9,361.9,693.7
612.7,360.3,665.1
707.9,300.0,639.7
757.1,255.6,614.3
763.5,281.0,619.0
690.5,352.4,611.1
603.2,412.7,614.3
558.7,455.6,587.3
539.7,449.2,538.1
552.4,431.7,504.8
641.3,382.5,461.9
734.9,307.9,434.9
838.1,260.3,438.1
866.7,174.6,436.5
836.5,306.3,461.9
761.9,377.8,481.0
715.9,403.2,482.5
682.5,387.3,461.9
668.3,363.5,454.0
661.9,352.4,438.1
692.1,327.0,463.5
784.1,287.3,484.1
885.7,200.0,479.4
898.4,155.6,465.1
885.7,184.1,457.1
815.9,211.1,460.3
742.9,223.8,439.7
684.1,225.4,430.2
638.1,504.8,430.2
661.9,157.1,434.9
719.0,98.4,454.0
785.7,33.3,457.1
814.3,-3.2,461.9
820.6,-46.0,452.4
860.3,-100.0,436.5
846.0,-144.4,434.9
833.3,-176.2,434.9
809.5,-203.2,434.9
-,-,-
739.7,258.7,684.1
611.1,231.7,614.3
611.1,249.2,607.9
658.7,285.7,636.5
715.9,287.3,639.7
782.5,304.8,633.3
784.1,312.7,590.5
811.1,331.7,566.7
836.5,309.5,531.7
834.9,301.6,488.9
817.5,281.0,477.8
820.6,230.2,428.6
812.7,187.3,365.1
788.9,160.3,330.2
788.9,479.4,306.3
863.5,104.8,287.3
839.7,84.1,282.5
885.7,103.2,304.8
887.3,77.8,285.7
915.9,33.3,309.5
922.2,-17.5,260.3
892.1,-50.8,228.6
885.7,-96.8,184.1
887.3,-127.0,182.5
869.8,-130.2,198.4
863.5,-123.8,207.9
873.0,-131.7,254.0
914.3,-128.6,312.7
960.3,-174.6,365.1
939.7,-201.6,385.7
895.2,-228.6,382.5
846.0,-254.0,365.1
820.6,-277.8,363.5
839.7,-301.6,404.8
866.7,-327.0,436.5
866.7,-379.4,457.1
844.4,-427.0,455.6
815.9,-477.8,454.0
836.5,-528.6,485.7
842.9,-534.9,541.3
814.3,-504.8,592.1
760.3,-479.4,661.9
688.9,-452.4,733.3
665.1,-500.0,807.9
642.9,-587.3,812.7
642.9,-688.9,787.3
609.5,-754.0,768.3
581.0,-781.0,720.6
590.5,-685.7,738.1
636.5,-536.5,841.3
684.1,-425.4,963.5
666.7,-323.8,1011.1
658.7,-258.7,1041.3
614.3,-231.7,1419.0
536.5,-203.2,992.1
511.1,-195.2,965.1
477.8,-77.8,969.8
463.5,46.0,1011.1
466.7,131.7,1020.6
504.8,427.0,1068.3
517.5,176.2,1074.6
533.3,147.6,1068.3
479.4,98.4,998.4
384.1,81.0,947.6
352.4,30.2,890.5
379.4,33.3,861.9
439.7,134.9,896.8
484.1,255.6,947.6
511.1,279.4,941.3
541.3,252.4,868.3
541.3,204.8,842.9
509.5,173.0,790.5
452.4,154.0,734.9
488.9,54.0,657.1
731.7,-77.8,593.7
833.3,30.2,679.4
717.5,222.2,761.9
538.1,360.3,758.7
409.5,463.5,714.3
328.6,512.7,709.5
330.2,485.7,663.5
377.8,404.8,561.9
436.5,331.7,490.5
606.3,255.6,487.3
761.9,234.9,506.3
839.7,258.7,541.3
817.5,352.4,538.1
757.1,490.5,606.3
668.3,630.2,636.5
631.7,617.5,606.3
582.5,541.3,539.7
631.7,427.0,434.9
688.9,336.5,433.3
787.3,301.6,457.1
865.1,282.5,458.7
893.7,285.7,477.8
885.7,334.9,490.5
834.9,381.0,506.3
765.1,382.5,504.8
712.7,334.9,460.3
636.5,282.5,428.6
630.2,249.2,415.9
617.5,211.1,428.6
660.3,179.4,431.7
712.7,127.0,455.6
784.1,77.8,455.6
-,-,-
793.7,481.0,561.9
736.5,433.3,511.1
787.3,361.9,485.7
822.2,325.4,450.8
833.3,279.4,384.1
820.6,254.0,334.9
807.9,250.8,307.9
787.3,260.3,301.6
795.2,231.7,255.6
819.0,200.0,233.3
888.9,155.6,230.2
934.9,79.4,161.9
934.9,79.4,179.4
939.7,46.0,158.7
965.1,25.4,174.6
946.0,-47.6,155.6
941.3,-68.3,125.4
936.5,-104.8,76.2
936.5,-174.6,54.0
936.5,-220.6,52.4
922.2,-257.1,74.6
960.3,-257.1,125.4
974.6,-276.2,176.2
973.0,-296.8,181.0
961.9,-296.8,206.3
922.2,-300.0,227.0
895.2,-303.2,227.0
885.7,-322.2,249.2
865.1,-379.4,261.9
819.0,-422.2,261.9
792.1,-454.0,301.6
766.7,-477.8,352.4
785.7,-550.8,387.3
787.3,-658.7,411.1
736.5,-685.7,433.3
692.1,-734.9,434.9
692.1,-765.1,457.1
717.5,-739.7,490.5
760.3,-657.1,584.1
763.5,-554.0,692.1
758.7,-452.4,787.3
765.1,-358.7,860.3
766.7,-350.8,896.8
796.8,-360.3,911.1
839.7,-403.2,885.7
846.0,-379.4,860.3
841.3,-322.2,844.4
820.6,-181.0,919.0
784.1,-22.2,998.4
687.3,123.8,1049.2
607.9,201.6,1071.4
506.3,227.0,1065.1
428.6,228.6,1012.7
407.9,225.4,992.1
460.3,201.6,1012.7
488.9,212.7,992.1
490.5,231.7,992.1
387.3,255.6,973.0
490.5,257.1,949.2
531.7,234.9,942.9
558.7,481.0,866.7
557.1,206.3,844.4
517.5,260.3,847.6
503.2,306.3,861.9
488.9,312.7,817.5
588.9,179.4,761.9
714.3,71.4,709.5
755.6,82.5,690.5
719.0,131.7,685.7
587.3,185.7,638.1
454.0,276.2,609.5
360.3,338.1,592.1
303.2,439.7,592.1
277.8,455.6,585.7
433.3,385.7,541.3
719.0,203.2,511.1
939.7,96.8,488.9
998.4,109.5,503.2
861.9,176.2,484.1
688.9,304.8,455.6
514.3,425.4,430.2
482.5,481.0,454.0
534.9,511.1,484.1
615.9,514.3,507.9
684.1,476.2,479.4
788.9,430.2,461.9
934.9,336.5,458.7
1023.8,233.3,407.9
993.7,284.1,428.6
868.3,338.1,428.6
709.5,404.8,431.7
588.9,385.7,384.1
565.1,352.4,363.5
641.3,282.5,377.8
715.9,206.3,376.2
807.9,203.2,384.1
868.3,204.8,387.3
884.1,228.6,384.1
865.1,211.1,361.9
833.3,206.3,352.4
736.5,203.2,331.7
712.7,122.2,304.8
744.4,50.8,311.1
784.1,52.4,352.4
857.1,27.0,361.9
941.3,-54.0,377.8
987.3,-103.2,354.0
922.2,-100.0,58.7
863.5,-120.6,352.4
817.5,-128.6,203.2
815.9,-230.2,284.1
820.6,-358.7,257.1
839.7,-425.4,255.6
869.8,-425.4,274.6
-,-,-
817.5,382.5,658.7
690.5,330.2,612.7
639.7,339.7,584.1
733.3,360.3,584.1
563.5,377.8,590.5
558.7,358.7,585.7
557.1,334.9,581.0
585.7,276.2,555.6
641.3,230.2,534.9
692.1,207.9,539.7
733.3,201.6,517.5
742.9,177.8,484.1
790.5,154.0,479.4
811.1,136.5,477.8
790.5,111.1,457.1
796.8,55.6,428.6
817.5, 1.6,381.0
838.1,-15.9,360.3
865.1, 0.0,352.4
922.2, 3.2,361.9
992.1,-28.6,358.7
998.4,-46.0,357.1
961.9,-69.8,314.3
923.8,-122.2,276.2
942.9,-179.4,233.3
938.1,-230.2,225.4
909.5,-225.4,230.2
844.4,-196.8,249.2
868.3,-123.8,309.5
911.1,-73.0,376.2
942.9,-77.8,433.3
938.1,-122.2,427.0
892.1,-144.4,431.7
809.5,-123.8,458.7
758.7,-128.6,438.1
741.3,-179.4,409.5
793.7,-250.8,404.8
819.0,-306.3,384.1
834.9,-323.8,382.5
822.2,-303.2,388.9
809.5,-298.4,407.9
807.9,-327.0,414.3
792.1,-361.9,460.3
741.3,-422.2,463.5
685.7,-455.6,484.1
633.3,-457.1,530.2
619.0,-455.6,427.0
665.1,-481.0,555.6
712.7,-454.0,614.3
715.9,-404.8,668.3
758.7,-425.4,711.1
768.3,-433.3,734.9
765.1,-401.6,787.3
739.7,-377.8,811.1
742.9,-357.1,838.1
758.7,-306.3,866.7
769.8,-276.2,868.3
787.3,-228.6,892.1
796.8,-174.6,922.2
787.3,-122.2,941.3
736.5,-68.3,942.9
666.7,-19.0,944.4
633.3,25.4,941.3
615.9,27.0,898.4
663.5, 3.2,887.3
688.9, 4.8,895.2
658.7,79.4,922.2
592.1,128.6,922.2
512.7,158.7,917.5
452.4,198.4,912.7
427.0,179.4,884.1
436.5,149.2,857.1
528.6,125.4,861.9
588.9,177.8,917.5
630.2,227.0,915.9
579.4,285.7,934.9
514.3,334.9,911.1
477.8,327.0,884.1
436.5,325.4,834.9
428.6,327.0,790.5
377.8,307.9,744.4
407.9,303.2,639.7
641.3,84.1,584.1
866.7, 7.9,542.9
866.7,82.5,565.1
768.3,204.8,561.9
679.4,300.0,554.0
581.0,352.4,517.5
512.7,303.2,454.0
465.1,255.6,400.0
454.0,249.2,365.1
515.9,230.2,387.3
736.5,160.3,414.3
961.9,84.1,404.8
1011.1,158.7,455.6
915.9,360.3,509.5
758.7,539.7,531.7
454.0,593.7,487.3
581.0,506.3,407.9
631.7,384.1,334.9
690.5,304.8,325.4
839.7,231.7,311.1
895.2,211.1,363.5
998.4,255.6,454.0
1042.9,338.1,511.1
992.1,377.8,506.3
884.1,334.9,430.2
784.1,277.8,339.7
736.5,207.9,311.1
741.3,154.0,301.6
784.1,103.2,309.5
836.5,73.0,354.0
890.5,79.4,381.0
939.7,73.0,407.9
958.7,30.2,401.6
973.0,-47.6,379.4
920.6,-96.8,361.9
842.9,-100.0,352.4
758.7,-98.4,333.3
731.7,-106.3,336.5
758.7,-128.6,384.1
-,-,-
717.5,579.4,795.2
711.1,530.2,766.7
765.1,384.1,669.8
782.5,223.8,530.2
742.9,185.7,430.2
714.3,200.0,404.8
666.7,227.0,384.1
684.1,200.0,355.6
711.1,131.7,309.5
757.1,74.6,277.8
819.0,33.3,258.7
869.8,47.6,287.3
885.7,81.0,309.5
860.3,69.8,301.6
842.9,46.0,276.2
836.5,27.0,258.7
861.9,-44.4,231.7
896.8,-69.8,236.5
861.9,-28.6,255.6
888.9, 4.8,303.2
938.1, 1.6,338.1
938.1,-3.2,336.5
939.7,-28.6,306.3
990.5,-79.4,281.0
1023.8,-125.4,276.2
1038.1,-150.8,261.9
1017.5,-169.8,182.5
961.9,-179.4,284.1
919.0,-196.8,307.9
892.1,-200.0,328.6
866.7,-200.0,352.4
844.4,-196.8,365.1
857.1,-252.4,385.7
820.6,-304.8,360.3
885.7,-384.1,360.3
944.4,-449.2,385.7
915.9,-458.7,388.9
861.9,-484.1,407.9
784.1,-507.9,425.4
666.7,-531.7,434.9
604.8,-554.0,461.9
607.9,-561.9,530.2
658.7,-528.6,606.3
706.3,-484.1,690.5
782.5,-481.0,769.8
785.7,-428.6,844.4
665.1,-382.5,887.3
582.5,-457.1,863.5
560.3,-431.7,860.3
515.9,-409.5,863.5
484.1,-357.1,858.7
479.4,-325.4,844.4
514.3,-273.0,890.5
531.7,-176.2,936.5
541.3,-101.6,971.4
514.3,-47.6,1011.1
460.3, 3.2,1017.5
379.4,57.1,990.5
327.0,101.6,990.5
303.2,84.1,966.7
325.4,73.0,965.1
388.9,54.0,963.5
485.7,81.0,968.3
509.5,173.0,1015.9
509.5,209.5,1014.3
481.0,279.4,973.0
427.0,200.0,941.3
361.9,182.5,866.7
312.7,203.2,822.2
360.3,228.6,841.3
485.7,184.1,809.5
681.0,149.2,812.7
765.1,207.9,858.7
717.5,274.6,817.5
668.3,276.2,744.4
661.9,261.9,719.0
634.9,231.7,636.5
584.1,206.3,566.7
585.7,209.5,561.9
688.9,203.2,552.4
790.5,207.9,555.6
807.9,285.7,563.5
761.9,385.7,558.7
717.5,331.7,511.1
684.1,430.2,484.1
687.3,385.7,433.3
682.5,339.7,388.9
758.7,307.9,411.1
819.0,255.6,407.9
861.9,281.0,433.3
842.9,334.9,463.5
836.5,365.1,479.4
792.1,461.9,515.9
836.5,484.1,538.1
758.7,387.3,379.4
715.9,360.3,363.5
661.9,336.5,350.8
706.3,279.4,336.5
784.1,200.0,360.3
858.7,184.1,433.3
869.8,228.6,479.4
865.1,258.7,463.5
831.7,285.7,503.2
785.7,593.7,458.7
711.1,230.2,431.7
688.9,201.6,412.7
655.6,515.9,411.1
636.5,206.3,407.9
684.1,160.3,409.5
784.1,122.2,430.2
833.3,106.3,438.1
861.9,74.6,439.7
812.7,46.0,433.3
812.7,-3.2,385.7
763.5,-71.4,309.5
720.6,-122.2,254.0
712.7,-155.6,238.1
744.4,-220.6,247.6
836.5,-271.4,260.3
896.8,-281.0,301.6
-,-,-
736.5,425.4,711.1
663.5,384.1,668.3
681.0,390.5,661.9
690.5,403.2,641.3
685.7,388.9,584.1
684.1,403.2,539.7
711.1,358.7,512.7
719.0,333.3,455.6
766.7,304.8,412.7
787.3,301.6,361.9
815.9,260.3,331.7
844.4,200.0,274.6
892.1,150.8,254.0
896.8,103.2,234.9
938.1,96.8,236.5
941.3,100.0,250.8
919.0,109.5,274.6
912.7,96.8,209.5
919.0,125.4,252.4
911.1,98.4,206.3
890.5,81.0,227.0
890.5,25.4,206.3
917.5, 9.5,207.9
885.7,-19.0,200.0
909.5,-1.6,206.3
911.1, 7.9,225.4
963.5, 3.2,234.9
966.7,-27.0,203.2
936.5,-44.4,230.2
871.4,-69.8,228.6
873.0,-106.3,209.5
888.9,-182.5,203.2
907.9,-273.0,174.6
914.3,-323.8,182.5
896.8,-333.3,230.2
820.6,-330.2,252.4
761.9,-331.7,277.8
734.9,-376.2,325.4
744.4,-376.2,355.6
765.1,-430.2,360.3
811.1,-482.5,403.2
822.2,-531.7,431.7
844.4,-536.5,479.4
817.5,-504.8,533.3
761.9,-476.2,584.1
707.9,-460.3,607.9
657.1,-457.1,631.7
968.3,-454.0,641.3
579.4,-450.8,681.0
615.9,-449.2,733.3
665.1,-382.5,819.0
666.7,-323.8,869.8
734.9,-282.5,938.1
771.4,-201.6,1020.6
755.6,-104.8,1065.1
736.5,-82.5,1071.4
734.9,-69.8,1066.7
639.7,-22.2,1022.2
612.7,-46.0,971.4
585.7,-6.3,968.3
555.6,47.6,949.2
554.0,101.6,961.9
557.1,147.6,969.8
588.9,131.7,993.7
604.8,122.2,1015.9
541.3,107.9,973.0
507.9,390.5,966.7
477.8,182.5,938.1
414.3,211.1,895.2
409.5,198.4,863.5
279.4,173.0,860.3
509.5,174.6,868.3
539.7,231.7,914.3
512.7,230.2,898.4
487.3,198.4,858.7
512.7,100.0,788.9
634.9,-55.6,693.7
707.9,-47.6,658.7
634.9,98.4,711.1
517.5,209.5,709.5
454.0,331.7,695.2
403.2,455.6,733.3
388.9,509.5,766.7
407.9,481.0,733.3
387.3,439.7,657.1
541.3,312.7,609.5
787.3,81.0,488.9
868.3,107.9,476.2
809.5,407.9,460.3
661.9,403.2,504.8
611.1,566.7,536.5
565.1,631.7,533.3
590.5,563.5,479.4
631.7,431.7,411.1
688.9,336.5,360.3
788.9,255.6,328.6
892.1,225.4,352.4
911.1,255.6,365.1
893.7,273.0,358.7
847.6,306.3,363.5
814.3,350.8,403.2
744.4,379.4,411.1
715.9,355.6,385.7
715.9,258.7,381.0
761.9,203.2,352.4
790.5,136.5,365.1
868.3,74.6,355.6
915.9,-46.0,334.9
938.1,-20.6,333.3
866.7,54.0,304.8
782.5,134.9,384.1
731.7,133.3,385.7
758.7,79.4,401.6
768.3,55.6,407.9
793.7, 7.9,428.6
784.1,-1.6,427.0
793.7,-27.0,409.5
817.5,-96.8,382.5
842.9,-154.0,361.9
847.6,-169.8,334.9
863.5,-149.2,358.7
846.0,-127.0,384.1
-,-,-
581.0,412.7,792.1
506.3,354.0,734.9
541.3,350.8,758.7
617.5,354.0,768.3
709.5,312.7,760.3
757.1,284.1,717.5
736.5,284.1,685.7
685.7,334.9,642.9
639.7,287.3,628.6
630.2,358.7,558.7
634.9,333.3,539.7
636.5,330.2,503.2
633.3,301.6,452.4
658.7,261.9,434.9
641.3,225.4,382.5
639.7,149.2,301.6
655.6,74.6,249.2
682.5,71.4,227.0
758.7,79.4,233.3
847.6,109.5,330.2
934.9,100.0,327.0
988.9,79.4,306.3
1047.6,57.1,279.4
1071.4,46.0,282.5
1066.7,-1.6,274.6
1066.7,-42.9,255.6
1022.2,-106.3,203.2
973.0,-142.9,185.7
987.3,-168.3,155.6
993.7,-173.0,155.6
1020.6,-181.0,177.8
1049.2,-177.8,222.2
1063.5,-173.0,276.2
1066.7,-198.4,277.8
1022.2,-196.8,261.9
987.3,-227.0,261.9
985.7,-298.4,250.8
961.9,-323.8,233.3
961.9,-374.6,231.7
961.9,-427.0,228.6
911.1,-428.6,231.7
885.7,-430.2,260.3
841.3,-385.7,328.6
817.5,-403.2,361.9
842.9,-484.1,361.9
819.0,-525.4,382.5
806.3,-506.3,414.3
768.3,-474.6,584.1
771.4,-477.8,555.6
785.7,-487.3,606.3
744.4,-431.7,660.3
717.5,-385.7,734.9
736.5,-352.4,820.6
717.5,-323.8,871.4
685.7,-276.2,896.8
668.3,-228.6,938.1
660.3,-200.0,963.5
630.2,-122.2,993.7
558.7,-44.4,996.8
504.8,19.0,993.7
414.3,103.2,987.3
428.6,134.9,1011.1
454.0,134.9,1012.7
479.4,122.2,988.9
528.6,136.5,1036.5
528.6,150.8,1022.2
479.4,158.7,1012.7
411.1,173.0,1011.1
438.1,200.0,992.1
334.9,203.2,919.0
325.4,236.5,939.7
354.0,358.7,1012.7
388.9,334.9,946.0
441.3,360.3,987.3
487.3,336.5,963.5
488.9,330.2,934.9
465.1,331.7,885.7
403.2,309.5,785.7
327.0,312.7,707.9
254.0,330.2,657.1
281.0,330.2,631.7
407.9,304.8,639.7
588.9,274.6,688.9
766.7,179.4,688.9
839.7,184.1,682.5
758.7,336.5,655.6
590.5,487.3,585.7
488.9,581.0,506.3
465.1,590.5,457.1
511.1,539.7,412.7
612.7,503.2,388.9
692.1,455.6,388.9
861.9,328.6,384.1
1036.5,307.9,414.3
1019.0,303.2,477.8
938.1,384.1,463.5
792.1,458.7,457.1
638.1,479.4,387.3
558.7,433.3,307.9
587.3,387.3,307.9
660.3,384.1,354.0
717.5,379.4,365.1
792.1,358.7,411.1
868.3,287.3,409.5
909.5,230.2,403.2
884.1,206.3,406.3
795.2,206.3,333.3
681.0,249.2,281.0
585.7,249.2,250.8
641.3,227.0,288.9
733.3,96.8,352.4
766.7,204.8,401.6
792.1,228.6,403.2
893.7,157.1,387.3
934.9,30.2,379.4
987.3,-100.0,330.2
1009.5,-196.8,298.4
920.6,-173.0,279.4
839.7,-128.6,282.5
846.0,-149.2,258.7
909.5,-176.2,328.6
-,-,-
692.1,414.3,760.3
592.1,376.2,687.3
585.7,352.4,660.3
611.1,330.2,639.7
638.1,288.9,611.1
660.3,277.8,581.0
661.9,261.9,530.2
685.7,258.7,488.9
709.5,261.9,438.1
758.7,255.6,433.3
788.9,236.5,430.2
796.8,230.2,403.2
807.9,198.4,381.0
811.1,179.4,354.0
814.3,160.3,333.3
844.4,155.6,327.0
887.3,131.7,304.8
919.0,107.9,284.1
961.9,77.8,263.5
973.0,50.8,254.0
987.3,25.4,230.2
973.0, 3.2,231.7
969.8,-47.6,201.6
966.7,-28.6,211.1
966.7,-50.8,227.0
963.5,-68.3,206.3
922.2,-73.0,228.6
914.3,-103.2,252.4
911.1,-119.0,276.2
893.7,-93.7,287.3
895.2,-104.8,277.8
909.5,-130.2,250.8
922.2,-179.4,207.9
965.1,-254.0,223.8
960.3,-303.2,230.2
919.0,-331.7,249.2
895.2,-355.6,301.6
885.7,-358.7,334.9
844.4,-376.2,328.6
819.0,-352.4,333.3
788.9,-352.4,330.2
809.5,-382.5,327.0
836.5,-427.0,352.4
838.1,-434.9,382.5
807.9,-484.1,438.1
782.5,-512.7,507.9
719.0,-541.3,512.7
665.1,-552.4,555.6
607.9,-527.0,658.7
603.2,-481.0,582.5
614.3,-423.8,631.7
657.1,-354.0,715.9
739.7,-423.8,812.7
755.6,-301.6,942.9
787.3,-300.0,1012.7
758.7,-322.2,988.9
684.1,-331.7,941.3
615.9,-352.4,884.1
563.5,-323.8,846.0
512.7,-220.6,866.7
465.1,-93.7,917.5
481.0, 6.3,996.8
485.7,125.4,1068.3
515.9,101.6,1069.8
579.4,46.0,1036.5
606.3,27.0,1023.8
585.7,52.4,987.3
557.1,98.4,966.7
534.9,181.0,992.1
458.7,230.2,974.6
403.2,223.8,914.3
385.7,207.9,890.5
434.9,203.2,885.7
457.1,260.3,890.5
455.6,309.5,873.0
533.3,228.6,839.7
736.5,104.8,809.5
834.9,130.2,820.6
734.9,207.9,790.5
636.5,198.4,687.3
533.3,236.5,606.3
481.0,301.6,563.5
477.8,361.9,582.5
512.7,415.9,563.5
581.0,401.6,557.1
715.9,300.0,530.2
844.4,209.5,514.3
871.4,185.7,504.8
812.7,250.8,482.5
712.7,354.0,685.7
633.3,436.5,482.5
592.1,441.3,460.3
617.5,407.9,434.9
655.6,377.8,430.2
658.7,358.7,433.3
668.3,328.6,439.7
734.9,236.5,428.6
792.1,157.1,404.8
793.7,179.4,365.1
741.3,304.8,407.9
695.2,404.8,433.3
741.3,404.8,430.2
836.5,325.4,404.8
919.0,227.0,382.5
961.9,155.6,379.4
942.9,128.6,379.4
911.1,123.8,377.8
885.7,98.4,330.2
858.7,77.8,309.5
834.9,82.5,312.7
811.1,107.9,334.9
809.5,127.0,360.3
819.0,107.9,379.4
865.1,71.4,384.1
885.7,-1.6,365.1
865.1,-47.6,363.5
836.5,-101.6,333.3
809.5,-131.7,306.3
811.1,-144.4,298.4
834.9,-128.6,311.1
839.7,-152.4,312.7
863.5,-174.6,350.8
860.3,-203.2,355.6
863.5,-257.1,338.1
833.3,-284.1,360.3
817.5,-309.5,336.5
766.7,-327.0,327.0
-,-,-
712.7,276.2,668.3
639.7,225.4,660.3
690.5,225.4,758.7
719.0,230.2,711.1
717.5,257.1,707.9
711.1,284.1,704.8
657.1,307.9,692.1
658.7,331.7,692.1
668.3,338.1,690.5
682.5,350.8,663.5
685.7,334.9,658.7
668.3,354.0,636.5
666.7,381.0,631.7
681.0,403.2,615.9
692.1,401.6,606.3
711.1,382.5,582.5
709.5,355.6,554.0
707.9,311.1,501.6
687.3,284.1,461.9
682.5,279.4,431.7
707.9,257.1,411.1
717.5,228.6,388.9
736.5,203.2,363.5
781.0,155.6,327.0
819.0,152.4,309.5
838.1,149.2,314.3
861.9,136.5,301.6
884.1,101.6,281.0
885.7,52.4,154.0
860.3, 7.9,161.9
841.3,-17.5,177.8
841.3,-44.4,158.7
861.9,-23.8,181.0
917.5,-79.4,150.8
965.1,-81.0,225.4
993.7,-73.0,204.8
938.1,-46.0,212.7
917.5,-52.4,209.5
919.0,-95.2,157.1
946.0,-144.4,157.1
1012.7,-203.2,154.0
1041.3,-233.3,158.7
1047.6,-258.7,157.1
1038.1,-282.5,155.6
1060.3,-304.8,181.0
1047.6,-271.4,230.2
1014.3,-201.6,276.2
944.4,-193.7,282.5
993.7,-207.9,301.6
965.1,-281.0,301.6
939.7,-331.7,306.3
868.3,-358.7,328.6
815.9,-382.5,352.4
793.7,-449.2,357.1
793.7,-476.2,377.8
807.9,-503.2,385.7
811.1,-488.9,454.0
788.9,-434.9,534.9
736.5,-400.0,631.7
668.3,-428.6,636.5
661.9,-460.3,663.5
668.3,-479.4,707.9
707.9,-457.1,744.4
704.8,-401.6,765.1
738.1,-336.5,814.3
757.1,-204.8,860.3
742.9,-147.6,898.4
709.5,-79.4,917.5
663.5,-17.5,961.9
590.5,27.0,966.7
511.1,22.2,944.4
431.7,47.6,939.7
328.6,98.4,939.7
263.5,104.8,914.3
287.3,107.9,912.7
360.3,127.0,963.5
460.3,125.4,1011.1
536.5,128.6,1023.8
487.3,211.1,1042.9
403.2,274.6,1012.7
336.5,261.9,968.3
303.2,233.3,914.3
260.3,234.9,884.1
276.2,231.7,841.3
361.9,200.0,833.3
481.0,160.3,815.9
536.5,177.8,812.7
558.7,227.0,787.3
534.9,304.8,736.5
485.7,354.0,685.7
530.2,334.9,639.7
566.7,333.3,615.9
592.1,331.7,607.9
585.7,333.3,590.5
615.9,282.5,557.1
765.1,122.2,477.8
892.1,30.2,407.9
844.4,161.9,431.7
734.9,407.9,514.3
663.5,566.7,536.5
663.5,565.1,531.7
709.5,501.6,484.1
712.7,206.3,465.1
681.0,379.4,460.3
690.5,355.6,465.1
834.9,234.9,465.1
942.9,234.9,484.1
885.7,430.2,455.6
692.1,560.3,530.2
590.5,534.9,434.9
631.7,438.1,403.2
709.5,358.7,407.9
719.0,331.7,441.3
714.3,309.5,461.9
742.9,284.1,481.0
788.9,277.8,501.6
834.9,274.6,507.9
795.2,282.5,465.1
758.7,307.9,452.4
712.7,285.7,403.2
714.3,225.4,360.3
736.5,147.6,328.6
763.5,82.5,336.5
795.2,82.5,385.7
819.0,123.8,436.5
841.3,160.3,481.0
911.1,127.0,455.6
960.3,76.2,411.1
942.9,28.6,403.2
893.7,-17.5,365.1
844.4,-52.4,361.9
792.1,-77.8,358.7
766.7,-81.0,387.3
766.7,-77.8,425.4
-,-,-
793.7,487.3,719.0
736.5,412.7,615.9
760.3,387.3,584.1
693.7,407.9,581.0
687.3,404.8,555.6
704.8,385.7,528.6
693.7,350.8,463.5
717.5,276.2,414.3
744.4,228.6,384.1
796.8,225.4,385.7
846.0,200.0,363.5
871.4,184.1,354.0
892.1,158.7,330.2
917.5,136.5,303.2
907.9,109.5,261.9
890.5,76.2,250.8
885.7,49.2,228.6
912.7, 1.6,203.2
939.7,-20.6,276.2
915.9,-74.6,157.1
893.7,-74.6,181.0
909.5,-77.8,201.6
911.1,-93.7,203.2
944.4,-119.0,207.9
944.4,-169.8,161.9
946.0,-176.2,177.8
949.2,-219.0,182.5
946.0,-244.4,206.3
892.1,-252.4,225.4
863.5,-258.7,233.3
844.4,-282.5,228.6
836.5,-296.8,257.1
858.7,-281.0,277.8
888.9,-281.0,325.4
936.5,-323.8,336.5
960.3,-401.6,355.6
947.6,-454.0,357.1
871.4,-460.3,361.9
785.7,-455.6,406.3
709.5,-457.1,454.0
665.1,-474.6,477.8
666.7,-507.9,477.8
714.3,-525.4,509.5
781.0,-500.0,568.3
785.7,-454.0,638.1
760.3,-457.1,736.5
688.9,-433.3,715.9
666.7,-454.0,768.3
684.1,-454.0,787.3
685.7,-427.0,836.5
684.1,-354.0,838.1
682.5,-228.6,909.5
657.1,-120.6,949.2
631.7,-69.8,987.3
585.7,-20.6,993.7
511.1,55.6,1011.1
428.6,49.2,988.9
334.9,50.8,946.0
352.4, 0.0,895.2
412.7,-19.0,885.7
461.9,30.2,922.2
504.8,58.7,969.8
490.5,107.9,971.4
477.8,149.2,984.1
439.7,150.8,936.5
439.7,133.3,911.1
479.4,134.9,896.8
509.5,173.0,912.7
554.0,182.5,938.1
581.0,154.0,884.1
584.1,176.2,890.5
579.4,209.5,887.3
539.7,225.4,814.3
509.5,254.0,763.5
487.3,273.0,717.5
539.7,276.2,709.5
636.5,249.2,692.1
720.6,207.9,663.5
734.9,233.3,663.5
690.5,249.2,628.6
657.1,236.5,557.1
638.1,257.1,557.1
639.7,277.8,561.9
614.3,309.5,565.1
558.7,377.8,590.5
581.0,404.8,607.9
579.4,384.1,592.1
666.7,407.9,588.9
639.7,452.4,584.1
634.9,558.7,584.1
631.7,430.2,536.5
631.7,403.2,527.0
615.9,387.3,512.7
660.3,360.3,514.3
711.1,330.2,511.1
711.1,363.5,539.7
685.7,407.9,539.7
711.1,385.7,515.9
741.3,336.5,490.5
738.1,331.7,463.5
711.1,334.9,461.9
687.3,350.8,461.9
639.7,333.3,457.1
642.9,300.0,434.9
714.3,212.7,428.6
761.9,200.0,428.6
792.1,150.8,411.1
817.5,146.0,412.7
812.7,131.7,560.3
787.3,154.0,438.1
742.9,149.2,458.7
734.9,77.8,423.8
736.5,46.0,411.1
744.4,33.3,452.4
739.7,34.9,457.1
769.8,-1.6,438.1
812.7,-71.4,409.5
861.9,-93.7,409.5
866.7,-104.8,428.6
842.9,-120.6,436.5
831.7,-149.2,428.6
784.1,-195.2,411.1
766.7,-222.2,406.3
765.1,-233.3,403.2
788.9,-246.0,428.6
815.9,-282.5,414.3
871.4,-301.6,454.0
-,-,-
911.1,198.4,657.1
860.3,154.0,611.1
819.0,158.7,614.3
819.0,252.4,592.1
785.7,284.1,563.5
771.4,330.2,557.1
784.1,355.6,534.9
809.5,333.3,507.9
846.0,273.0,460.3
866.7,231.7,434.9
858.7,207.9,403.2
861.9,184.1,355.6
866.7,149.2,309.5
885.7,104.8,281.0
892.1,74.6,255.6
914.3,23.8,209.5
914.3, 7.9,236.5
890.5,31.7,261.9
882.5,33.3,303.2
860.3,23.8,282.5
819.0,22.2,277.8
820.6,-23.8,254.0
819.0,-66.7,250.8
857.1,-98.4,254.0
846.0,-149.2,209.5
838.1,-154.0,206.3
812.7,-147.6,184.1
834.9,-152.4,203.2
858.7,-171.4,234.9
863.5,-176.2,300.0
890.5,-193.7,328.6
842.9,-181.0,331.7
806.3,-206.3,312.7
807.9,-269.8,301.6
819.0,-333.3,300.0
844.4,-427.0,257.1
868.3,-501.6,276.2
866.7,-528.6,325.4
793.7,-525.4,352.4
734.9,-558.7,338.1
706.3,-609.5,330.2
711.1,-633.3,312.7
707.9,-576.2,403.2
657.1,-560.3,452.4
663.5,-549.2,528.6
707.9,-525.4,612.7
487.3,-557.1,663.5
666.7,-585.7,688.9
614.3,-584.1,693.7
604.8,-579.4,709.5
554.0,-514.3,738.1
514.3,-460.3,785.7
534.9,-461.9,793.7
585.7,-409.5,820.6
631.7,-325.4,887.3
641.3,-246.0,936.5
638.1,-177.8,960.3
633.3,-95.2,965.1
631.7,-23.8,987.3
588.9,55.6,987.3
530.2,96.8,966.7
465.1,133.3,941.3
463.5,158.7,934.9
490.5,131.7,939.7
563.5,73.0,911.1
611.1,85.7,896.8
577.8,182.5,917.5
539.7,231.7,919.0
517.5,274.6,923.8
504.8,261.9,885.7
460.3,277.8,865.1
463.5,255.6,819.0
542.9,254.0,834.9
614.3,257.1,795.2
617.5,311.1,817.5
614.3,355.6,819.0
638.1,328.6,812.7
682.5,284.1,765.1
692.1,279.4,734.9
665.1,282.5,693.7
704.8,306.3,641.3
742.9,306.3,636.5
790.5,285.7,634.9
766.7,336.5,607.9
709.5,358.7,604.8
609.5,487.3,615.9
533.3,530.2,866.7
477.8,509.5,584.1
485.7,433.3,511.1
639.7,285.7,458.7
815.9,184.1,427.0
847.6,204.8,390.5
784.1,227.0,363.5
714.3,301.6,365.1
642.9,365.1,385.7
612.7,407.9,403.2
657.1,363.5,404.8
682.5,336.5,415.9
692.1,282.5,406.3
765.1,200.0,384.1
834.9,150.8,387.3
812.7,154.0,387.3
785.7,154.0,350.8
734.9,223.8,336.5
682.5,279.4,354.0
666.7,300.0,357.1
706.3,260.3,339.7
758.7,201.6,360.3
790.5,134.9,360.3
765.1,81.0,360.3
795.2,54.0,355.6
814.3,30.2,352.4
785.7,31.7,306.3
758.7,25.4,287.3
769.8,23.8,304.8
807.9,-17.5,314.3
838.1,-69.8,325.4
885.7,-149.2,307.9
890.5,-150.8,355.6
865.1,-179.4,352.4
863.5,-195.2,350.8
846.0,-252.4,311.1
846.0,-250.8,339.7
885.7,-298.4,301.6
-,-,-
812.7,338.1,666.7
738.1,328.6,658.7
714.3,339.7,638.1
682.5,333.3,638.1
484.1,334.9,636.5
719.0,361.9,636.5
734.9,387.3,631.7
615.9,361.9,588.9
695.2,361.9,533.3
684.1,358.7,487.3
682.5,328.6,434.9
709.5,285.7,390.5
734.9,249.2,352.4
784.1,174.6,311.1
819.0,152.4,327.0
838.1,149.2,325.4
858.7,130.2,304.8
861.9,123.8,277.8
861.9,85.7,254.0
865.1,54.0,201.6
915.9,27.0,184.1
941.3,-17.5,179.4
971.4,-54.0,158.7
990.5,-100.0,150.8
990.5,-103.2,176.2
966.7,-95.2,203.2
936.5,-92.1,360.3
895.2,-95.2,207.9
868.3,-98.4,211.1
868.3,-133.3,230.2
917.5,-204.8,230.2
947.6,-231.7,233.3
1015.9,-276.2,250.8
1019.0,-300.0,258.7
966.7,-273.0,274.6
939.7,-273.0,300.0
888.9,-255.6,712.7
861.9,-303.2,328.6
812.7,-381.0,333.3
809.5,-501.6,350.8
811.1,-584.1,361.9
788.9,-614.3,385.7
712.7,-582.5,412.7
657.1,-534.9,458.7
612.7,-487.3,536.5
587.3,-498.4,592.1
587.3,-561.9,611.1
584.1,-634.9,633.3
615.9,-655.6,666.7
631.7,-612.7,712.7
609.5,-501.6,787.3
590.5,-430.2,838.1
609.5,-333.3,907.9
587.3,-273.0,946.0
582.5,-179.4,969.8
558.7,-101.6,993.7
515.9,-28.6,1025.4
488.9, 4.8,1023.8
458.7,28.6,995.2
507.9, 7.9,946.0
579.4,-22.2,965.1
657.1,-6.3,988.9
661.9,55.6,1042.9
585.7,149.2,1061.9
504.8,228.6,1042.9
411.1,225.4,1012.7
360.3,257.1,1120.6
382.5,281.0,960.3
411.1,288.9,941.3
590.5,173.0,909.5
757.1,131.7,909.5
766.7,207.9,934.9
712.7,225.4,866.7
661.9,173.0,758.7
590.5,155.6,666.7
563.5,133.3,607.9
558.7,76.2,534.9
607.9,47.6,507.9
707.9,82.5,511.1
787.3,181.0,585.7
839.7,255.6,631.7
793.7,304.8,606.3
692.1,328.6,534.9
634.9,301.6,479.4
584.1,301.6,454.0
538.1,306.3,431.7
584.1,287.3,436.5
684.1,284.1,460.3
790.5,257.1,461.9
831.7,238.1,409.5
795.2,379.4,431.7
741.3,512.7,461.9
666.7,554.0,460.3
639.7,514.3,365.1
639.7,481.0,411.1
682.5,406.3,407.9
739.7,377.8,439.7
793.7,327.0,477.8
819.0,357.1,487.3
811.1,358.7,490.5
765.1,387.3,463.5
731.7,411.1,454.0
744.4,381.0,411.1
744.4,327.0,382.5
742.9,274.6,358.7
765.1,230.2,377.8
766.7,209.5,406.3
784.1,174.6,415.9
787.3,131.7,406.3
765.1,176.2,412.7
738.1,184.1,403.2
733.3,147.6,355.6
757.1,58.7,304.8
795.2,-25.4,287.3
817.5,-74.6,285.7
811.1,-55.6,328.6
814.3,-50.8,338.1
815.9,-77.8,334.9
871.4,-95.2,358.7
892.1,-150.8,365.1
911.1,-223.8,360.3
884.1,-231.7,361.9
866.7,-271.4,350.8
865.1,-333.3,285.7
858.7,-271.4,357.1
-,-,-
793.7,288.9,681.0
734.9,255.6,663.5
738.1,211.1,634.9
760.3,177.8,607.9
766.7,158.7,565.1
742.9,200.0,538.1
692.1,236.5,539.7
657.1,301.6,530.2
642.9,336.5,533.3
669.8,333.3,512.7
707.9,306.3,503.2
739.7,279.4,477.8
755.6,238.1,454.0
761.9,277.8,412.7
769.8,282.5,404.8
787.3,276.2,365.1
809.5,261.9,357.1
814.3,250.8,334.9
842.9,227.0,325.4
860.3,182.5,312.7
860.3,152.4,288.9
844.4,104.8,276.2
888.9,50.8,254.0
915.9,28.6,254.0
919.0,128.6,254.0
942.9,20.6,207.9
971.4,-17.5,200.0
971.4,-68.3,176.2
993.7,-123.8,157.1
985.7,-155.6,157.1
968.3,-181.0,173.0
936.5,-228.6,185.7
896.8,-284.1,200.0
892.1,-384.1,177.8
884.1,-476.2,181.0
861.9,-534.9,179.4
885.7,-584.1,200.0
868.3,-561.9,227.0
871.4,-533.3,298.4
887.3,-504.8,409.5
863.5,-504.8,509.5
842.9,-558.7,536.5
787.3,-584.1,541.3
730.2,-606.3,534.9
709.5,-638.1,533.3
693.7,-658.7,541.3
711.1,-638.1,609.5
709.5,-603.2,707.9
719.0,-531.7,812.7
709.5,-458.7,885.7
717.5,-422.2,934.9
707.9,-374.6,966.7
663.5,-300.0,973.0
566.7,-223.8,944.4
514.3,-149.2,936.5
490.5,-100.0,947.6
490.5,-25.4,966.7
460.3,46.0,990.5
476.2,96.8,1022.2
511.1,74.6,1015.9
490.5,20.6,990.5
509.5,49.2,947.6
509.5,22.2,917.5
439.7,130.2,895.2
412.7,225.4,920.6
428.6,230.2,909.5
461.9,223.8,887.3
484.1,207.9,914.3
509.5,125.4,787.3
592.1,-3.2,717.5
684.1,-49.2,687.3
712.7,28.6,707.9
688.9,125.4,714.3
615.9,204.8,711.1
539.7,327.0,757.1
465.1,376.2,754.0
434.9,331.7,690.5
477.8,258.7,639.7
611.1,125.4,557.1
734.9, 4.8,477.8
765.1,73.0,461.9
715.9,276.2,534.9
661.9,527.0,630.2
588.9,684.1,665.1
555.6,658.7,611.1
557.1,555.6,533.3
560.3,454.0,490.5
614.3,361.9,439.7
763.5,258.7,430.2
866.7,255.6,458.7
911.1,331.7,504.8
846.0,487.3,539.7
741.3,592.1,542.9
688.9,582.5,501.6
692.1,463.5,434.9
684.1,354.0,384.1
690.5,303.2,384.1
693.7,277.8,258.7
742.9,249.2,430.2
809.5,279.4,481.0
833.3,334.9,482.5
809.5,331.7,455.6
793.7,306.3,414.3
792.1,185.7,354.0
768.3,133.3,331.7
782.5,96.8,361.9
819.0,73.0,433.3
842.9,55.6,458.7
861.9,50.8,457.1
869.8,54.0,455.6
839.7,74.6,452.4
765.1,58.7,379.4
719.0,-1.6,314.3
717.5,-73.0,284.1
730.2,-101.6,530.2
763.5,-149.2,312.7
817.5,-154.0,363.5
860.3,-149.2,404.8
892.1,-220.6,407.9
885.7,-131.7,438.1
844.4,-123.8,433.3
811.1,-146.0,387.3
742.9,-177.8,354.0
712.7,-204.8,338.1
736.5,-227.0,360.3
784.1,-223.8,384.1
838.1,-179.4,436.5
868.3,-173.0,482.5
896.8,-154.0,507.9
869.8,-195.2,482.5
863.5,-220.6,461.9
838.1,-250.8,434.9
-,-,-
687.3,358.7,660.3
592.1,300.0,617.5
634.9,257.1,609.5
688.9,250.8,606.3
714.3,254.0,607.9
733.3,261.9,587.3
711.1,258.7,554.0
687.3,285.7,506.3
688.9,306.3,479.4
693.7,304.8,463.5
731.7,304.8,439.7
744.4,301.6,415.9
763.5,261.9,381.0
769.8,285.7,361.9
822.2,254.0,334.9
868.3,209.5,309.5
888.9,185.7,284.1
920.6,158.7,250.8
971.4,131.7,233.3
941.3,123.8,184.1
915.9,123.8,161.9
912.7,73.0,130.2
939.7,76.2,149.2
942.9,76.2,152.4
990.5, 1.6,100.0
1038.1,-49.2,109.5
1019.0,-68.3,104.8
996.8,-77.8,103.2
988.9,-123.8,127.0
968.3,-176.2,130.2
961.9,-227.0,123.8
941.3,-282.5,127.0
922.2,-334.9,128.6
938.1,-385.7,125.4
936.5,-400.0,134.9
915.9,-409.5,177.8
909.5,-427.0,184.1
892.1,-346.0,203.2
890.5,-563.5,201.6
885.7,-638.1,249.2
844.4,-655.6,304.8
784.1,-663.5,360.3
682.5,-652.4,382.5
633.3,-604.8,412.7
661.9,-588.9,484.1
707.9,-555.6,568.3
692.1,-504.8,657.1
685.7,-498.4,733.3
655.6,-477.8,769.8
657.1,-479.4,814.3
685.7,-506.3,814.3
707.9,-485.7,846.0
714.3,-404.8,915.9
703.2,-274.6,988.9
687.3,-150.8,1041.3
668.3,-101.6,1047.6
633.3,-69.8,1047.6
604.8,-54.0,1038.1
557.1, 1.6,1019.0
479.4,55.6,992.1
457.1,122.2,993.7
484.1,128.6,1015.9
512.7,123.8,998.4
531.7,81.0,990.5
528.6,55.6,985.7
436.5,76.2,939.7
339.7,128.6,911.1
303.2,182.5,915.9
250.8,206.3,896.8
60.3,211.1,866.7
258.7,209.5,860.3
365.1,157.1,836.5
514.3,150.8,822.2
585.7,181.0,814.3
592.1,233.3,795.2
560.3,261.9,763.5
514.3,279.4,707.9
463.5,277.8,638.1
431.7,287.3,612.7
452.4,301.6,582.5
563.5,258.7,558.7
665.1,238.1,538.1
769.8,282.5,555.6
833.3,352.4,604.8
765.1,455.6,607.9
615.9,530.2,552.4
514.3,554.0,506.3
481.0,507.9,454.0
511.1,460.3,414.3
593.7,415.9,433.3
758.7,388.9,479.4
834.9,411.1,506.3
893.7,430.2,507.9
866.7,511.1,533.3
787.3,593.7,528.6
709.5,530.2,436.5
688.9,404.8,355.6
693.7,304.8,328.6
911.1,279.4,330.2
720.6,311.1,387.3
757.1,403.2,457.1
815.9,381.0,506.3
884.1,301.6,482.5
912.7,230.2,452.4
884.1,181.0,409.5
788.9,173.0,361.9
731.7,160.3,352.4
692.1,158.7,358.7
715.9,174.6,401.6
758.7,149.2,431.7
793.7,73.0,427.0
811.1,-19.0,382.5
793.7,-76.2,350.8
782.5,-96.8,331.7
761.9,-100.0,331.7
742.9,-119.0,352.4
739.7,-95.2,381.0
784.1,-47.6,428.6
834.9,-52.4,460.3
839.7,-95.2,458.7
819.0,-127.0,412.7
820.6,-155.6,430.2
839.7,-255.6,382.5
844.4,-271.4,387.3
844.4,-258.7,719.0
841.3,-406.3,439.7
861.9,-225.4,477.8
884.1,-230.2,465.1
885.7,-231.7,485.7
844.4,-204.8,487.3
860.3,-184.1,507.9
-,-,-
814.3,350.8,639.7
766.7,279.4,588.9
787.3,274.6,555.6
815.9,277.8,533.3
788.9,301.6,512.7
763.5,311.1,484.1
738.1,276.2,360.3
766.7,211.1,355.6
792.1,158.7,323.8
817.5,152.4,327.0
814.3,160.3,311.1
817.5,198.4,307.9
844.4,187.3,309.5
871.4,201.6,327.0
909.5,184.1,309.5
893.7,158.7,303.2
892.1,128.6,279.4
866.7,76.2,250.8
844.4,28.6,211.1
820.6,-22.2,160.3
866.7,-77.8,147.6
934.9,-144.4,107.9
966.7,-171.4,147.6
946.0,-146.0,150.8
963.5,-130.2,203.2
988.9,-155.6,233.3
946.0,-173.0,250.8
890.5,-227.0,227.0
888.9,-354.0,158.7
885.7,-447.6,127.0
847.6,-509.5,122.2
836.5,-549.2,150.8
785.7,-514.3,252.4
744.4,-477.8,311.1
719.0,-457.1,381.0
684.1,-482.5,407.9
669.8,-557.1,406.3
684.1,-611.1,436.5
715.9,-660.3,514.3
709.5,-639.7,614.3
666.7,-587.3,709.5
636.5,-528.6,811.1
606.3,-479.4,846.0
630.2,-482.5,871.4
687.3,-509.5,888.9
719.0,-511.1,892.1
736.5,-479.4,939.7
709.5,-400.0,988.9
668.3,-328.6,995.2
611.1,-603.2,973.0
560.3,-249.2,942.9
488.9,-147.6,946.0
403.2,-4.8,988.9
303.2,106.3,1019.0
260.3,152.4,974.6
288.9,103.2,990.5
434.9,-55.6,915.9
503.2,-147.6,863.5
461.9,-69.8,884.1
411.1,58.7,895.2
361.9,179.4,946.0
361.9,209.5,987.3
358.7,238.1,1012.7
339.7,-149.2,961.9
434.9,30.2,860.3
566.7,-144.4,739.7
630.2,-155.6,688.9
661.9,28.6,763.5
669.8,160.3,793.7
603.2,276.2,793.7
606.3,257.1,739.7
606.3,184.1,658.7
585.7,206.3,631.7
606.3,228.6,614.3
738.1,96.8,531.7
960.3,-52.4,479.4
1020.6,82.5,538.1
858.7,301.6,604.8
663.5,482.5,585.7
566.7,641.3,565.1
536.5,665.1,614.3
557.1,581.0,512.7
584.1,603.2,485.7
609.5,515.9,452.4
842.9,325.4,390.5
1019.0,182.5,352.4
995.2,257.1,361.9
892.1,338.1,377.8
771.4,485.7,407.9
695.2,539.7,428.6
719.0,455.6,365.1
790.5,282.5,306.3
788.9,249.2,285.7
765.1,257.1,306.3
782.5,260.3,360.3
814.3,203.2,401.6
846.0,109.5,384.1
885.7,84.1,406.3
858.7,174.6,452.4
811.1,230.2,465.1
792.1,231.7,457.1
809.5,176.2,430.2
839.7,46.0,381.0
838.1,-42.9,330.2
793.7,-55.6,325.4
784.1,-50.8,331.7
812.7,-44.4,358.7
842.9,-52.4,379.4
941.3,-98.4,385.7
863.5,-128.6,385.7
833.3,-176.2,355.6
766.7,-247.6,301.6
709.5,-274.6,261.9
693.7,-282.5,249.2
736.5,-279.4,274.6
796.8,-257.1,327.0
865.1,-274.6,363.5
887.3,-279.4,365.1
895.2,-282.5,403.2
-,-,-
712.7,309.5,541.3
681.0,228.6,506.3
712.7,225.4,484.1
758.7,274.6,509.5
785.7,311.1,509.5
785.7,300.0,514.3
792.1,284.1,479.4
768.3,257.1,433.3
763.5,74.6,381.0
793.7,249.2,358.7
812.7,209.5,328.6
857.1,179.4,311.1
858.7,147.6,279.4
990.5,125.4,257.1
861.9,107.9,236.5
888.9,147.6,260.3
893.7,103.2,209.5
922.2,77.8,204.8
966.7,-17.5,181.0
1023.8,-50.8,150.8
1012.7,-95.2,74.6
1012.7,-169.8,200.0
1000.0,-207.9,98.4
1000.0,-230.2,109.5
963.5,-249.2,106.3
941.3,-255.6,77.8
1022.2,-327.0,58.7
1049.2,-398.4,82.5
1020.6,-427.0,101.6
974.6,-434.9,150.8
936.5,-454.0,200.0
893.7,-460.3,234.9
863.5,-460.3,279.4
822.2,-458.7,325.4
820.6,-506.3,328.6
819.0,-539.7,361.9
761.9,-576.2,436.5
688.9,-579.4,515.9
609.5,-585.7,609.5
579.4,-630.2,634.9
536.5,-630.2,612.7
555.6,-612.7,639.7
665.1,-603.2,660.3
712.7,-536.5,733.3
736.5,-428.6,817.5
693.7,-349.2,896.8
611.1,-301.6,941.3
565.1,-301.6,960.3
561.9,-306.3,969.8
539.7,-254.0,988.9
481.0,-181.0,995.2
439.7,-146.0,968.3
482.5,-130.2,963.5
555.6,-103.2,966.7
584.1,-55.6,987.3
563.5,23.8,1012.7
536.5,98.4,1023.8
479.4,107.9,998.4
431.7,81.0,969.8
403.2,52.4,939.7
407.9,-4.8,871.4
463.5,-20.6,866.7
533.3, 0.0,871.4
636.5,77.8,939.7
642.9,200.0,995.2
606.3,279.4,1012.7
511.1,282.5,942.9
436.5,276.2,868.3
411.1,228.6,788.9
403.2,185.7,719.0
434.9,181.0,666.7
517.5,109.5,639.7
709.5,-1.6,561.9
938.1,28.6,606.3
939.7,227.0,711.1
817.5,358.7,719.0
668.3,430.2,658.7
511.1,455.6,587.3
403.2,379.4,463.5
363.5,279.4,357.1
436.5,209.5,309.5
641.3,176.2,311.1
885.7,157.1,352.4
996.8,277.8,454.0
961.9,484.1,554.0
844.4,614.3,563.5
736.5,688.9,490.5
655.6,588.9,381.0
707.9,439.7,311.1
766.7,311.1,258.7
839.7,223.8,254.0
934.9,152.4,261.9
958.7,200.0,328.6
936.5,334.9,406.3
817.5,506.3,479.4
734.9,555.6,461.9
712.7,458.7,403.2
741.3,304.8,307.9
782.5,157.1,281.0
834.9,47.6,258.7
836.5,27.0,282.5
844.4,74.6,328.6
815.9,157.1,377.8
790.5,236.5,414.3
731.7,261.9,388.9
715.9,184.1,334.9
731.7,46.0,277.8
736.5,-27.0,250.8
765.1,-74.6,258.7
817.5,-104.8,304.8
868.3,-150.8,301.6
888.9,-96.8,361.9
885.7,-3.2,431.7
820.6,54.0,460.3
766.7,27.0,388.9
766.7,-19.0,384.1
760.3,-130.2,301.6
758.7,-220.6,274.6
766.7,-271.4,271.4
809.5,-271.4,327.0
871.4,-307.9,303.2
893.7,-322.2,336.5
919.0,-281.0,384.1
939.7,-298.4,361.9
934.9,-301.6,387.3
936.5,-350.8,339.7
-,-,-
973.0,231.7,458.7
942.9,154.0,434.9
966.7,179.4,412.7
936.5,228.6,388.9
869.8,252.4,357.1
858.7,207.9,325.4
841.3,104.8,273.0
844.4,152.4,254.0
858.7,123.8,207.9
863.5,130.2,231.7
887.3,130.2,227.0
936.5,134.9,254.0
960.3,77.8,203.2
947.6,58.7,200.0
1036.5,46.0,176.2
936.5,28.6,174.6
947.6, 7.9,149.2
963.5,-25.4,147.6
961.9,-71.4,127.0
942.9,-103.2,104.8
915.9,-177.8,81.0
939.7,-277.8,52.4
965.1,-355.6,54.0
939.7,-374.6,81.0
865.1,-333.3,109.5
863.5,-307.9,158.7
833.3,-282.5,203.2
841.3,-298.4,230.2
809.5,-304.8,227.0
793.7,-360.3,250.8
809.5,-433.3,279.4
815.9,-512.7,312.7
819.0,-587.3,330.2
809.5,-606.3,357.1
742.9,-565.1,407.9
715.9,-501.6,479.4
682.5,-447.6,531.7
681.0,-428.6,563.5
736.5,-454.0,638.1
757.1,-485.7,685.7
736.5,-550.8,712.7
712.7,-560.3,758.7
682.5,-561.9,771.4
636.5,-530.2,817.5
644.4,-530.2,819.0
631.7,-452.4,839.7
658.7,-358.7,868.3
658.7,-298.4,939.7
633.3,-206.3,985.7
604.8,-104.8,1014.3
568.3,-77.8,1020.6
541.3,-54.0,1020.6
528.6,-49.2,998.4
487.3, 1.6,995.2
450.8,73.0,996.8
430.2,82.5,987.3
485.7,30.2,992.1
555.6, 0.0,965.1
534.9,33.3,963.5
482.5,101.6,942.9
411.1,150.8,912.7
431.7,127.0,865.1
477.8,84.1,841.3
490.5,101.6,841.3
528.6,57.1,790.5
542.9,79.4,769.8
588.9,103.2,768.3
633.3,79.4,739.7
709.5,47.6,685.7
684.1,82.5,663.5
631.7,227.0,542.9
563.5,257.1,604.8
482.5,250.8,539.7
465.1,300.0,565.1
531.7,330.2,588.9
961.9,279.4,609.5
788.9,209.5,538.1
838.1,206.3,501.6
819.0,274.6,484.1
742.9,404.8,481.0
630.2,507.9,438.1
557.1,536.5,404.8
581.0,563.5,407.9
614.3,584.1,434.9
634.9,509.5,411.1
871.4,309.5,384.1
1088.9,200.0,382.5
1100.0,258.7,455.6
936.5,365.1,460.3
739.7,514.3,465.1
615.9,581.0,454.0
617.5,506.3,407.9
666.7,428.6,385.7
734.9,354.0,401.6
782.5,276.2,382.5
841.3,201.6,363.5
868.3,160.3,360.3
811.1,233.3,403.2
684.1,301.6,350.8
661.9,333.3,355.6
663.5,333.3,336.5
709.5,260.3,357.1
717.5,225.4,352.4
744.4,154.0,363.5
758.7,103.2,350.8
965.1,28.6,311.1
836.5,-1.6,309.5
839.7,27.0,330.2
809.5,82.5,355.6
784.1,101.6,355.6
758.7,58.7,333.3
765.1,22.2,328.6
766.7,-22.2,307.9
788.9,-50.8,325.4
790.5,-96.8,303.2
792.1,-104.8,303.2
809.5,-120.6,311.1
860.3,-127.0,350.8
865.1,-101.6,357.1
844.4,-146.0,307.9
836.5,-155.6,311.1
841.3,-222.2,312.7
885.7,-184.1,334.9
833.3,-247.6,282.5
817.5,-201.6,355.6
817.5,-246.0,357.1
861.9,-307.9,328.6
863.5,-323.8,331.7
893.7,-257.1,407.9
920.6,-257.1,403.2
919.0,-254.0,401.6
914.3,-230.2,403.2
909.5,-225.4,409.5
-,-,-
961.9,128.6,377.8
888.9,54.0,300.0
936.5,57.1,304.8
965.1,55.6,277.8
961.9,100.0,282.5
914.3,84.1,184.1
893.7,152.4,203.2
914.3,177.8,209.5
684.1,174.6,176.2
1017.5,131.7,173.0
1041.3,71.4,107.9
1068.3,30.2,106.3
1038.1, 0.0,103.2
992.1,-69.8,74.6
985.7,-146.0,52.4
971.4,-206.3,22.2
966.7,-254.0,22.2
965.1,-252.4,31.7
946.0,-258.7,50.8
936.5,-307.9,73.0
912.7,-325.4,79.4
887.3,-477.8,104.8
866.7,-485.7,134.9
865.1,-512.7,174.6
888.9,-550.8,209.5
857.1,-558.7,233.3
793.7,-549.2,276.2
761.9,-528.6,327.0
733.3,-534.9,381.0
734.9,-584.1,431.7
720.6,-607.9,488.9
681.0,-579.4,606.3
617.5,-511.1,684.1
607.9,-460.3,785.7
579.4,-401.6,865.1
592.1,-357.1,912.7
639.7,-354.0,917.5
688.9,-327.0,995.2
707.9,-303.2,1015.9
679.4,-228.6,1017.5
606.3,-146.0,1015.9
560.3,-30.2,1038.1
504.8,54.0,1046.0
485.7,84.1,1047.6
428.6,160.3,1063.5
306.3,279.4,1088.9
233.3,255.6,1068.3
250.8,231.7,1044.4
377.8,176.2,1022.2
484.1,131.7,1022.2
530.2,179.4,1022.2
487.3,257.1,1038.1
428.6,352.4,1020.6
387.3,403.2,1011.1
336.5,407.9,966.7
331.7,376.2,912.7
355.6,333.3,890.5
406.3,206.3,790.5
511.1,173.0,744.4
707.9,58.7,690.5
833.3,79.4,692.1
812.7,176.2,684.1
720.6,349.2,695.2
611.1,434.9,641.3
555.6,388.9,587.3
515.9,304.8,509.5
504.8,207.9,430.2
539.7,176.2,415.9
738.1,82.5,385.7
915.9,33.3,406.3
892.1,103.2,404.8
717.5,312.7,431.7
536.5,530.2,465.1
458.7,615.9,438.1
506.3,506.3,384.1
636.5,360.3,336.5
741.3,249.2,433.3
742.9,198.4,300.0
755.6,250.8,304.8
739.7,352.4,381.0
684.1,460.3,428.6
631.7,536.5,460.3
666.7,482.5,414.3
755.6,334.9,363.5
817.5,252.4,355.6
836.5,231.7,379.4
817.5,234.9,406.3
785.7,287.3,434.9
760.3,287.3,438.1
784.1,252.4,431.7
812.7,225.4,407.9
858.7,177.8,404.8
917.5,125.4,409.5
919.0,98.4,379.4
860.3,82.5,365.1
809.5,73.0,357.1
784.1,19.0,312.7
815.9, 1.6,331.7
734.9,20.6,361.9
836.5,-77.8,352.4
844.4,-1.6,358.7
885.7,-69.8,331.7
914.3,-50.8,388.9
865.1,-122.2,330.2
838.1,-93.7,360.3
811.1,-149.2,306.3
815.9,-104.8,384.1
1012.7,-122.2,352.4
842.9,-100.0,434.9
815.9,-117.5,430.2
815.9,-104.8,454.0
831.7,-171.4,439.7
815.9,-281.0,233.3
814.3,-295.2,377.8
820.6,-301.6,357.1
842.9,-301.6,352.4
861.9,-281.0,390.5
892.1,-584.1,363.5
919.0,-284.1,438.1
968.3,-247.6,414.3
968.3,-254.0,506.3
920.6,-274.6,487.3
-,-,-
741.3,222.2,506.3
711.1,200.0,458.7
720.6,204.8,481.0
766.7,176.2,457.1
807.9,176.2,460.3
844.4,123.8,433.3
885.7,130.2,434.9
865.1,152.4,406.3
838.1,174.6,401.6
811.1,157.1,355.6
834.9,107.9,328.6
811.1,100.0,352.4
833.3,98.4,350.8
846.0,81.0,331.7
834.9,96.8,331.7
819.0,131.7,338.1
807.9,152.4,330.2
822.2,160.3,327.0
807.9,146.0,285.7
790.5,128.6,284.1
763.5,104.8,254.0
738.1,27.0,176.2
742.9,-27.0,154.0
790.5,-79.4,134.9
863.5,-117.5,134.9
936.5,-150.8,134.9
1015.9,-128.6,184.1
1044.4,-93.7,206.3
1049.2,-50.8,228.6
1015.9,-44.4,236.5
961.9,-54.0,255.6
873.0,-103.2,234.9
842.9,-201.6,225.4
809.5,-230.2,227.0
760.3,-271.4,274.6
761.9,-331.7,155.6
814.3,-398.4,160.3
869.8,-449.2,200.0
895.2,-498.4,103.2
936.5,-484.1,285.7
917.5,-482.5,361.9
861.9,-455.6,409.5
785.7,-436.5,439.7
809.5,-455.6,452.4
765.1,-481.0,433.3
739.7,-527.0,430.2
712.7,-561.9,430.2
712.7,-604.8,458.7
714.3,-601.6,511.1
663.5,-533.3,541.3
615.9,-484.1,566.7
609.5,-447.6,584.1
641.3,-433.3,631.7
714.3,-450.8,690.5
746.0,-409.5,761.9
734.9,-376.2,817.5
687.3,-309.5,858.7
614.3,-258.7,847.6
539.7,-227.0,812.7
485.7,-203.2,792.1
477.8,-198.4,766.7
465.1,-181.0,738.1
509.5,-177.8,741.3
565.1,-154.0,760.3
658.7,-146.0,807.9
695.2,-120.6,863.5
666.7,-73.0,861.9
587.3,-27.0,809.5
512.7,31.7,769.8
460.3,81.0,742.9
431.7,107.9,709.5
504.8,100.0,693.7
607.9,84.1,712.7
681.0,125.4,741.3
690.5,152.4,744.4
692.1,130.2,733.3
711.1,127.0,709.5
717.5,133.3,692.1
681.0,203.2,687.3
603.2,257.1,633.3
536.5,309.5,590.5
541.3,355.6,579.4
588.9,382.5,504.8
617.5,387.3,561.9
660.3,357.1,538.1
760.3,311.1,552.4
887.3,234.9,584.1
974.6,154.0,563.5
914.3,227.0,565.1
685.7,428.6,538.1
461.9,558.7,488.9
407.9,579.4,466.7
504.8,530.2,454.0
606.3,512.7,479.4
690.5,465.1,482.5
1042.9,582.5,452.4
961.9,255.6,433.3
992.1,258.7,452.4
973.0,333.3,463.5
833.3,490.5,457.1
633.3,587.3,412.7
536.5,584.1,358.7
581.0,466.7,276.2
688.9,312.7,234.9
793.7,211.1,234.9
892.1,149.2,279.4
915.9,149.2,306.3
917.5,133.3,327.0
863.5,184.1,328.6
744.4,250.8,287.3
707.9,255.6,257.1
688.9,203.2,209.5
730.2,125.4,200.0
790.5,57.1,200.0
887.3,130.2,209.5
917.5,-69.8,234.9
963.5,-69.8,287.3
963.5,-74.6,330.2
936.5,-49.2,385.7
885.7,-47.6,403.2
812.7,-19.0,387.3
-,-,-
885.7,403.2,633.3
838.1,338.1,585.7
892.1,325.4,539.7
893.7,285.7,479.4
922.2,227.0,412.7
888.9,177.8,338.1
839.7,174.6,304.8
792.1,155.6,279.4
782.5,127.0,257.1
807.9,101.6,261.9
811.1,103.2,277.8
834.9,101.6,281.0
896.8,136.5,338.1
936.5,125.4,307.9
907.9,123.8,284.1
911.1,49.2,230.2
895.2,25.4,225.4
882.5,-4.8,182.5
841.3,-4.8,198.4
860.3,-3.2,204.8
861.9, 7.9,249.2
868.3,23.8,249.2
890.5,82.5,260.3
896.8,20.6,204.8
912.7,23.8,234.9
919.0,-44.4,177.8
934.9,-104.8,174.6
909.5,-174.6,198.4
839.7,-176.2,206.3
768.3,-171.4,207.9
758.7,-152.4,250.8
738.1,-152.4,249.2
785.7,-149.2,225.4
838.1,-127.0,252.4
896.8,-128.6,227.0
992.1,-225.4,223.8
1117.5,-304.8,260.3
1138.1,-323.8,307.9
1073.0,-325.4,355.6
939.7,-330.2,307.9
887.3,-403.2,311.1
844.4,-427.0,301.6
834.9,-431.7,309.5
834.9,-433.3,282.5
892.1,-400.0,431.7
866.7,-376.2,504.8
887.3,-403.2,533.3
860.3,-455.6,560.3
811.1,-474.6,555.6
763.5,-474.6,554.0
784.1,-484.1,582.5
765.1,-473.0,566.7
788.9,-427.0,604.8
765.1,-331.7,687.3
714.3,-204.8,746.0
668.3,-154.0,758.7
660.3,-146.0,758.7
657.1,-131.7,758.7
665.1,-154.0,760.3
661.9,-152.4,788.9
638.1,-93.7,834.9
582.5,-50.8,841.3
554.0,-22.2,836.5
465.1,30.2,819.0
455.6,54.0,839.7
509.5,30.2,842.9
565.1,33.3,890.5
617.5,25.4,914.3
641.3,122.2,922.2
609.5,252.4,939.7
511.1,306.3,933.3
455.6,279.4,869.8
384.1,236.5,788.9
365.1,207.9,785.7
406.3,171.4,734.9
514.3,79.4,688.9
663.5,-4.8,657.1
758.7,23.8,655.6
809.5,155.6,707.9
765.1,281.0,717.5
687.3,336.5,714.3
566.7,327.0,636.5
512.7,276.2,566.7
527.0,184.1,506.3
530.2,104.8,415.9
609.5, 4.8,338.1
692.1,-17.5,312.7
742.9,101.6,360.3
819.0,257.1,479.4
836.5,439.7,558.7
765.1,512.7,539.7
707.9,485.7,463.5
660.3,436.5,404.8
682.5,377.8,357.1
734.9,281.0,312.7
769.8,206.3,282.5
887.3,158.7,350.8
966.7,209.5,384.1
992.1,358.7,485.7
919.0,482.5,485.7
795.2,511.1,452.4
734.9,457.1,384.1
707.9,354.0,328.6
711.1,300.0,185.7
738.1,261.9,327.0
788.9,111.1,330.2
839.7,203.2,363.5
842.9,254.0,433.3
834.9,279.4,460.3
792.1,258.7,436.5
738.1,238.1,430.2
684.1,209.5,365.1
657.1,200.0,357.1
669.8,181.0,363.5
763.5,155.6,382.5
841.3,149.2,403.2
866.7,133.3,404.8
869.8,100.0,365.1
892.1,50.8,352.4
895.2, 7.9,311.1
863.5, 3.2,300.0
815.9,-3.2,279.4
795.2,-20.6,263.5
839.7,-81.0,260.3
863.5,-106.3,285.7
890.5,-123.8,301.6
911.1,-117.5,309.5
917.5,-149.2,307.9
892.1,-171.4,327.0
866.7,-207.9,303.2
869.8,-271.4,300.0
863.5,-250.8,311.1
863.5,-255.6,333.3
893.7,-230.2,365.1
944.4,-204.8,414.3
917.5,-169.8,427.0
-,-,-
811.1,204.8,509.5
760.3,131.7,482.5
819.0,157.1,506.3
815.9,233.3,528.6
834.9,258.7,506.3
809.5,274.6,465.1
769.8,279.4,414.3
757.1,257.1,354.0
785.7,225.4,325.4
812.7,181.0,303.2
842.9,161.9,301.6
812.7,174.6,311.1
863.5,203.2,327.0
811.1,228.6,307.9
790.5,230.2,277.8
839.7,182.5,249.2
868.3,104.8,212.7
890.5,31.7,198.4
911.1, 0.0,185.7
936.5,-25.4,201.6
934.9,-15.9,185.7
917.5,-19.0,227.0
939.7,-25.4,230.2
968.3,-76.2,203.2
1000.0,-123.8,185.7
1015.9,-181.0,154.0
1023.8,-223.8,147.6
1017.5,-249.2,155.6
1022.2,-279.4,184.1
1038.1,-330.2,212.7
998.4,-354.0,228.6
920.6,-331.7,255.6
884.1,-334.9,284.1
841.3,-333.3,285.7
784.1,-352.4,325.4
792.1,-398.4,336.5
815.9,-431.7,403.2
855.6,-455.6,433.3
861.9,-482.5,434.9
885.7,-528.6,431.7
936.5,-607.9,428.6
958.7,-654.0,412.7
917.5,-630.2,455.6
788.9,-587.3,477.8
668.3,-538.1,509.5
581.0,-500.0,533.3
538.1,-455.6,557.1
581.0,-457.1,581.0
661.9,-476.2,615.9
668.3,-425.4,657.1
663.5,-331.7,709.5
639.7,-231.7,552.4
606.3,-130.2,768.3
558.7,-73.0,793.7
512.7, 3.2,814.3
460.3,50.8,820.6
436.5,85.7,844.4
431.7,131.7,858.7
504.8,158.7,893.7
592.1,152.4,922.2
669.8,109.5,963.5
706.3,109.5,968.3
642.9,181.0,965.1
558.7,230.2,941.3
514.3,250.8,909.5
465.1,228.6,866.7
477.8,174.6,822.2
463.5,130.2,768.3
436.5,134.9,731.7
414.3,85.7,687.3
514.3,34.9,657.1
687.3,-3.2,615.9
833.3,-23.8,639.7
860.3, 0.0,636.5
842.9,31.7,688.9
758.7,100.0,606.3
663.5,152.4,581.0
588.9,182.5,561.9
607.9,206.3,566.7
636.5,228.6,606.3
684.1,203.2,609.5
736.5,231.7,604.8
711.1,238.1,582.5
687.3,301.6,582.5
661.9,381.0,590.5
663.5,436.5,584.1
541.3,487.3,566.7
555.6,485.7,563.5
611.1,439.7,563.5
738.1,309.5,528.6
814.3,257.1,487.3
811.1,285.7,503.2
784.1,331.7,503.2
782.5,334.9,484.1
744.4,350.8,485.7
733.3,331.7,454.0
733.3,301.6,428.6
715.9,252.4,404.8
715.9,206.3,414.3
760.3,174.6,400.0
809.5,185.7,412.7
869.8,254.0,463.5
895.2,277.8,488.9
869.8,255.6,438.1
861.9,223.8,403.2
838.1,158.7,325.4
785.7,96.8,258.7
760.3,28.6,182.5
796.8,-28.6,152.4
869.8,-96.8,125.4
909.5,-95.2,157.1
887.3,-79.4,201.6
860.3,-81.0,234.9
834.9,-46.0,260.3
788.9,-74.6,309.5
734.9,-50.8,358.7
707.9,-22.2,388.9
687.3, 0.0,407.9
712.7,-20.6,427.0
760.3,-69.8,428.6
811.1,-96.8,427.0
839.7,-144.4,411.1
860.3,-182.5,409.5
884.1,-223.8,430.2
885.7,-200.0,428.6
868.3,-206.3,427.0
861.9,179.4,427.0
-,-,-
866.7,133.3,533.3
785.7,106.3,533.3
768.3,149.2,538.1
769.8,177.8,538.1
766.7,184.1,530.2
631.7,200.0,509.5
785.7,200.0,504.8
793.7,176.2,479.4
790.5,157.1,434.9
788.9,123.8,382.5
795.2,101.6,352.4
796.8,106.3,328.6
790.5,122.2,327.0
784.1,125.4,285.7
812.7,127.0,281.0
847.6,107.9,281.0
869.8,101.6,274.6
869.8,76.2,233.3
890.5,58.7,223.8
936.5,54.0,228.6
920.6,52.4,234.9
915.9,50.8,250.8
896.8,33.3,231.7
871.4,31.7,236.5
866.7,25.4,238.1
861.9, 4.8,223.8
844.4,-20.6,209.5
834.9,-42.9,206.3
838.1,-71.4,182.5
841.3,-96.8,196.8
898.4,-120.6,209.5
917.5,-133.3,227.0
941.3,-155.6,234.9
1017.5,-173.0,231.7
923.8,-150.8,209.5
866.7,-149.2,146.0
888.9,-247.6,100.0
965.1,-401.6,73.0
1011.1,-531.7,49.2
995.2,-638.1,54.0
960.3,-636.5,123.8
884.1,-565.1,227.0
788.9,-482.5,309.5
733.3,-407.9,377.8
738.1,-377.8,428.6
819.0,-450.8,481.0
890.5,-484.1,530.2
895.2,-485.7,584.1
887.3,-484.1,636.5
841.3,-461.9,682.5
742.9,-404.8,715.9
638.1,-355.6,733.3
585.7,-333.3,744.4
555.6,-374.6,733.3
581.0,-352.4,757.1
609.5,-269.8,814.3
644.4,-222.2,866.7
615.9,-147.6,920.6
584.1,-50.8,961.9
558.7,-1.6,969.8
563.5, 0.0,960.3
528.6,23.8,936.5
481.0,28.6,895.2
433.3,28.6,861.9
434.9,60.3,860.3
452.4,96.8,911.1
487.3,84.1,912.7
555.6,52.4,893.7
581.0,54.0,888.9
477.8,84.1,869.8
358.7,130.2,836.5
463.5,149.2,765.1
457.1,127.0,709.5
530.2,81.0,682.5
642.9,58.7,668.3
709.5,52.4,669.8
736.5,95.2,665.1
755.6,131.7,665.1
731.7,206.3,661.9
666.7,252.4,636.5
658.7,250.8,607.9
641.3,252.4,588.9
607.9,276.2,592.1
606.3,338.1,585.7
636.5,281.0,585.7
692.1,349.2,604.8
685.7,434.9,642.9
642.9,457.1,590.5
920.6,461.9,536.5
557.1,438.1,503.2
617.5,354.0,457.1
733.3,304.8,452.4
785.7,304.8,461.9
793.7,312.7,465.1
768.3,365.1,481.0
717.5,414.3,479.4
661.9,439.7,457.1
655.6,431.7,433.3
684.1,406.3,430.2
734.9,333.3,406.3
792.1,281.0,404.8
860.3,209.5,404.8
912.7,158.7,379.4
941.3,147.6,385.7
892.1,204.8,385.7
809.5,249.2,382.5
734.9,276.2,360.3
658.7,260.3,355.6
682.5,227.0,352.4
711.1,174.6,334.9
784.1,98.4,358.7
865.1,27.0,360.3
912.7,-4.8,336.5
909.5,30.2,355.6
861.9,98.4,377.8
784.1,155.6,361.9
717.5,177.8,363.5
657.1,161.9,357.1
642.9,81.0,330.2
768.3,22.2,300.0
714.3,-47.6,277.8
761.9,-77.8,298.4
814.3,-81.0,311.1
861.9,-100.0,328.6
866.7,-123.8,331.7
842.9,-152.4,309.5
811.1,-181.0,284.1
787.3,-258.7,260.3
790.5,-304.8,250.8
-,-,-
896.8,274.6,555.6
790.5,207.9,511.1
795.2,255.6,530.2
793.7,250.8,536.5
787.3,255.6,509.5
739.7,277.8,482.5
714.3,261.9,461.9
692.1,282.5,438.1
666.7,301.6,450.8
658.7,300.0,433.3
684.1,276.2,407.9
757.1,234.9,384.1
819.0,227.0,365.1
841.3,233.3,352.4
841.3,236.5,306.3
846.0,225.4,252.4
865.1,179.4,225.4
871.4,104.8,200.0
871.4,58.7,157.1
885.7,30.2,173.0
888.9, 3.2,177.8
869.8,-1.6,184.1
842.9,27.0,176.2
846.0,22.2,187.3
871.4,52.4,228.6
912.7,52.4,233.3
963.5,57.1,276.2
987.3,77.8,287.3
917.5,84.1,311.1
919.0,73.0,306.3
946.0, 6.3,284.1
985.7,-25.4,274.6
987.3,-49.2,228.6
966.7,-74.6,201.6
966.7,-157.1,181.0
987.3,-173.0,179.4
993.7,-203.2,184.1
963.5,-225.4,200.0
914.3,-231.7,206.3
858.7,-247.6,227.0
820.6,-254.0,255.6
811.1,-257.1,277.8
811.1,-279.4,277.8
838.1,-311.1,274.6
860.3,-327.0,303.2
888.9,-349.2,323.8
895.2,-374.6,333.3
871.4,-401.6,350.8
838.1,-427.0,333.3
839.7,-460.3,330.2
790.5,-488.9,333.3
760.3,-498.4,360.3
760.3,-474.6,412.7
695.2,-349.2,482.5
665.1,-277.8,512.7
639.7,-255.6,565.1
636.5,-282.5,592.1
660.3,-327.0,612.7
655.6,-311.1,658.7
633.3,-271.4,666.7
641.3,-222.2,707.9
665.1,-155.6,761.9
687.3,-98.4,784.1
707.9,-66.7,834.9
692.1,-15.9,884.1
657.1,28.6,896.8
636.5,46.0,896.8
615.9,30.2,909.5
592.1,77.8,911.1
515.9,157.1,914.3
506.3,149.2,895.2
506.3,104.8,885.7
506.3,98.4,887.3
534.9,49.2,892.1
582.5,52.4,896.8
579.4,101.6,911.1
541.3,152.4,917.5
536.5,152.4,892.1
514.3,171.4,885.7
485.7,203.2,857.1
455.6,181.0,858.7
387.3,207.9,766.7
352.4,174.6,714.3
361.9,104.8,642.9
566.7,46.0,609.5
592.1,-47.6,592.1
709.5,-20.6,528.6
738.1,100.0,619.0
768.3,227.0,660.3
769.8,333.3,666.7
768.3,388.9,639.7
733.3,379.4,609.5
615.9,404.8,560.3
588.9,365.1,515.9
611.1,338.1,511.1
687.3,304.8,514.3
822.2,282.5,533.3
912.7,285.7,554.0
911.1,379.4,566.7
817.5,538.1,590.5
684.1,641.3,581.0
612.7,657.1,555.6
611.1,552.4,488.9
634.9,434.9,438.1
666.7,358.7,406.3
714.3,288.9,365.1
782.5,282.5,404.8
793.7,352.4,439.7
766.7,439.7,481.0
685.7,479.4,465.1
606.3,460.3,412.7
566.7,354.0,338.1
565.1,284.1,307.9
612.7,204.8,277.8
685.7,154.0,276.2
787.3,150.8,307.9
866.7,173.0,365.1
919.0,174.6,412.7
934.9,174.6,407.9
873.0,130.2,354.0
820.6,136.5,327.0
684.1,130.2,285.7
655.6,109.5,282.5
665.1,54.0,282.5
738.1, 4.8,301.6
820.6,-104.8,274.6
936.5,-176.2,254.0
985.7,-219.0,279.4
988.9,-247.6,282.5
966.7,-249.2,311.1
934.9,-246.0,338.1
884.1,-203.2,352.4
-,-,-
919.0,354.0,579.4
744.4,301.6,531.7
715.9,300.0,503.2
657.1,279.4,466.7
661.9,258.7,430.2
712.7,227.0,407.9
769.8,204.8,403.2
817.5,176.2,384.1
861.9,158.7,387.3
885.7,176.2,387.3
858.7,173.0,376.2
820.6,150.8,331.7
787.3,147.6,309.5
768.3,127.0,288.9
766.7,104.8,300.0
784.1,101.6,277.8
788.9,84.1,261.9
809.5,79.4,260.3
817.5,77.8,258.7
833.3,82.5,258.7
839.7,74.6,258.7
842.9,50.8,260.3
858.7,46.0,273.0
866.7,20.6,273.0
888.9, 6.3,282.5
885.7,22.2,281.0
866.7,23.8,276.2
868.3,23.8,257.1
890.5,-54.0,249.2
865.1,-98.4,201.6
887.3,-147.6,185.7
911.1,-204.8,157.1
944.4,-295.2,149.2
969.8,-357.1,150.8
987.3,-381.0,130.2
969.8,-360.3,146.0
934.9,-330.2,176.2
885.7,-307.9,200.0
841.3,-295.2,250.8
795.2,-306.3,282.5
795.2,-376.2,284.1
842.9,-457.1,287.3
819.0,-476.2,306.3
836.5,-476.2,328.6
860.3,-454.0,358.7
839.7,-450.8,406.3
815.9,-434.9,436.5
766.7,-455.6,479.4
733.3,-460.3,533.3
684.1,-479.4,566.7
638.1,-454.0,612.7
617.5,-450.8,655.6
642.9,-460.3,661.9
682.5,-476.2,712.7
731.7,-477.8,757.1
739.7,-481.0,787.3
742.9,-422.2,814.3
741.3,-328.6,869.8
607.9,-252.4,890.5
633.3,-179.4,893.7
579.4,-120.6,911.1
514.3,-77.8,911.1
461.9,-28.6,895.2
438.1, 7.9,915.9
457.1,49.2,923.8
584.1,-3.2,961.9
687.3,-28.6,966.7
736.5,-27.0,990.5
706.3,31.7,1011.1
606.3,84.1,968.3
511.1,131.7,914.3
452.4,122.2,861.9
411.1,100.0,831.7
407.9,82.5,792.1
411.1,127.0,785.7
477.8,103.2,787.3
617.5,31.7,782.5
692.1,-19.0,717.5
693.7,54.0,733.3
666.7,58.7,669.8
581.0,134.9,641.3
504.8,225.4,617.5
485.7,281.0,681.0
504.8,277.8,607.9
554.0,284.1,604.8
588.9,284.1,577.8
739.7,228.6,566.7
871.4,184.1,585.7
939.7,225.4,611.1
861.9,300.0,577.8
714.3,431.7,557.1
615.9,509.5,536.5
534.9,504.8,504.8
565.1,460.3,482.5
611.1,438.1,503.2
655.6,361.9,511.1
757.1,330.2,552.4
812.7,287.3,542.9
820.6,252.4,515.9
768.3,249.2,465.1
695.2,276.2,455.6
636.5,306.3,434.9
634.9,325.4,436.5
655.6,307.9,441.3
692.1,303.2,479.4
758.7,260.3,487.3
815.9,209.5,485.7
866.7,149.2,501.6
869.8,133.3,479.4
785.7,158.7,509.5
717.5,182.5,430.2
695.2,184.1,409.5
693.7,157.1,403.2
715.9,58.7,385.7
734.9,54.0,387.3
741.3, 7.9,385.7
782.5,-27.0,404.8
819.0,-73.0,388.9
844.4,-96.8,404.8
838.1,-104.8,388.9
807.9,-96.8,403.2
766.7,-95.2,430.2
761.9,-98.4,385.7
785.7,-142.9,387.3
795.2,-150.8,379.4
790.5,-42.9,376.2
814.3,-220.6,355.6
834.9,-230.2,382.5
861.9,-257.1,377.8
-,-,-
847.6,273.0,552.4
715.9,260.3,504.8
707.9,255.6,465.1
733.3,228.6,434.9
761.9,181.0,401.6
744.4,179.4,363.5
809.5,173.0,365.1
861.9,173.0,381.0
871.4,177.8,388.9
865.1,177.8,406.3
860.3,157.1,404.8
839.7,127.0,376.2
839.7,76.2,334.9
871.4,50.8,314.3
920.6,54.0,331.7
917.5,50.8,330.2
919.0,47.6,328.6
915.9,27.0,328.6
920.6,-4.8,312.7
922.2,-46.0,306.3
917.5,-73.0,281.0
909.5,-122.2,263.5
965.1,-98.4,233.3
884.1,-100.0,249.2
914.3,-147.6,250.8
919.0,-173.0,330.2
941.3,-206.3,252.4
946.0,-252.4,234.9
987.3,-281.0,254.0
941.3,-381.0,234.9
917.5,-304.8,230.2
865.1,-330.2,231.7
861.9,-374.6,225.4
834.9,-404.8,230.2
809.5,-407.9,234.9
812.7,-434.9,274.6
809.5,-450.8,309.5
793.7,-484.1,333.3
787.3,-501.6,365.1
766.7,-507.9,401.6
763.5,-509.5,438.1
734.9,-455.6,488.9
684.1,-427.0,538.1
636.5,-433.3,361.9
617.5,-449.2,609.5
607.9,-476.2,638.1
587.3,-488.9,660.3
563.5,-504.8,660.3
560.3,-482.5,681.0
558.7,-422.2,731.7
565.1,-327.0,807.9
563.5,-254.0,846.0
563.5,-219.0,885.7
581.0,-195.2,917.5
590.5,-154.0,939.7
585.7,-100.0,960.3
584.1,-28.6,968.3
558.7,28.6,987.3
538.1,73.0,995.2
530.2,74.6,992.1
560.3,77.8,988.9
592.1,55.6,993.7
639.7,28.6,987.3
717.5, 4.8,969.8
760.3,33.3,990.5
687.3,98.4,987.3
587.3,198.4,1019.0
515.9,198.4,914.3
490.5,174.6,860.3
504.8,149.2,836.5
554.0,74.6,795.2
609.5, 6.3,784.1
663.5,-42.9,769.8
692.1,-44.4,765.1
709.5,28.6,788.9
630.2,127.0,782.5
557.1,150.8,742.9
458.7,150.8,682.5
387.3,158.7,642.9
355.6,176.2,614.3
352.4,158.7,563.5
358.7,122.2,511.1
504.8,33.3,485.7
757.1, 3.2,511.1
858.7,52.4,555.6
820.6,185.7,631.7
712.7,334.9,636.5
560.3,428.6,607.9
482.5,431.7,561.9
484.1,388.9,512.7
534.9,407.9,533.3
581.0,401.6,531.7
707.9,303.2,492.1
890.5,250.8,487.3
985.7,252.4,514.3
922.2,303.2,504.8
819.0,336.5,460.3
739.7,304.8,411.1
709.5,255.6,363.5
693.7,225.4,379.4
711.1,234.9,430.2
766.7,203.2,557.1
842.9,173.0,481.0
890.5,154.0,507.9
871.4,173.0,503.2
790.5,177.8,476.2
688.9,161.9,360.3
658.7,150.8,330.2
712.7,109.5,338.1
771.4,104.8,381.0
790.5,104.8,412.7
817.5,98.4,436.5
869.8,73.0,452.4
866.7,33.3,438.1
857.1, 6.3,452.4
795.2,-3.2,401.6
761.9,-19.0,306.3
738.1,-28.6,330.2
766.7,-69.8,330.2
815.9,-100.0,331.7
861.9,-119.0,352.4
885.7,-146.0,352.4
888.9,-200.0,354.0
865.1,-204.8,357.1
838.1,-204.8,376.2
833.3,-225.4,365.1
815.9,-227.0,358.7
884.1,-207.9,381.0
-,-,-
731.7,273.0,476.2
660.3,231.7,454.0
706.3,252.4,454.0
739.7,254.0,439.7
809.5,212.7,412.7
869.8,200.0,433.3
909.5,150.8,428.6
885.7,130.2,407.9
865.1,103.2,381.0
833.3,84.1,358.7
839.7,77.8,336.5
817.5,79.4,328.6
846.0,52.4,336.5
884.1,104.8,355.6
892.1,107.9,350.8
914.3,96.8,330.2
912.7,55.6,300.0
915.9,46.0,281.0
909.5,23.8,261.9
888.9,22.2,250.8
868.3,-1.6,227.0
892.1,-49.2,201.6
911.1,-73.0,201.6
911.1,-93.7,177.8
920.6,-103.2,200.0
917.5,-104.8,204.8
892.1,-96.8,230.2
887.3,-77.8,274.6
885.7,-95.2,384.1
892.1,-98.4,274.6
919.0,-146.0,277.8
965.1,-193.7,257.1
1022.2,-246.0,250.8
1023.8,-281.0,250.8
1019.0,-306.3,234.9
973.0,-296.8,276.2
942.9,-281.0,304.8
912.7,-279.4,330.2
863.5,-300.0,461.9
847.6,-358.7,304.8
820.6,-385.7,307.9
790.5,-425.4,304.8
717.5,-476.2,152.4
641.3,-552.4,328.6
606.3,-604.8,330.2
581.0,-634.9,352.4
534.9,-658.7,352.4
552.4,-663.5,365.1
590.5,-657.1,428.6
636.5,-587.3,488.9
688.9,-554.0,538.1
717.5,-500.0,606.3
712.7,-460.3,631.7
712.7,-449.2,663.5
711.1,-385.7,692.1
693.7,-349.2,715.9
717.5,-311.1,739.7
760.3,-219.0,807.9
760.3,-106.3,860.3
484.1,-22.2,892.1
720.6,58.7,938.1
688.9,125.4,965.1
638.1,179.4,992.1
555.6,228.6,993.7
488.9,258.7,969.8
466.7,225.4,944.4
557.1,200.0,961.9
638.1,198.4,988.9
644.4,228.6,1038.1
641.3,252.4,1046.0
587.3,282.5,1041.3
485.7,311.1,1041.3
428.6,276.2,992.1
381.0,185.7,895.2
363.5,123.8,834.9
461.9,23.8,760.3
615.9,-50.8,757.1
746.0,-23.8,784.1
763.5,73.0,769.8
734.9,223.8,734.9
661.9,82.5,687.3
582.5,46.0,611.1
463.5,58.7,585.7
354.0,100.0,563.5
328.6,46.0,504.8
455.6,-68.3,431.7
666.7,-101.6,457.1
887.3,-30.2,581.0
920.6,106.3,666.7
815.9,230.2,687.3
633.3,312.7,631.7
488.9,387.3,561.9
431.7,357.1,485.7
509.5,255.6,425.4
579.4,196.8,365.1
733.3,106.3,360.3
963.5,22.2,387.3
1066.7,122.2,484.1
1014.3,228.6,555.6
911.1,334.9,538.1
758.7,387.3,509.5
638.1,384.1,438.1
539.7,284.1,352.4
587.3,176.2,285.7
692.1,104.8,261.9
842.9,79.4,309.5
914.3,131.7,361.9
949.2,204.8,412.7
969.8,198.4,411.1
960.3,155.6,387.3
907.9,154.0,377.8
785.7,181.0,339.7
641.3,206.3,330.2
607.9,198.4,327.0
641.3,171.4,328.6
709.5,155.6,325.4
792.1,127.0,338.1
871.4,106.3,360.3
920.6,100.0,387.3
923.8,101.6,406.3
909.5,123.8,407.9
860.3,127.0,412.7
771.4,98.4,360.3
717.5,74.6,307.9
714.3,25.4,274.6
787.3,-47.6,250.8
-,-,-
787.3,414.3,658.7
692.1,354.0,641.3
685.7,339.7,617.5
663.5,325.4,587.3
660.3,300.0,536.5
661.9,301.6,507.9
668.3,327.0,481.0
706.3,354.0,476.2
763.5,361.9,481.0
814.3,377.8,481.0
834.9,352.4,457.1
838.1,327.0,433.3
838.1,303.2,404.8
820.6,277.8,379.4
785.7,276.2,327.0
757.1,249.2,287.3
766.7,204.8,255.6
809.5,176.2,258.7
838.1,154.0,228.6
887.3,154.0,249.2
909.5,158.7,281.0
917.5,158.7,261.9
909.5,158.7,274.6
871.4,176.2,261.9
892.1,128.6,207.9
919.0,160.3,200.0
942.9,79.4,182.5
992.1,46.0,176.2
995.2,-25.4,177.8
987.3, 1.6,181.0
939.7,-27.0,177.8
915.9,-200.0,182.5
915.9,-92.1,173.0
960.3,-101.6,182.5
960.3,-127.0,182.5
963.5,-169.8,184.1
941.3,-182.5,185.7
934.9,-225.4,182.5
920.6,-255.6,182.5
938.1,-298.4,179.4
946.0,-333.3,179.4
968.3,-361.9,155.6
990.5,-425.4,149.2
988.9,-454.0,150.8
965.1,-449.2,150.8
963.5,-463.5,236.5
968.3,-479.4,284.1
1112.7,-500.0,358.7
938.1,-503.2,430.2
884.1,-509.5,455.6
839.7,-507.9,503.2
809.5,-474.6,557.1
717.5,-407.9,606.3
655.6,-382.5,631.7
565.1,-373.0,639.7
514.3,-358.7,657.1
487.3,-355.6,663.5
461.9,-331.7,690.5
487.3,-309.5,739.7
509.5,-231.7,790.5
507.9,-144.4,817.5
507.9,-55.6,842.9
506.3,-3.2,863.5
484.1,33.3,884.1
461.9,54.0,890.5
450.8,73.0,871.4
428.6,76.2,869.8
427.0,73.0,865.1
452.4,47.6,846.0
465.1,79.4,868.3
436.5,123.8,887.3
434.9,154.0,892.1
431.7,173.0,871.4
477.8,134.9,860.3
530.2,101.6,792.1
581.0,101.6,784.1
615.9,133.3,795.2
654.0,134.9,793.7
633.3,134.9,765.1
604.8,157.1,758.7
534.9,184.1,761.9
590.5,174.6,742.9
614.3,181.0,741.3
590.5,258.7,757.1
593.7,300.0,714.3
631.7,306.3,688.9
657.1,300.0,611.1
644.4,287.3,363.5
611.1,312.7,581.0
541.3,357.1,614.3
682.5,360.3,612.7
763.5,303.2,587.3
838.1,303.2,588.9
817.5,363.5,641.3
788.9,357.1,588.9
758.7,403.2,561.9
707.9,428.6,536.5
668.3,434.9,507.9
655.6,428.6,460.3
663.5,427.0,457.1
765.1,377.8,461.9
866.7,288.9,439.7
863.5,255.6,428.6
863.5,263.5,463.5
785.7,334.9,531.7
693.7,433.3,482.5
587.3,509.5,434.9
557.1,481.0,365.1
692.1,355.6,327.0
814.3,276.2,311.1
887.3,177.8,304.8
960.3,107.9,307.9
946.0,136.5,338.1
920.6,185.7,400.0
915.9,228.6,438.1
865.1,260.3,461.9
734.9,279.4,436.5
639.7,277.8,384.1
539.7,231.7,328.6
558.7,150.8,281.0
644.4,81.0,279.4
782.5,46.0,309.5
846.0,57.1,328.6
893.7,74.6,354.0
890.5,58.7,352.4
885.7,49.2,352.4
846.0,23.8,330.2
812.7,-23.8,301.6
768.3,-69.8,285.7
758.7,-100.0,276.2
768.3,-76.2,325.4
