-,-,-
-96.83,482.54,869.84
336.51,309.52,995.24
177.78,409.52,846.03
458.73,55.56,973.02
450.79,-231.75,1125.40
198.41,-460.32,1112.70
309.52,-984.13,1115.87
-71.43,-803.17,887.30
-307.94,-606.35,1049.21
-506.35,-400.00,971.43
-609.52,-71.43,907.94
-350.79,-171.43,971.43
-357.14,98.41,1139.68
-230.16,203.17,1168.25
-326.98,301.59,1141.27
47.62,177.78,1065.08
276.19,225.40,866.67
106.35,357.14,746.03
406.35,160.32,871.43
228.57,-23.81,736.51
303.17,-119.05,1446.03
128.57,-180.95,968.25
-,-,-
76.19,663.49,942.86
249.21,561.90,817.46
506.35,380.95,965.08
385.71,77.78,1085.71
453.97,-357.14,1195.24
158.73,-703.17,1038.10
-204.76,-687.30,1198.41
-328.57,-765.08,1039.68
-450.79,-538.10,736.51
-525.40,-255.56,985.71
-526.98,-28.57,717.46
-430.16,30.16,1125.40
-322.22,150.79,917.46
-423.81,463.49,1177.78
-230.16,465.08,1088.89
1.59,507.94,938.10
228.57,539.68,758.73
357.14,461.90,846.03
426.98,304.76,961.90
330.16,158.73,871.43
433.33,-144.44,1042.86
234.92,-123.81,1063.49
-,-,-
207.94,663.49,909.52
203.17,712.70,842.86
480.95,434.92,885.71
695.24,-55.56,1150.79
460.32,-407.94,1071.43
506.35,-890.48,1092.06
0.00,-785.71,1069.84
-333.33,-460.32,1073.02
-425.40,-206.35,938.10
-455.56,120.64,1200.00
-449.21,200.00,868.25
-250.79,306.35,1198.41
-504.76,607.94,1117.46
-177.78,657.14,1063.49
101.59,584.13,871.43
355.56,785.71,892.06
461.90,661.90,885.71
479.36,487.30,868.25
407.94,253.97,766.67
384.13,-74.60,941.27
434.92,-180.95,1220.63
-,-,-
201.59,506.35,717.46
407.94,307.94,809.52
566.67,-17.46,1066.67
503.17,-457.14,1317.46
303.17,-790.48,1265.08
-104.76,-938.10,1347.62
-282.54,-885.71,1065.08
-352.38,-530.16,1068.25
-550.79,-23.81,707.94
-507.94,236.51,922.22
-477.78,257.14,815.87
-474.60,533.33,1073.02
-450.79,758.73,998.41
-103.17,658.73,844.44
109.52,657.14,693.65
361.90,511.11,793.65
280.95,503.17,636.51
511.11,100.00,896.83
330.16,-119.05,1069.84
284.13,-274.60,1063.49
409.52,-404.76,1165.08
-,-,-
53.97,490.48,815.87
287.30,280.95,807.94
455.56,100.00,1012.70
658.73,-379.36,1198.41
528.57,-687.30,1195.24
109.52,-966.67,1149.21
155.56,-1066.67,1215.87
-434.92,-550.79,946.03
-326.98,-300.00,1198.41
-804.76,226.98,839.68
-503.17,226.98,868.25
-631.75,450.79,969.84
-434.92,536.51,1092.06
-257.14,487.30,985.71
77.78,533.33,887.30
334.92,431.75,741.27
311.11,585.71,841.27
614.29,207.94,919.05
352.38,71.43,934.92
428.57,-333.33,938.10
482.54,-555.56,1200.00
-,-,-
-123.81,692.06,712.70
150.79,660.32,758.73
560.32,338.10,839.68
692.06,28.57,1022.22
657.14,-407.94,1273.02
180.95,-755.56,1295.24
-76.19,-885.71,1395.24
-455.56,-866.67,939.68
-231.75,-507.94,839.68
-633.33,130.16,841.27
-476.19,338.10,839.68
-579.36,541.27,1165.08
-434.92,636.51,1196.83
-52.38,517.46,1141.27
4.76,511.11,914.29
358.73,463.49,896.83
526.98,439.68,858.73
260.32,479.36,846.03
663.49,73.02,919.05
177.78,133.33,942.86
331.75,-96.83,1114.29
-,-,-
-68.25,839.68,768.25
363.49,533.33,731.75
611.11,260.32,814.29
707.94,-250.79,1122.22
431.75,-552.38,1095.24
485.71,-907.94,1222.22
-130.16,-760.32,1276.19
-130.16,-638.10,1317.46
-526.98,-349.21,1044.44
-479.36,-126.98,684.13
-665.08,126.98,887.30
-422.22,160.32,946.03
-377.78,385.71,1117.46
-373.02,565.08,1200.00
103.17,365.08,1042.86
28.57,531.75,923.81
409.52,457.14,895.24
379.36,538.10,741.27
563.49,385.71,1011.11
606.35,80.95,988.89
314.29,-93.65,944.44
-,-,-
238.10,771.43,769.84
553.97,458.73,741.27
666.67,125.40,1039.68
693.65,-450.79,1066.67
585.71,-931.75,1038.10
209.52,-1039.68,1396.83
-128.57,-758.73,1277.78
-398.41,-358.73,1277.78
-384.13,-80.95,788.89
-636.51,304.76,1087.30
-487.30,363.49,836.51
-585.71,592.06,1173.02
-200.00,434.92,968.25
-301.59,604.76,968.25
234.92,482.54,1012.70
3.17,860.32,715.87
476.19,609.52,995.24
741.27,174.60,809.52
276.19,128.57,942.86
-,-,-
179.36,758.73,795.24
634.92,365.08,733.33
690.48,-41.27,1085.71
590.48,-534.92,1242.86
460.32,-992.06,1522.22
57.14,-1058.73,1198.41
-379.36,-711.11,1201.59
-428.57,-307.94,687.30
-609.52,153.97,715.87
-758.73,411.11,817.46
-576.19,579.36,1150.79
-273.02,538.10,1139.68
-200.00,658.73,896.83
231.75,687.30,742.86
312.70,838.10,868.25
387.30,687.30,838.10
530.16,438.10,961.90
534.92,125.40,817.46
-,-,-
-174.60,634.92,766.67
0.00,534.92,712.70
261.90,355.56,763.49
482.54,100.00,939.68
579.36,-252.38,1401.59
206.35,-576.19,995.24
176.19,-1036.51,1353.97
-409.52,-860.32,1196.83
-526.98,-561.90,1446.03
-484.13,-128.57,733.33
-638.10,180.95,666.67
-514.29,379.36,971.43
-376.19,515.87,1073.02
-380.95,914.29,1173.02
-179.36,742.86,917.46
4.76,814.29,741.27
407.94,555.56,785.71
201.59,584.13,839.68
463.49,252.38,719.05
307.94,150.79,1036.51
-,-,-
-74.60,863.49,866.67
173.02,869.84,692.06
507.94,614.29,744.44
534.92,438.10,885.71
636.51,-49.21,1166.67
382.54,-526.98,1322.22
206.35,-968.25,1341.27
-122.22,-842.86,1344.44
-196.83,-688.89,1120.63
-279.36,-353.97,819.05
-225.40,-20.64,909.52
-579.36,331.75,871.43
-377.78,479.36,1039.68
-682.54,792.06,1038.10
-357.14,819.05,1046.03
106.35,668.25,971.43
207.94,760.32,784.13
593.65,693.65,793.65
412.70,636.51,836.51
655.56,274.60,790.48
633.33,-146.03,965.08
-,-,-
133.33,839.68,841.27
285.71,507.94,758.73
587.30,107.94,553.97
604.76,-176.19,1217.46
538.10,-652.38,1163.49
123.81,-780.95,1366.67
-131.75,-965.08,1203.17
-196.83,-860.32,963.49
-280.95,-284.13,1096.83
-460.32,20.64,685.71
-584.13,203.17,1176.19
-358.73,101.59,865.08
-384.13,412.70,1114.29
-231.75,380.95,1090.48
-223.81,477.78,914.29
-25.40,561.90,888.89
331.75,504.76,790.48
350.79,636.51,887.30
638.10,304.76,942.86
582.54,-55.56,968.25
406.35,-284.13,992.06
-,-,-
73.02,658.73,815.87
312.70,384.13,763.49
509.52,47.62,1065.08
363.49,-346.03,1195.24
223.81,-615.87,1120.63
234.92,-934.92,1223.81
-198.41,-882.54,1171.43
-406.35,-761.90,858.73
-684.13,-179.36,998.41
-631.75,50.79,563.49
-607.94,301.59,969.84
-430.16,312.70,885.71
-450.79,509.52,1326.98
-250.79,558.73,892.06
-26.98,682.54,911.11
282.54,617.46,790.48
453.97,538.10,815.87
338.10,531.75,820.64
461.90,126.98,865.08
309.52,-322.22,922.22
311.11,-584.13,1401.59
-,-,-
-120.64,684.13,688.89
260.32,565.08,741.27
607.94,252.38,758.73
707.94,-93.65,1292.06
528.57,-455.56,1068.25
331.75,-733.33,1249.21
255.56,-1093.65,1574.60
-222.22,-755.56,996.83
-349.21,-384.13,865.08
-384.13,-71.43,692.06
-612.70,255.56,838.10
-279.36,223.81,1096.83
-460.32,531.75,1195.24
-350.79,533.33,1039.68
0.00,411.11,887.30
50.79,539.68,1019.05
285.71,404.76,869.84
325.40,403.17,919.05
452.38,204.76,914.29
409.52,-28.57,887.30
255.56,-249.21,961.90
506.35,-526.98,1166.67
-,-,-
28.57,455.56,758.73
325.40,436.51,734.92
460.32,200.00,811.11
490.48,-255.56,1096.83
693.65,-990.48,1149.21
485.71,-1285.71,1015.87
33.33,-1095.24,1595.24
-457.14,-684.13,1114.29
-509.52,-247.62,944.44
-658.73,149.21,769.84
-558.73,301.59,1020.64
-552.38,485.71,1171.43
-300.00,511.11,1069.84
-153.97,565.08,919.05
309.52,333.33,885.71
-120.64,660.32,757.14
580.95,84.13,961.90
-,-,-
-153.97,434.92,757.14
182.54,385.71,782.54
428.57,96.83,809.52
484.13,-277.78,1165.08
688.89,-838.10,1139.68
326.98,-1166.67,1171.43
-180.95,-938.10,1519.05
-447.62,-609.52,887.30
-385.71,-347.62,963.49
-734.92,50.79,814.29
-633.33,158.73,865.08
-625.40,333.33,1120.63
-480.95,482.54,1095.24
-69.84,453.97,1044.44
230.16,261.90,961.90
23.81,487.30,909.52
433.33,101.59,866.67
126.98,106.35,1019.05
301.59,-336.51,963.49
276.19,-576.19,1065.08
-,-,-
-4.76,484.13,836.51
85.71,534.92,668.25
431.75,180.95,685.71
557.14,-255.56,946.03
430.16,-555.56,1276.19
485.71,-907.94,1601.59
-22.22,-934.92,1469.84
-230.16,-860.32,988.89
-326.98,-485.71,769.84
-601.59,234.92,858.73
-765.08,453.97,834.92
-609.52,406.35,938.10
-461.90,488.89,1176.19
-325.40,658.73,885.71
106.35,580.95,885.71
279.36,463.49,769.84
307.94,506.35,884.13
479.36,155.56,839.68
352.38,107.94,995.24
479.36,-282.54,1017.46
414.29,-433.33,1115.87
-,-,-
-204.76,307.94,458.73
157.14,338.10,538.10
555.56,179.36,920.64
506.35,-98.41,1195.24
533.33,-509.52,1300.00
436.51,-982.54,1393.65
301.59,-1196.83,1533.33
30.16,-966.67,1330.16
-303.17,-552.38,865.08
-450.79,-257.14,763.49
-660.32,1.59,506.35
-652.38,96.83,812.70
-853.97,428.57,960.32
-582.54,479.36,936.51
-525.40,769.84,844.44
131.75,538.10,995.24
261.90,307.94,695.24
412.70,336.51,868.25
388.89,155.56,917.46
641.27,-382.54,895.24
-,-,-
331.75,171.43,917.46
412.70,-304.76,1039.68
360.32,-460.32,1369.84
198.41,-830.16,1303.17
-152.38,-1007.94,1266.67
-407.94,-993.65,1063.49
-477.78,-785.71,814.29
-588.89,-403.17,611.11
-804.76,-95.24,687.30
-588.89,-66.67,958.73
-661.90,179.36,1038.10
-604.76,461.90,1125.40
-326.98,479.36,790.48
-53.97,534.92,719.05
-17.46,663.49,577.78
260.32,580.95,888.89
180.95,434.92,838.10
336.51,49.21,1025.40
414.29,-400.00,1041.27
-,-,-
365.08,452.38,655.56
530.16,123.81,919.05
401.59,-277.78,984.13
203.17,-688.89,1626.98
179.36,-1012.70,1573.02
-171.43,-1017.46,1250.79
-373.02,-782.54,1019.05
-422.22,-477.78,888.89
-433.33,-233.33,690.48
-507.94,-55.56,660.32
-530.16,82.54,844.44
-703.17,282.54,1012.70
-461.90,412.70,1074.60
-203.17,463.49,733.33
-98.41,541.27,738.10
301.59,582.54,612.70
630.16,382.54,834.92
455.56,334.92,971.43
409.52,-17.46,1012.70
-,-,-
26.98,733.33,760.32
338.10,580.95,815.87
507.94,355.56,911.11
614.29,-93.65,1163.49
225.40,-228.57,922.22
255.56,-687.30,1525.40
-55.56,-971.43,1122.22
-100.00,-888.89,1220.63
-207.94,-663.49,1122.22
-155.56,-407.94,638.10
-360.32,-128.57,784.13
-353.97,4.76,760.32
-376.19,100.00,1092.06
-353.97,258.73,1193.65
-334.92,436.51,922.22
-123.81,441.27,915.87
207.94,377.78,860.32
107.94,631.75,860.32
434.92,533.33,941.27
555.56,309.52,838.10
277.78,125.40,946.03
557.14,-373.02,938.10
485.71,-512.70,1122.22
-,-,-
309.52,363.49,836.51
409.52,274.60,936.51
355.56,9.52,988.89
452.38,-404.76,1395.24
152.38,-577.78,1250.79
-350.79,-785.71,1090.48
-280.95,-1095.24,1273.02
-376.19,-942.86,1012.70
-279.36,-663.49,858.73
-379.36,-323.81,917.46
-430.16,-153.97,685.71
-434.92,4.76,1141.27
-684.13,253.97,909.52
-457.14,384.13,1146.03
-374.60,485.71,1020.64
47.62,379.36,888.89
123.81,358.73,833.33
285.71,350.79,863.49
279.36,260.32,861.90
439.68,-22.22,882.54
384.13,-282.54,912.70
-,-,-
-42.86,453.97,733.33
404.76,203.17,817.46
704.76,-31.75,1115.87
592.06,-323.81,1123.81
479.36,-763.49,1266.67
250.79,-960.32,1247.62
-201.59,-985.71,992.06
-274.60,-790.48,947.62
-561.90,-407.94,742.86
-479.36,-196.83,1150.79
-779.36,28.57,944.44
-533.33,133.33,1173.02
-473.02,385.71,1090.48
-203.17,485.71,912.70
187.30,279.36,895.24
50.79,477.78,836.51
353.97,328.57,871.43
631.75,-98.41,792.06
338.10,-171.43,1088.89
361.90,-425.40,1074.60
360.32,-479.36,1101.59
-,-,-
230.16,287.30,733.33
541.27,-22.22,790.48
682.54,-403.17,1300.00
428.57,-612.70,1177.78
325.40,-892.06,1317.46
55.56,-931.75,1276.19
-252.38,-760.32,995.24
-323.81,-501.59,985.71
-280.95,-233.33,784.13
-660.32,49.21,968.25
-682.54,252.38,1015.87
-636.51,436.51,1322.22
-323.81,452.38,996.83
50.79,555.56,869.84
465.08,223.81,942.86
98.41,606.35,892.06
558.73,128.57,966.67
406.35,53.97,842.86
458.73,-177.78,1015.87
507.94,-428.57,887.30
95.24,-273.02,1315.87
-,-,-
-68.25,566.67,460.32
226.98,530.16,887.30
587.30,158.73,868.25
809.52,-358.73,1342.86
439.68,-703.17,1222.22
663.49,-1342.86,1423.81
-257.14,-914.29,1073.02
-526.98,-507.94,1353.97
-680.95,-125.40,1114.29
-714.29,106.35,839.68
-709.52,201.59,911.11
-552.38,384.13,860.32
-400.00,452.38,796.83
-92.06,490.48,714.29
136.51,463.49,742.86
209.52,592.06,787.30
409.52,333.33,884.13
339.68,249.21,963.49
284.13,-49.21,992.06
46.03,-123.81,1049.21
153.97,-328.57,1068.25
74.60,-333.33,1119.05
80.95,-350.79,1023.81
-,-,-
-92.06,463.49,787.30
365.08,231.75,787.30
507.94,33.33,1047.62
482.54,-255.56,1222.22
357.14,-658.73,1368.25
6.35,-919.05,1220.63
47.62,-1215.87,1341.27
-255.56,-790.48,1171.43
-352.38,-425.40,658.73
-511.11,55.56,847.62
-600.00,277.78,966.67
-477.78,466.67,1147.62
-482.54,580.95,1092.06
80.95,358.73,842.86
-80.95,455.56,833.33
407.94,203.17,769.84
314.29,30.16,836.51
331.75,-104.76,947.62
328.57,-304.76,985.71
50.79,-274.60,1046.03
-,-,-
173.02,230.16,792.06
271.43,209.52,895.24
415.87,-92.06,995.24
388.89,-333.33,1115.87
260.32,-679.36,1063.49
74.60,-888.89,812.70
4.76,-1038.10,890.48
-298.41,-787.30,1017.46
-409.52,-753.97,968.25
-334.92,-431.75,1165.08
-538.10,-146.03,1088.89
-434.92,-1.59,1069.84
-487.30,211.11,1049.21
-126.98,150.79,961.90
-223.81,280.95,938.10
49.21,209.52,865.08
126.98,233.33,846.03
111.11,260.32,711.11
457.14,-15.87,960.32
257.14,-101.59,1192.06
211.11,-230.16,1036.51
353.97,-501.59,1149.21
-,-,-
-203.17,403.17,795.24
6.35,311.11,680.95
228.57,204.76,788.89
336.51,73.02,1017.46
407.94,-198.41,1095.24
365.08,-485.71,1144.44
303.17,-857.14,1073.02
230.16,-1092.06,1139.68
109.52,-1096.83,709.52
-200.00,-655.56,1171.43
-422.22,-355.56,990.48
-639.68,28.57,1326.98
-579.36,101.59,1249.21
-476.19,146.03,1015.87
-130.16,150.79,1022.22
-77.78,155.56,711.11
-104.76,330.16,944.44
204.76,234.92,917.46
225.40,201.59,914.29
404.76,-103.17,1074.60
73.02,-103.17,992.06
207.94,-334.92,1085.71
233.33,-407.94,1115.87
-,-,-
207.94,388.89,893.65
384.13,331.75,817.46
584.13,98.41,1165.08
466.67,-155.56,1098.41
331.75,-306.35,1138.10
185.71,-717.46,1250.79
-50.79,-931.75,1222.22
-204.76,-819.05,1038.10
-306.35,-407.94,784.13
-360.32,33.33,893.65
-536.51,261.90,834.92
-577.78,382.54,1073.02
-511.11,455.56,1046.03
-42.86,326.98,1095.24
-144.44,403.17,768.25
79.36,479.36,838.10
250.79,334.92,885.71
380.95,357.14,919.05
404.76,152.38,938.10
406.35,-42.86,961.90
377.78,-276.19,1015.87
301.59,-330.16,1069.84
-,-,-
3.17,431.75,715.87
331.75,226.98,742.86
509.52,103.17,973.02
557.14,-273.02,1574.60
273.02,-407.94,1265.08
-44.44,-685.71,1177.78
-130.16,-933.33,1090.48
-195.24,-788.89,1087.30
-325.40,-487.30,958.73
-428.57,-179.36,860.32
-550.79,-52.38,968.25
-552.38,47.62,887.30
-452.38,149.21,917.46
-428.57,230.16,919.05
-246.03,201.59,695.24
-49.21,252.38,811.11
-79.36,453.97,838.10
84.13,403.17,866.67
350.79,200.00,934.92
203.17,104.76,863.49
233.33,-47.62,892.06
357.14,-307.94,1071.43
-,-,-
-44.44,487.30,863.49
280.95,361.90,844.44
561.90,255.56,993.65
579.36,74.60,1400.00
539.68,-179.36,1071.43
282.54,-588.89,938.10
57.14,-726.98,820.64
-168.25,-706.35,1088.89
-257.14,-550.79,869.84
-349.21,-230.16,787.30
-422.22,-30.16,949.21
-374.60,158.73,1069.84
-525.40,306.35,1087.30
-176.19,276.19,1173.02
-252.38,390.48,968.25
47.62,357.14,992.06
31.75,412.70,792.06
184.13,479.36,919.05
280.95,403.17,934.92
326.98,280.95,841.27
439.68,185.71,1087.30
307.94,6.35,966.67
377.78,-355.56,993.65
357.14,-476.19,1125.40
-,-,-
255.56,301.59,922.22
415.87,203.17,963.49
709.52,60.32,1319.05
660.32,-149.21,1219.05
273.02,-528.57,995.24
-220.64,-777.78,693.65
-298.41,-811.11,892.06
-506.35,-580.95,863.49
-403.17,-406.35,687.30
-601.59,-66.67,961.90
-601.59,25.40,841.27
-600.00,204.76,1093.65
-325.40,157.14,1095.24
-382.54,303.17,860.32
-123.81,328.57,861.90
147.62,260.32,992.06
-100.00,485.71,758.73
252.38,380.95,912.70
257.14,284.13,920.64
336.51,182.54,1014.29
223.81,57.14,1014.29
123.81,-144.44,1092.06
360.32,-331.75,1044.44
-,-,-
201.59,228.57,919.05
303.17,177.78,917.46
506.35,55.56,1039.68
660.32,-250.79,1215.87
284.13,-336.51,914.29
277.78,-833.33,1320.63
50.79,-1114.29,1050.79
-538.10,-861.90,742.86
-153.97,-687.30,988.89
-706.35,-122.22,503.17
-423.81,-28.57,922.22
-636.51,79.36,1069.84
-480.95,134.92,965.08
-207.94,128.57,1041.27
-333.33,361.90,971.43
200.00,225.40,973.02
52.38,309.52,838.10
257.14,328.57,1000.00
338.10,52.38,711.11
33.33,288.89,868.25
538.10,-52.38,1114.29
488.89,-223.81,965.08
352.38,-193.65,1219.05
339.68,-284.13,1198.41
-,-,-
109.52,204.76,896.83
134.92,209.52,820.64
361.90,149.21,958.73
515.87,73.02,1125.40
403.17,-47.62,996.83
514.29,-349.21,1115.87
411.11,-652.38,998.41
-279.36,-630.16,860.32
-458.73,-680.95,861.90
-422.22,-358.73,815.87
-606.35,-1.59,766.67
-357.14,149.21,819.05
-579.36,404.76,1142.86
-458.73,590.48,915.87
-204.76,665.08,969.84
-98.41,684.13,915.87
1.59,615.87,684.13
255.56,541.27,1038.10
363.49,363.49,812.70
350.79,257.14,858.73
488.89,-28.57,968.25
153.97,82.54,966.67
226.98,-130.16,1065.08
-,-,-
184.13,528.57,939.68
457.14,431.75,947.62
414.29,382.54,820.64
657.14,180.95,1039.68
715.87,-104.76,1069.84
352.38,-352.38,1087.30
328.57,-1115.87,1226.98
-19.05,-1263.49,1039.68
-400.00,-780.95,866.67
-376.19,-352.38,553.97
-504.76,131.75,833.33
-704.76,330.16,846.03
-653.97,414.29,984.13
-377.78,403.17,912.70
-73.02,377.78,1036.51
200.00,361.90,969.84
46.03,528.57,757.14
407.94,460.32,1142.86
358.73,311.11,911.11
326.98,53.97,820.64
257.14,-126.98,1147.62
207.94,-273.02,1292.06
-,-,-
200.00,260.32,865.08
426.98,103.17,1020.64
511.11,-153.97,1298.41
563.49,-555.56,1349.21
-49.21,-638.10,960.32
-255.56,-812.70,993.65
-358.73,-663.49,530.16
-763.49,-279.36,555.56
-582.54,-28.57,784.13
-782.54,257.14,1038.10
-477.78,255.56,987.30
-433.33,350.79,947.62
-120.64,382.54,1047.62
26.98,363.49,768.25
303.17,379.36,1198.41
350.79,285.71,1063.49
203.17,260.32,863.49
476.19,-19.05,1096.83
358.73,-106.35,780.95
203.17,-176.19,996.83
-,-,-
336.51,277.78,961.90
487.30,153.97,1015.87
631.75,-128.57,1139.68
507.94,-422.22,1196.83
79.36,-612.70,860.32
20.64,-961.90,1015.87
-398.41,-907.94,958.73
-601.59,-603.17,719.05
-601.59,-306.35,895.24
-463.49,-173.02,785.71
-625.40,82.54,923.81
-385.71,155.56,993.65
-379.36,412.70,1293.65
-74.60,352.38,1012.70
-44.44,406.35,992.06
131.75,407.94,787.30
304.76,338.10,884.13
353.97,222.22,1023.81
507.94,-223.81,834.92
404.76,-525.40,1065.08
252.38,-561.90,1119.05
-,-,-
-49.21,223.81,863.49
52.38,249.21,860.32
255.56,177.78,938.10
401.59,80.95,919.05
617.46,-246.03,1120.63
619.05,-552.38,1122.22
280.95,-830.16,907.94
185.71,-933.33,1039.68
-409.52,-812.70,665.08
-309.52,-634.92,1273.02
-660.32,-198.41,1242.86
-333.33,-119.05,922.22
-580.95,279.36,1250.79
-323.81,200.00,996.83
-204.76,238.10,1112.70
-28.57,306.35,888.89
107.94,352.38,861.90
180.95,355.56,1017.46
330.16,253.97,655.56
533.33,206.35,1044.44
412.70,-101.59,841.27
155.56,-280.95,971.43
515.87,-576.19,1098.41
284.13,-460.32,1198.41
-,-,-
49.21,149.21,971.43
-46.03,204.76,944.44
128.57,176.19,842.86
338.10,25.40,814.29
403.17,-126.98,1015.87
580.95,-403.17,1292.06
257.14,-661.90,1149.21
177.78,-869.84,1219.05
-122.22,-934.92,998.41
-320.64,-633.33,834.92
-507.94,-323.81,780.95
-504.76,309.52,1012.70
-757.14,177.78,1041.27
-506.35,236.51,942.86
-452.38,365.08,1073.02
-46.03,309.52,888.89
-22.22,358.73,817.46
100.00,334.92,987.30
153.97,252.38,782.54
25.40,209.52,969.84
253.97,-106.35,922.22
47.62,-169.84,1023.81
285.71,-423.81,1073.02
-,-,-
74.60,238.10,966.67
306.35,77.78,965.08
388.89,-30.16,992.06
453.97,-195.24,1241.27
307.94,-374.60,1063.49
-49.21,-712.70,1065.08
-174.60,-1009.52,1044.44
-303.17,-990.48,992.06
-298.41,-658.73,892.06
-353.97,-334.92,765.08
-447.62,-69.84,1061.90
-530.16,46.03,914.29
-477.78,200.00,936.51
-528.57,282.54,844.44
-379.36,388.89,836.51
106.35,277.78,996.83
257.14,196.83,1050.79
149.21,225.40,869.84
336.51,49.21,1014.29
360.32,-201.59,912.70
300.00,-449.21,938.10
-,-,-
276.19,285.71,1017.46
350.79,334.92,992.06
479.36,258.73,1112.70
534.92,1.59,1117.46
285.71,-196.83,969.84
134.92,-482.54,1144.44
-276.19,-711.11,963.49
-376.19,-714.29,885.71
-296.83,-615.87,968.25
-353.97,-296.83,734.92
-246.03,-153.97,731.75
-480.95,73.02,1090.48
-333.33,44.44,834.92
-380.95,250.79,1266.67
-201.59,233.33,990.48
-277.78,352.38,861.90
-47.62,358.73,920.64
3.17,338.10,944.44
-44.44,360.32,814.29
182.54,258.73,1069.84
185.71,182.54,860.32
482.54,-26.98,868.25
606.35,-228.57,915.87
177.78,-73.02,846.03
-,-,-
3.17,50.79,896.83
22.22,133.33,947.62
98.41,160.32,844.44
150.79,157.14,865.08
230.16,44.44,911.11
357.14,-52.38,909.52
274.60,-269.84,1065.08
430.16,-638.10,1550.79
158.73,-714.29,1038.10
44.44,-869.84,912.70
-219.05,-739.68,834.92
-511.11,-531.75,834.92
-403.17,-380.95,695.24
-611.11,-22.22,841.27
-612.70,230.16,965.08
-755.56,253.97,1011.11
-426.98,255.56,1023.81
-4.76,201.59,838.10
-93.65,361.90,893.65
101.59,436.51,766.67
301.59,282.54,1198.41
107.94,282.54,888.89
257.14,46.03,961.90
211.11,-249.21,914.29
-,-,-
231.75,207.94,1065.08
403.17,150.79,1066.67
388.89,0.00,1095.24
377.78,-226.98,1095.24
301.59,-404.76,960.32
-22.22,-634.92,922.22
-273.02,-863.49,833.33
-712.70,-755.56,607.94
-638.10,-449.21,707.94
-373.02,-96.83,909.52
-706.35,174.60,833.33
-476.19,326.98,861.90
-558.73,403.17,1393.65
-52.38,306.35,947.62
-252.38,411.11,742.86
258.73,200.00,893.65
28.57,304.76,636.51
171.43,353.97,1038.10
276.19,255.56,1177.78
252.38,79.36,1071.43
485.71,-246.03,1200.00
-,-,-
180.95,407.94,912.70
436.51,206.35,934.92
482.54,-76.19,1144.44
352.38,-326.98,1173.02
404.76,-763.49,947.62
107.94,-946.03,842.86
-69.84,-1095.24,511.11
-152.38,-815.87,787.30
-460.32,-44.44,1273.02
-734.92,150.79,1596.83
-484.13,128.57,1165.08
-328.57,238.10,1174.60
-333.33,333.33,768.25
-126.98,380.95,793.65
204.76,257.14,869.84
-231.75,485.71,731.75
361.90,185.71,961.90
325.40,58.73,693.65
384.13,-96.83,996.83
412.70,-276.19,1117.46
-,-,-
160.32,236.51,887.30
304.76,155.56,942.86
428.57,52.38,1196.83
504.76,-233.33,1220.63
174.60,-501.59,944.44
-68.25,-814.29,912.70
-347.62,-893.65,858.73
-374.60,-785.71,941.27
-336.51,-431.75,844.44
-614.29,-96.83,682.54
-298.41,52.38,861.90
-652.38,287.30,1192.06
-330.16,350.79,1239.68
-458.73,385.71,992.06
6.35,236.51,742.86
-168.25,326.98,885.71
160.32,158.73,987.30
-149.21,306.35,785.71
282.54,126.98,998.41
377.78,-76.19,888.89
-,-,-
212.70,306.35,1000.00
406.35,155.56,934.92
609.52,-79.36,1371.43
579.36,-325.40,1444.44
-46.03,-576.19,763.49
-182.54,-766.67,1022.22
-430.16,-787.30,760.32
-580.95,-604.76,536.51
-536.51,-350.79,557.14
-580.95,-73.02,819.05
-531.75,58.73,907.94
-628.57,307.94,1117.46
-176.19,311.11,1271.43
-204.76,377.78,896.83
233.33,285.71,1039.68
-49.21,409.52,738.10
177.78,349.21,841.27
258.73,153.97,966.67
223.81,4.76,793.65
360.32,-280.95,1117.46
304.76,-461.90,1201.59
-,-,-
50.79,109.52,965.08
277.78,28.57,1012.70
333.33,-74.60,946.03
400.00,-155.56,1068.25
461.90,-377.78,1168.25
284.13,-482.54,1085.71
100.00,-631.75,985.71
-142.86,-765.08,1095.24
-322.22,-757.14,1014.29
-552.38,-506.35,934.92
-404.76,-423.81,911.11
-398.41,-249.21,809.52
-407.94,-123.81,995.24
-244.44,-47.62,942.86
-458.73,158.73,1049.21
123.81,74.60,1038.10
-250.79,331.75,1042.86
149.21,204.76,1038.10
123.81,209.52,790.48
209.52,304.76,819.05
715.87,-100.00,971.43
411.11,-179.36,715.87
280.95,-352.38,1095.24
228.57,-509.52,961.90
-,-,-
177.78,174.60,820.64
274.60,204.76,914.29
504.76,74.60,988.89
734.92,-180.95,1146.03
565.08,-453.97,1096.83
257.14,-553.97,1014.29
149.21,-911.11,1012.70
-258.73,-885.71,1123.81
-271.43,-765.08,1012.70
-301.59,-336.51,892.06
-509.52,55.56,1049.21
-449.21,96.83,1044.44
-403.17,201.59,1173.02
-257.14,258.73,1271.43
26.98,231.75,911.11
-152.38,382.54,884.13
284.13,180.95,817.46
74.60,300.00,738.10
406.35,109.52,1022.22
377.78,-22.22,836.51
204.76,-201.59,1069.84
303.17,-422.22,985.71
280.95,-455.56,1090.48
-,-,-
-200.00,226.98,809.52
157.14,109.52,917.46
360.32,28.57,833.33
514.29,-22.22,860.32
588.89,-204.76,1273.02
707.94,-509.52,1060.32
411.11,-831.75,1100.00
250.79,-907.94,942.86
-174.60,-839.68,1060.32
-226.98,-657.14,760.32
-377.78,-379.36,812.70
-504.76,-282.54,1076.19
-507.94,3.17,812.70
-639.68,280.95,934.92
-384.13,355.56,763.49
-198.41,380.95,655.56
-155.56,514.29,714.29
73.02,388.89,842.86
225.40,250.79,892.06
200.00,149.21,836.51
250.79,-19.05,869.84
377.78,-296.83,1296.83
-,-,-
6.35,179.36,760.32
276.19,98.41,866.67
484.13,49.21,1176.19
639.68,-204.76,1369.84
436.51,-460.32,1022.22
158.73,-736.51,763.49
-222.22,-885.71,993.65
-404.76,-906.35,858.73
-631.75,-633.33,841.27
-422.22,-350.79,914.29
-487.30,-149.21,868.25
-200.00,-28.57,1038.10
-326.98,228.57,1203.17
-206.35,363.49,1017.46
82.54,280.95,1063.49
-126.98,361.90,734.92
149.21,334.92,890.48
555.56,57.14,884.13
204.76,98.41,811.11
428.57,-147.62,995.24
