-,-,-
-15.8,404.7,960.3
26.9,693.6,949.2
255.5,490.4,758.7
412.7,176.1,812.7
590.4,-177.7,1125.4
311.1,-534.9,1120.6
230.1,-841.2,1087.3
-73.0,-788.8,1246.0
-301.5,-714.2,990.4
-384.1,-277.7,969.8
-422.2,6.3,1122.2
-506.3,382.5,974.6
-352.3,512.7,1125.4
-322.2,707.9,988.8
285.7,680.9,1177.7
252.3,555.5,819.0
179.3,631.7,763.4
633.3,109.5,785.7
198.4,153.9,757.1
593.6,-485.7,1017.4
-,-,-
33.3,719.0,863.4
276.1,560.3,834.9
504.7,353.9,787.3
717.4,-47.6,1066.6
582.5,-477.7,1092.0
509.5,-933.3,1019.0
150.7,-1009.5,1226.9
-400.0,-731.7,1217.4
-450.7,-322.2,1020.6
-614.2,173.0,1165.0
-487.3,409.5,942.8
-433.3,661.9,1188.8
-511.1,966.6,947.6
161.9,709.5,1022.2
174.6,587.3,734.9
412.7,553.9,838.1
633.3,-28.5,890.4
185.7,-55.5,1042.8
485.7,-684.1,1087.3
-,-,-
60.3,890.4,915.8
530.1,385.7,865.0
587.3,260.3,1041.2
666.6,-152.3,1249.2
384.1,-709.5,1093.6
280.9,-1269.8,1239.6
-176.1,-1292.0,1068.2
-533.3,-787.3,969.8
-530.1,-69.8,793.6
-653.9,744.4,1219.0
-601.5,1071.4,884.1
-561.9,1268.2,836.5
-28.5,1120.6,657.1
261.9,909.5,738.1
563.4,482.5,820.6
487.3,307.9,895.2
436.5,-79.3,1044.4
611.1,-631.7,1120.6
304.7,-409.5,1198.4
-,-,-
-171.4,817.4,760.3
209.5,641.2,838.1
558.7,414.2,834.9
665.0,258.7,1025.4
711.1,-153.9,1063.4
758.7,-704.7,1176.1
184.1,-987.3,1173.0
34.9,-1039.6,1239.6
-531.7,-500.0,1203.1
-539.6,-179.3,919.0
-557.1,331.7,1176.1
-650.7,531.7,968.2
-425.4,765.0,1038.1
-298.4,919.0,920.6
-47.6,920.6,690.4
261.9,833.3,782.5
657.1,361.9,841.2
365.0,285.7,861.9
690.4,-306.3,1074.6
-,-,-
158.7,661.9,868.2
236.5,634.9,814.2
568.2,453.9,922.2
760.3,-69.8,1061.9
763.4,-407.9,1122.2
566.6,-912.7,1136.5
7.9,-988.8,1015.8
-282.5,-1125.4,990.4
-358.7,-726.9,1012.7
-538.1,53.9,1125.4
-530.1,558.7,974.6
-539.6,768.2,965.0
-434.9,920.6,871.4
-207.9,998.4,817.4
109.5,738.1,734.9
682.5,687.3,846.0
382.5,553.9,731.7
690.4,134.9,1014.2
514.2,-196.8,941.2
558.7,-580.9,1100.0
260.3,-277.7,1092.0
-,-,-
134.9,782.5,788.8
415.8,438.1,768.2
641.2,234.9,961.9
768.2,-325.4,1241.2
669.8,-714.2,1065.0
234.9,-1017.4,1063.4
-3.1,-1034.9,1090.4
-588.8,-576.1,923.8
-501.5,-374.6,893.6
-582.5,201.5,1250.7
-353.9,325.4,1050.7
-450.7,585.7,1061.9
-325.4,868.2,1196.8
-79.3,860.3,820.6
198.4,690.4,768.2
382.5,633.3,820.6
534.9,363.4,884.1
455.5,74.6,884.1
630.1,-477.7,949.2
-,-,-
-3.1,661.9,884.1
203.1,763.4,869.8
406.3,639.6,811.1
687.3,352.3,868.2
844.4,-169.8,1141.2
688.8,-633.3,1296.8
484.1,-1046.0,1093.6
174.6,-1161.9,1217.4
-79.3,-1011.1,353.9
-422.2,-204.7,1092.0
-433.3,458.7,1201.5
-585.7,657.1,1020.6
-331.7,661.9,1047.6
-220.6,742.8,1011.1
-150.7,965.0,882.5
258.7,780.9,844.4
333.3,706.3,890.4
460.3,582.5,787.3
741.2,-52.3,911.1
350.7,-249.2,768.2
592.0,-526.9,1141.2
-,-,-
212.7,644.4,788.8
484.1,590.4,868.2
766.6,257.1,1039.6
720.6,-153.9,1139.6
738.1,-565.0,1142.8
350.7,-887.3,961.9
55.5,-907.9,961.9
-450.7,-807.9,1069.8
-431.7,-612.7,895.2
-304.7,-322.2,592.0
-296.8,231.7,914.2
-325.4,1087.3,944.4
-331.7,1147.6,1398.4
273.0,693.6,1557.1
4.7,742.8,817.4
361.9,534.9,963.4
282.5,365.0,863.4
288.8,353.9,809.5
538.1,-153.9,838.1
204.7,-119.0,841.2
-,-,-
274.6,739.6,814.2
657.1,504.7,888.8
584.1,412.7,742.8
796.8,98.4,1017.4
949.2,-688.8,1219.0
512.7,-831.7,1087.3
606.3,-1188.8,1349.2
4.7,-1190.4,887.3
-349.2,-358.7,1271.4
-536.5,-203.1,896.8
-511.1,503.1,1144.4
-482.5,715.8,961.9
-304.7,668.2,990.4
-173.0,1073.0,985.7
285.7,739.6,914.2
284.1,784.1,838.1
507.9,360.3,780.9
507.9,150.7,815.8
463.4,-149.2,942.8
557.1,-587.3,1139.6
-,-,-
360.3,688.8,811.1
607.9,504.7,814.2
836.5,280.9,966.6
912.7,-284.1,968.2
555.5,-752.3,947.6
360.3,-1214.2,936.5
-155.5,-992.0,1222.2
-325.4,-711.1,942.8
-382.5,77.7,1226.9
-379.3,484.1,995.2
-276.1,788.8,1215.8
-379.3,1149.2,1014.2
-4.7,968.2,1074.6
230.1,844.4,834.9
406.3,744.4,760.3
707.9,161.9,873.0
301.5,53.9,758.7
-,-,-
128.5,757.1,815.8
506.3,539.6,887.3
517.4,561.9,842.8
765.0,58.7,1039.6
636.5,-277.7,922.2
512.7,-612.7,1120.6
46.0,-1060.3,1250.7
-47.6,-1271.4,1355.5
-473.0,-739.6,1596.8
-300.0,-377.7,865.0
-407.9,461.9,1036.5
-479.3,714.2,1015.8
-349.2,861.9,942.8
-253.9,1293.6,1088.8
307.9,707.9,946.0
71.4,893.6,744.4
739.6,326.9,836.5
377.7,330.1,684.1
436.5,98.4,892.0
-,-,-
133.3,738.1,836.5
361.9,733.3,857.1
638.1,484.1,961.9
655.5,204.7,944.4
893.6,-453.9,1166.6
333.3,-863.4,790.4
300.0,-1144.4,1120.6
-382.5,-782.5,1115.8
-685.7,-353.9,896.8
-507.9,25.4,1098.4
-500.0,430.1,1036.5
-382.5,793.6,1012.7
-379.3,1047.6,858.7
-49.2,1147.6,1012.7
131.7,938.1,790.4
434.9,757.1,888.8
666.6,287.3,812.7
312.7,352.3,912.7
526.9,-323.8,1047.6
-,-,-
338.1,631.7,885.7
485.7,501.5,839.6
760.3,149.2,1063.4
761.9,-358.7,1065.0
607.9,-765.0,996.8
458.7,-993.6,1203.1
-123.8,-731.7,1222.2
-360.3,-560.3,1096.8
-525.4,-179.3,890.4
-379.3,-44.4,863.4
-403.1,409.5,1044.4
-536.5,1069.8,1090.4
-206.3,657.1,1065.0
-4.7,685.7,946.0
0.0,555.5,912.7
177.7,688.8,769.8
553.9,455.5,942.8
441.2,77.7,707.9
387.3,-52.3,896.8
487.3,-431.7,1069.8
-,-,-
55.5,766.6,819.0
350.7,655.5,841.2
579.3,507.9,834.9
790.4,157.1,1012.7
765.0,-250.7,1020.6
628.5,-636.5,1242.8
306.3,-1439.6,1142.8
-174.6,-1311.1,733.3
-476.1,-322.2,1039.6
-536.5,365.0,990.4
-684.1,912.7,1203.1
-422.2,817.4,1119.0
-301.5,760.3,1046.0
58.7,711.1,887.3
22.2,793.6,733.3
234.9,633.3,861.9
409.5,539.6,717.4
458.7,338.1,860.3
714.2,-207.9,1122.2
490.4,-333.3,1039.6
-,-,-
33.3,690.4,839.6
253.9,733.3,868.2
452.3,561.9,844.4
617.4,301.5,960.3
738.1,-55.5,1068.2
465.0,-406.3,1098.4
280.9,-641.2,1455.5
-274.6,-1012.7,1196.8
-311.1,-909.5,985.7
-407.9,-355.5,885.7
-409.5,203.1,614.2
-400.0,684.1,1015.8
-407.9,720.6,841.2
-353.9,1098.4,1015.8
126.9,868.2,1166.6
130.1,866.6,790.4
149.2,707.9,836.5
612.7,404.7,809.5
434.9,200.0,922.2
234.9,-30.1,836.5
-,-,-
104.7,685.7,809.5
288.8,557.1,761.9
380.9,557.1,768.2
715.8,253.9,1063.4
841.2,-296.8,1220.6
565.0,-536.5,1112.7
336.5,-958.7,1269.8
-130.1,-814.2,1249.2
-580.9,-631.7,841.2
-609.5,-177.7,793.6
-334.9,203.1,866.6
-553.9,712.7,1047.6
-269.8,863.4,1169.8
-422.2,1120.6,1041.2
200.0,792.0,920.6
201.5,792.0,868.2
542.8,515.8,712.7
439.6,412.7,922.2
439.6,130.1,811.1
663.4,-407.9,934.9
-,-,-
507.9,428.5,846.0
814.2,30.1,998.4
807.9,-380.9,1149.2
431.7,-430.1,992.0
206.3,-682.5,1165.0
-71.4,-995.2,1017.4
-226.9,-855.5,1139.6
-333.3,-450.7,944.4
-422.2,49.2,817.4
-349.2,279.3,920.6
-484.1,558.7,914.2
-477.7,988.8,1088.8
-101.5,793.6,963.4
107.9,666.6,919.0
230.1,707.9,742.8
401.5,541.2,869.8
634.9,173.0,992.0
-,-,-
326.9,530.1,871.4
561.9,382.5,985.7
860.3,-77.7,1115.8
512.7,-176.1,888.8
401.5,-552.3,898.4
257.1,-790.4,966.6
4.7,-882.5,1038.1
-122.2,-811.1,1114.2
-501.5,-276.1,846.0
-273.0,-279.3,1069.8
-307.9,174.6,969.8
-401.5,433.3,942.8
-98.4,384.1,1192.0
-19.0,688.8,963.4
20.6,738.1,996.8
158.7,712.7,911.1
58.7,809.5,888.8
558.7,230.1,834.9
160.3,300.0,658.7
411.1,-126.9,871.4
517.4,-450.7,1112.7
-,-,-
-69.8,682.5,890.4
107.9,719.0,861.9
387.3,538.1,812.7
428.5,541.2,834.9
733.3,231.7,1069.8
766.6,-47.6,1219.0
614.2,-349.2,971.4
365.0,-680.9,1093.6
53.9,-830.1,1093.6
-226.9,-1273.0,1023.8
-460.3,-665.0,1038.1
-476.1,-247.6,839.6
-374.6,179.3,987.3
-476.1,365.0,868.2
-298.4,611.1,1122.2
-49.2,590.4,1177.7
-19.0,712.7,936.5
84.1,782.5,919.0
409.5,533.3,944.4
107.9,733.3,838.1
585.7,204.7,909.5
336.5,57.1,866.6
528.5,-371.4,973.0
-,-,-
-23.8,684.1,885.7
207.9,609.5,895.2
277.7,612.7,858.7
511.1,380.9,936.5
587.3,125.4,863.4
788.8,-280.9,895.2
639.6,-609.5,938.1
385.7,-715.8,939.6
76.1,-661.9,1171.4
-279.3,-587.3,1171.4
-377.7,-528.5,1147.6
-474.6,-155.5,963.4
-282.5,-93.6,865.0
-300.0,282.5,1007.9
-306.3,477.7,817.4
-19.0,479.3,1069.8
-92.0,685.7,911.1
-120.6,815.8,888.8
230.1,657.1,988.8
79.3,707.9,871.4
328.5,433.3,890.4
334.9,201.5,914.2
258.7,125.4,861.9
534.9,-457.1,1038.1
222.2,-226.9,1061.9
-,-,-
-44.4,631.7,834.9
147.6,639.6,892.0
261.9,612.7,942.8
453.9,401.5,865.0
690.4,53.9,1065.0
563.4,-77.7,1063.4
428.5,-422.2,1011.1
260.3,-806.3,1074.6
-53.9,-757.1,1092.0
-323.8,-763.4,1098.4
-250.7,-650.7,1088.8
-204.7,-200.0,985.7
-407.9,338.1,911.1
-452.3,579.3,866.6
-574.6,995.2,1065.0
-69.8,614.2,1041.2
-98.4,657.1,771.4
58.7,639.6,790.4
109.5,709.5,911.1
357.1,455.5,922.2
558.7,-19.0,1041.2
303.1,-177.7,971.4
-,-,-
174.6,631.7,869.8
312.7,477.7,863.4
534.9,260.3,1036.5
611.1,-19.0,1123.8
487.3,-130.1,1039.6
333.3,-422.2,1012.7
130.1,-525.4,1087.3
-100.0,-704.7,942.8
-507.9,-788.8,996.8
-479.3,-625.4,961.9
-353.9,-382.5,915.8
-157.1,-50.7,790.4
-309.5,488.8,1012.7
-255.5,685.7,1166.6
-128.5,717.4,1123.8
25.4,719.0,1092.0
52.3,782.5,863.4
426.9,514.2,890.4
411.1,403.1,858.7
452.3,174.6,788.8
538.1,-123.8,1041.2
-,-,-
234.9,590.4,820.6
403.1,480.9,768.2
634.9,334.9,987.3
707.9,3.1,1114.2
530.1,-250.7,1012.7
382.5,-611.1,1047.6
47.6,-1019.0,1266.6
-323.8,-855.5,1200.0
-474.6,-231.7,971.4
-430.1,185.7,863.4
-552.3,455.5,807.9
-423.8,414.2,812.7
-353.9,636.5,885.7
-301.5,882.5,844.4
-126.9,887.3,817.4
47.6,844.4,788.8
361.9,558.7,741.2
355.5,484.1,871.4
561.9,73.0,987.3
-,-,-
403.1,530.1,839.6
631.7,452.3,936.5
869.8,101.5,1290.4
661.9,-171.4,1092.0
434.9,-458.7,920.6
-19.0,-561.9,961.9
-125.4,-561.9,944.4
-480.9,-422.2,1166.6
-506.3,-509.5,865.0
-200.0,-433.3,896.8
-203.1,326.9,1168.2
-250.7,585.7,1088.8
-169.8,820.6,1300.0
-131.7,793.6,1071.4
98.4,734.9,846.0
149.2,819.0,765.0
431.7,634.9,769.8
611.1,409.5,846.0
712.7,-103.1,961.9
-,-,-
284.1,733.3,809.5
403.1,609.5,869.8
615.8,284.1,860.3
661.9,31.7,988.8
566.6,-309.5,1139.6
414.2,-558.7,1095.2
223.8,-531.7,1217.4
-182.5,-630.1,1268.2
-380.9,-709.5,1036.5
-552.3,-685.7,842.8
-333.3,-403.1,784.1
-95.2,73.0,1017.4
-326.9,530.1,909.5
-173.0,684.1,1125.4
-130.1,731.7,1141.2
1.5,769.8,987.3
180.9,757.1,993.6
457.1,479.3,838.1
311.1,561.9,890.4
685.7,-76.1,993.6
284.1,-155.5,817.4
-,-,-
261.9,588.8,790.4
531.7,363.4,871.4
733.3,123.8,1144.4
688.8,-174.6,1166.6
411.1,-330.1,993.6
53.9,-561.9,998.4
182.5,-880.9,1114.2
-246.0,-400.0,1379.3
-688.8,-22.2,939.6
-385.7,7.9,992.0
-558.7,384.1,973.0
-384.1,279.3,838.1
-303.1,331.7,893.6
-231.7,636.5,863.4
103.1,709.5,1071.4
125.4,766.6,917.4
273.0,565.0,963.4
133.3,552.3,860.3
250.7,439.6,809.5
636.5,-146.0,895.2
-,-,-
28.5,658.7,895.2
184.1,820.6,811.1
412.7,541.2,819.0
642.8,352.3,896.8
838.1,-169.8,1266.6
655.5,-504.7,1350.7
279.3,-631.7,1403.1
-325.4,-757.1,941.2
-811.1,-385.7,509.5
-611.1,-223.8,506.3
-431.7,74.6,587.3
-453.9,431.7,896.8
-358.7,542.8,1041.2
-406.3,795.2,1065.0
-101.5,784.1,963.4
-52.3,866.6,887.3
338.1,579.3,817.4
58.7,733.3,820.6
452.3,403.1,934.9
355.5,301.5,933.3
515.8,-153.9,1020.6
287.3,-206.3,1020.6
-,-,-
-131.7,833.3,795.2
279.3,665.0,863.4
488.8,558.7,819.0
668.2,323.8,1012.7
658.7,177.7,988.8
611.1,-219.0,1042.8
541.2,-579.3,1177.7
177.7,-761.9,1096.8
-120.6,-934.9,1222.2
-101.5,-888.8,1138.1
-252.3,-333.3,1096.8
-200.0,76.1,784.1
-430.1,695.2,1047.6
-450.7,795.2,884.1
-353.9,1063.4,1042.8
-126.9,988.8,909.5
231.7,661.9,792.0
111.1,711.1,711.1
530.1,504.7,858.7
611.1,200.0,961.9
607.9,-157.1,974.6
-,-,-
-71.4,738.1,807.9
130.1,734.9,815.8
276.1,606.3,719.0
506.3,411.1,838.1
771.4,-23.8,1022.2
485.7,-255.5,842.8
531.7,-690.4,1049.2
590.4,-733.3,1101.5
153.9,-550.7,1496.8
-73.0,-580.9,1352.3
-222.2,-431.7,1322.2
-326.9,-49.2,1093.6
-506.3,282.5,1019.0
-425.4,365.0,836.5
-452.3,538.1,763.4
-404.7,684.1,692.0
-126.9,611.1,665.0
-68.2,712.7,642.8
106.3,793.6,833.3
579.3,350.7,969.8
352.3,234.9,868.2
-,-,-
-193.6,941.2,792.0
209.5,706.3,784.1
403.1,609.5,844.4
530.1,455.5,915.8
587.3,100.0,938.1
482.5,-123.8,911.1
338.1,-501.5,1087.3
160.3,-738.1,1376.1
-228.5,-630.1,1469.8
-434.9,-538.1,1242.8
-204.7,-485.7,1122.2
-403.1,158.7,1042.8
-349.2,330.1,857.1
-387.3,739.6,1114.2
-282.5,838.1,966.6
-220.6,990.4,1014.2
207.9,615.8,788.8
82.5,809.5,717.4
566.6,511.1,887.3
433.3,326.9,795.2
580.9,-233.3,1041.2
-,-,-
60.3,636.5,882.5
231.7,580.9,869.8
360.3,387.3,738.1
458.7,234.9,763.4
541.2,-196.8,819.0
839.6,-788.8,1557.1
411.1,-812.7,1239.6
126.9,-604.7,1328.5
-247.6,-555.5,1293.6
-396.8,-536.5,898.4
-504.7,-231.7,760.3
-653.9,134.9,693.6
-179.3,150.7,782.5
-425.4,742.8,1071.4
-106.3,731.7,990.4
-180.9,917.4,869.8
201.5,684.1,892.0
133.3,657.1,642.8
284.1,482.5,933.3
457.1,26.9,912.7
207.9,-68.2,884.1
-,-,-
107.9,669.8,861.9
407.9,560.3,892.0
504.7,379.3,861.9
619.0,198.4,1019.0
639.6,-53.9,1044.4
590.4,-406.3,1014.2
384.1,-730.1,1066.6
30.1,-665.0,1219.0
-377.7,-557.1,1071.4
-533.3,-349.2,1112.7
-460.3,-15.8,1044.4
-328.5,125.4,1041.2
-274.6,433.3,960.3
-431.7,758.7,860.3
-15.8,641.2,1149.2
-157.1,912.7,915.8
260.3,614.2,820.6
207.9,642.8,693.6
404.7,553.9,944.4
533.3,179.3,965.0
382.5,-47.6,1017.4
465.0,-401.5,1023.8
-,-,-
-30.1,819.0,912.7
228.5,757.1,815.8
480.9,587.3,868.2
639.6,433.3,868.2
893.6,3.1,1100.0
793.6,-474.6,915.8
642.8,-809.5,1063.4
565.0,-1063.4,1579.3
-526.9,-403.1,1017.4
-760.3,-53.9,1323.8
-587.3,7.9,1101.5
-407.9,236.5,1044.4
-526.9,490.4,934.9
-357.1,488.8,760.3
-322.2,763.4,1000.0
125.4,511.1,911.1
-98.4,871.4,809.5
323.8,638.1,768.2
333.3,692.0,1022.2
438.1,352.3,861.9
484.1,-101.5,912.7
379.3,-406.3,998.4
-,-,-
49.2,706.3,841.2
255.5,760.3,833.3
536.5,509.5,936.5
609.5,438.1,917.4
787.3,73.0,1085.7
761.9,-326.9,1020.6
280.9,-712.7,1147.6
-206.3,-1087.3,1074.6
-331.7,-1082.5,1301.5
-384.1,-757.1,1036.5
-325.4,-149.2,1017.4
-306.3,304.7,795.2
-480.9,820.6,961.9
-407.9,914.2,890.4
-528.5,1344.4,736.5
85.7,917.4,682.5
273.0,680.9,787.3
336.5,539.6,884.1
385.7,223.8,912.7
357.1,6.3,893.6
-,-,-
-147.6,639.6,820.6
26.9,639.6,695.2
357.1,590.4,861.9
514.2,584.1,844.4
712.7,382.5,1101.5
817.4,53.9,1117.4
715.8,-282.5,1093.6
403.1,-584.1,1125.4
1.5,-865.0,1188.8
-333.3,-1007.9,1044.4
-449.2,-663.4,1087.3
-577.7,200.0,844.4
-579.3,560.3,846.0
-536.5,817.4,1114.2
-328.5,695.2,974.6
-204.7,844.4,988.8
146.0,582.5,941.2
85.7,607.9,841.2
352.3,430.1,1014.2
382.5,207.9,947.6
260.3,134.9,712.7
382.5,-147.6,961.9
-,-,-
-3.1,460.3,885.7
-49.2,917.4,844.4
385.7,682.5,846.0
665.0,403.1,934.9
758.7,228.5,992.0
795.2,-222.2,1096.8
633.3,-480.9,1222.2
358.7,-785.7,1149.2
-152.3,-704.7,1012.7
-677.7,-680.9,1198.4
-665.0,-477.7,1223.8
-487.3,-176.1,1046.0
-509.5,106.3,838.1
-249.2,303.1,1047.6
-355.5,658.7,968.2
-206.3,660.3,942.8
-230.1,946.0,869.8
234.9,579.3,944.4
250.7,409.5,819.0
123.8,660.3,834.9
411.1,301.5,990.4
438.1,-28.5,938.1
-,-,-
-231.7,531.7,865.0
-147.6,766.6,919.0
34.9,909.5,768.2
485.7,661.9,739.6
731.7,531.7,1069.8
892.0,100.0,1139.6
842.8,-74.6,1147.6
538.1,-460.3,993.6
307.9,-663.4,1339.6
-47.6,-679.3,1090.4
-506.3,-679.3,1014.2
-638.1,-422.2,1201.5
-557.1,-50.7,793.6
-526.9,306.3,885.7
-507.9,604.7,819.0
-449.2,734.9,819.0
-174.6,715.8,863.4
-146.0,973.0,811.1
200.0,685.7,819.0
103.1,893.6,860.3
201.5,788.8,895.2
485.7,328.5,892.0
350.7,304.7,898.4
533.3,-104.7,1038.1
-,-,-
-73.0,479.3,992.0
-71.4,763.4,838.1
426.9,760.3,842.8
741.2,388.8,911.1
895.2,-279.3,1225.4
784.1,-426.9,1150.7
300.0,-739.6,1146.0
-144.4,-1069.8,1093.6
-458.7,-934.9,1112.7
-684.1,-549.2,890.4
-612.7,231.7,1114.2
-653.9,914.2,784.1
-634.9,1114.2,936.5
-295.2,1012.7,895.2
-53.9,1069.8,603.1
506.3,619.0,896.8
438.1,611.1,820.6
555.5,379.3,939.6
457.1,57.1,1117.4
331.7,-523.8,1014.2
-,-,-
50.7,612.7,741.2
461.9,439.6,1088.8
584.1,512.7,993.6
793.6,106.3,1195.2
533.3,-358.7,1201.5
-177.7,-757.1,971.4
-273.0,-1871.4,1226.9
-557.1,-1041.2,990.4
-628.5,-17.4,741.2
-577.7,782.5,766.6
-804.7,1177.7,665.0
-155.5,784.1,844.4
-334.9,1039.6,873.0
279.3,760.3,834.9
438.1,607.9,1036.5
285.7,709.5,792.0
633.3,225.4,1046.0
509.5,7.9,1011.1
276.1,-252.3,868.2
387.3,-541.2,1139.6
-,-,-
203.1,993.6,758.7
839.6,385.7,920.6
757.1,98.4,1065.0
869.8,-379.3,1301.5
514.2,-893.6,1009.5
160.3,-990.4,1123.8
-231.7,-1115.8,1019.0
-431.7,-882.5,987.3
-253.9,-531.7,1171.4
-530.1,455.5,1015.8
-579.3,639.6,992.0
-692.0,987.3,911.1
-147.6,865.0,885.7
6.3,1090.4,836.5
387.3,717.4,707.9
452.3,441.2,865.0
252.3,377.7,863.4
336.5,4.7,911.1
609.5,-426.9,1012.7
555.5,-714.2,1168.2
-,-,-
-101.5,836.5,765.0
230.1,1046.0,682.5
580.9,811.1,861.9
973.0,353.9,961.9
969.8,52.3,1395.2
809.5,-155.5,1193.6
430.1,-504.7,1168.2
173.0,-601.5,1395.2
-273.0,-911.1,1038.1
-258.7,-841.2,1042.8
-358.7,-626.9,938.1
-817.4,71.4,603.1
-376.1,77.7,1117.4
-506.3,452.3,871.4
-430.1,584.1,936.5
-222.2,688.8,1300.0
130.1,515.8,819.0
176.1,558.7,1147.6
253.9,434.9,787.3
82.5,557.1,715.8
539.6,226.9,947.6
488.8,104.7,792.0
553.9,-322.2,1114.2
-,-,-
-47.6,611.1,920.6
161.9,665.0,863.4
533.3,531.7,917.4
692.0,352.3,1012.7
619.0,250.7,969.8
534.9,-71.4,1046.0
458.7,-538.1,1050.7
155.5,-934.9,1073.0
-298.4,-917.4,1041.2
-525.4,-919.0,1044.4
-538.1,-460.3,968.2
-563.4,134.9,809.5
-476.1,357.1,815.8
-557.1,665.0,712.7
-277.7,644.4,898.4
-74.6,684.1,1047.6
-30.1,765.0,814.2
252.3,695.2,838.1
452.3,455.5,1023.8
455.5,180.9,868.2
431.7,-180.9,1088.8
-,-,-
-323.8,439.6,884.1
-355.5,687.3,763.4
-169.8,785.7,711.1
155.5,912.7,715.8
580.9,688.8,869.8
796.8,566.6,968.2
1050.7,160.3,1293.6
892.0,-22.2,1244.4
606.3,-334.9,1047.6
382.5,-555.5,1200.0
-150.7,-779.3,1200.0
-204.7,-855.5,1353.9
-458.7,-549.2,1038.1
-380.9,-350.7,919.0
-550.7,153.9,834.9
-485.7,277.7,763.4
-561.9,607.9,1119.0
-371.4,744.4,866.6
-74.6,811.1,885.7
23.8,865.0,968.2
100.0,809.5,633.3
463.4,512.7,1017.4
534.9,161.9,941.2
385.7,-142.8,1150.7
-,-,-
-206.3,414.2,865.0
-55.5,711.1,790.4
506.3,541.2,868.2
585.7,541.2,896.8
565.0,146.0,1015.8
561.9,-206.3,1168.2
203.1,-449.2,1074.6
222.2,-957.1,1400.0
-374.6,-969.8,1065.0
-711.1,-709.5,795.2
-533.3,-280.9,784.1
-561.9,558.7,634.9
-447.6,633.3,909.5
-434.9,965.0,1041.2
53.9,565.0,992.0
-1.5,587.3,1044.4
255.5,609.5,817.4
257.1,604.7,1025.4
365.0,409.5,919.0
507.9,-25.4,1049.2
303.1,-203.1,1068.2
-,-,-
-200.0,771.4,742.8
-269.8,1368.2,744.4
304.7,1120.6,766.6
887.3,739.6,961.9
933.3,379.3,996.8
892.0,176.1,1087.3
719.0,-253.9,1123.8
558.7,-509.5,1041.2
198.4,-555.5,1325.4
26.9,-830.1,1098.4
-301.5,-784.1,1042.8
-306.3,-688.8,1038.1
-660.3,-149.2,911.1
-558.7,-55.5,912.7
-430.1,146.0,992.0
-630.1,377.7,838.1
-553.9,617.4,893.6
-253.9,741.2,1019.0
23.8,766.6,985.7
174.6,604.7,971.4
146.0,719.0,868.2
560.3,276.1,982.5
230.1,279.3,912.7
-,-,-
-120.6,842.8,839.6
250.7,819.0,741.2
769.8,353.9,1019.0
712.7,280.9,966.6
606.3,-104.7,1198.4
412.7,-612.7,1087.3
7.9,-990.4,1020.6
-223.8,-1552.3,1012.7
-463.4,-763.4,911.1
-549.2,-230.1,741.2
-549.2,231.7,892.0
-538.1,563.4,744.4
-360.3,660.3,922.2
-257.1,844.4,960.3
-98.4,866.6,861.9
231.7,682.5,1061.9
384.1,403.1,834.9
274.6,385.7,1088.8
407.9,28.5,1039.6
339.6,-119.0,1014.2
330.1,-423.8,1068.2
-,-,-
-280.9,485.7,866.6
-401.5,844.4,768.2
-123.8,865.0,765.0
103.1,968.2,714.2
511.1,761.9,863.4
860.3,334.9,1014.2
633.3,252.3,1088.8
553.9,-68.2,1271.4
565.0,-585.7,1244.4
-195.2,-506.3,1139.6
-74.6,-917.4,1342.8
-379.3,-909.5,996.8
-385.7,-557.1,1061.9
-514.2,4.7,939.6
-477.7,225.4,922.2
-425.4,460.3,1025.4
-400.0,685.7,873.0
-325.4,893.6,820.6
-131.7,860.3,912.7
23.8,788.8,841.2
233.3,528.5,814.2
55.5,763.4,792.0
304.7,504.7,792.0
531.7,-28.5,1098.4
326.9,-196.8,917.4
-,-,-
-52.3,580.9,860.3
31.7,761.9,819.0
234.9,685.7,938.1
360.3,557.1,814.2
558.7,361.9,992.0
611.1,257.1,1141.2
385.7,-196.8,1203.1
100.0,-738.1,1038.1
-119.0,-909.5,1142.8
-512.7,-804.7,1090.4
-538.1,-450.7,971.4
-458.7,20.6,985.7
-652.3,587.3,885.7
-431.7,665.0,992.0
-523.8,974.6,1017.4
152.3,657.1,1000.0
109.5,760.3,969.8
-52.3,992.0,480.9
528.5,412.7,920.6
306.3,479.3,785.7
487.3,98.4,811.1
352.3,-130.1,969.8
126.9,-157.1,890.4
301.5,-280.9,1317.4
-,-,-
-22.2,614.2,860.3
77.7,944.4,819.0
350.7,585.7,861.9
666.6,249.2,965.0
641.2,69.8,1068.2
636.5,-323.8,1292.0
211.1,-463.4,987.3
-328.5,-433.3,1126.9
-580.9,-787.3,782.5
-539.6,-958.7,847.6
-503.1,-280.9,1096.8
-380.9,53.9,922.2
-150.7,428.5,1112.7
-477.7,763.4,941.2
-103.1,858.7,1039.6
-182.5,968.2,1047.6
253.9,663.4,819.0
247.6,565.0,815.8
361.9,287.3,882.5
328.5,157.1,836.5
-,-,-
26.9,769.8,909.5
285.7,822.2,809.5
590.4,552.3,936.5
712.7,253.9,893.6
684.1,-42.8,1120.6
631.7,-658.7,1166.6
26.9,-730.1,961.9
-206.3,-933.3,838.1
-711.1,-758.7,861.9
-611.1,-482.5,1047.6
-484.1,6.3,1065.0
-436.5,609.5,1193.6
-326.9,763.4,1093.6
-146.0,971.4,1076.1
123.8,785.7,861.9
177.7,861.9,861.9
388.8,712.7,814.2
412.7,385.7,795.2
553.9,134.9,939.6
384.1,-123.8,885.7
233.3,-149.2,1246.0
261.9,-322.2,885.7
