-,-,-
-3.2,284.1,985.7
 0.0,311.1,998.4
31.7,385.7,1041.3
27.0,415.9,1014.3
57.1,490.5,961.9
104.8,481.0,893.7
209.5,404.8,942.9
307.9,328.6,938.1
438.1,260.3,961.9
428.6,209.5,887.3
454.0,198.4,866.7
411.1,152.4,869.8
425.4,131.7,896.8
404.8,109.5,893.7
406.3,98.4,966.7
463.5,28.6,1038.1
465.1,-50.8,1071.4
514.3,-154.0,1088.9
557.1,-223.8,1173.0
633.3,-328.6,1201.6
555.6,-371.4,1166.7
476.2,-403.2,1142.9
361.9,-450.8,1119.0
284.1,-582.5,1065.1
301.6,-709.5,1012.7
285.7,-815.9,1023.8
309.5,-836.5,1146.0
233.3,-865.1,1141.3
128.6,-861.9,1125.4
-3.2,-817.5,1066.7
-142.9,-760.3,995.2
-328.6,-682.5,866.7
-431.7,-636.5,795.2
-484.1,-636.5,814.3
-425.4,-630.2,885.7
-425.4,-639.7,947.6
-479.4,-652.4,990.5
-477.8,-581.0,947.6
-585.7,-461.9,860.3
-714.3,-303.2,771.4
-738.1,-207.9,692.1
-604.8,-204.8,709.5
-454.0,-179.4,687.3
-373.0,-171.4,1073.0
-358.7,-96.8,1215.9
-447.6, 7.9,1019.0
-500.0,174.6,884.1
-634.9,288.9,706.3
-763.5,382.5,660.3
-736.5,412.7,739.7
-587.3,406.3,842.9
-549.2,387.3,861.9
-555.6,385.7,871.4
-658.7,457.1,839.7
-757.1,558.7,790.5
-860.3,614.3,738.1
-712.7,641.3,911.1
-603.2,638.1,966.7
-407.9,612.7,992.1
-258.7,503.2,1014.3
-142.9,409.5,998.4
-131.7,407.9,968.3
-154.0,385.7,938.1
-228.6,628.6,885.7
-298.4,760.3,893.7
-257.1,736.5,915.9
-50.8,684.1,987.3
160.3,541.3,969.8
354.0,381.0,960.3
382.5,234.9,914.3
360.3,198.4,858.7
279.4,300.0,734.9
-3.2,534.9,706.3
-252.4,738.1,809.5
-201.6,815.9,965.1
-55.6,685.7,922.2
234.9,487.3,868.3
407.9,301.6,869.8
477.8,185.7,911.1
385.7,160.3,896.8
331.7,200.0,844.4
327.0,134.9,807.9
379.4,57.1,815.9
334.9,31.7,834.9
277.8,73.0,882.5
230.2,30.2,846.0
300.0,-42.9,836.5
287.3,-104.8,814.3
-,-,-
130.2,385.7,844.4
182.5,385.7,892.1
207.9,411.1,914.3
187.3,411.1,911.1
238.1,438.1,987.3
303.2,434.9,1038.1
406.3,406.3,1038.1
477.8,312.7,1012.7
528.6,201.6,911.1
506.3,125.4,796.8
488.9,74.6,817.5
530.2,30.2,868.3
612.7,-20.6,949.2
557.1, 1.6,1090.5
507.9, 1.6,1176.2
561.9,-95.2,1241.3
606.3,-225.4,1241.3
663.5,-384.1,1139.7
607.9,-484.1,922.2
538.1,-585.7,839.7
506.3,-692.1,890.5
452.4,-884.1,1069.8
460.3,-965.1,1193.7
388.9,-990.5,1250.8
481.0,-915.9,1244.4
23.8,-792.1,1171.4
-273.0,-734.9,1041.3
-460.3,-682.5,809.5
-633.3,-603.2,458.7
-992.1,-577.8,439.7
-765.1,-630.2,512.7
-712.7,-652.4,934.9
-688.9,-730.2,871.4
-563.5,-538.1,922.2
-509.5,-450.8,909.5
-627.0,-307.9,884.1
-738.1,-128.6,885.7
-890.5,47.6,861.9
-882.5,101.6,846.0
-841.3,79.4,807.9
-755.6,223.8,788.9
-733.3,84.1,758.7
-755.6,149.2,688.9
-685.7,181.0,692.1
-585.7,207.9,811.1
-581.0,222.2,909.5
-882.5,258.7,968.3
-603.2,301.6,887.3
-428.6,327.0,833.3
-552.4,333.3,787.3
-460.3,334.9,819.0
-381.0,350.8,912.7
-382.5,409.5,963.5
-463.5,554.0,987.3
-455.6,634.9,966.7
-422.2,619.0,911.1
-282.5,633.3,915.9
-204.8,633.3,911.1
-155.6,631.7,911.1
-119.0,631.7,895.2
-119.0,733.3,947.6
-204.8,838.1,961.9
-155.6,847.6,985.7
-69.8,757.1,887.3
150.8,633.3,866.7
273.0,484.1,838.1
330.2,411.1,820.6
303.2,404.8,809.5
330.2,460.3,761.9
225.4,507.9,809.5
154.0,579.4,888.9
98.4,582.5,992.1
179.4,465.1,920.6
333.3,327.0,888.9
434.9,204.8,844.4
454.0,130.2,869.8
477.8,95.2,898.4
488.9,-19.0,895.2
514.3,-76.2,915.9
477.8,-100.0,911.1
333.3,-22.2,965.1
227.0, 9.5,1066.7
231.7,-27.0,1090.5
236.5,-177.8,1017.5
274.6,-257.1,969.8
260.3,-330.2,863.5
-,-,-
149.2,457.1,865.1
284.1,403.2,919.0
304.8,376.2,869.8
333.3,304.8,863.5
331.7,263.5,841.3
387.3,228.6,814.3
404.8,182.5,795.2
465.1,131.7,869.8
504.8,79.4,885.7
579.4, 7.9,860.3
665.1,-46.0,944.4
758.7,-144.4,1115.9
787.3,-258.7,1266.7
787.3,-381.0,1249.2
712.7,-422.2,1171.4
611.1,-460.3,1017.5
487.3,-503.2,895.2
528.6,-563.5,914.3
566.7,-757.1,995.2
615.9,-912.7,1168.3
614.3,-1041.3,1295.2
487.3,-1058.7,1350.8
301.6,-1084.1,1296.8
95.2,-995.2,1149.2
-176.2,-963.5,944.4
-357.1,-831.7,812.7
-507.9,-790.5,742.9
-582.5,-734.9,733.3
-625.4,-758.7,739.7
-582.5,-612.7,736.5
-577.8,-612.7,790.5
-638.1,-358.7,812.7
-711.1,-206.3,765.1
-765.1,-54.0,758.7
-790.5,106.3,760.3
-834.9,250.8,731.7
-941.3,349.2,631.7
-888.9,388.9,488.9
-857.1,403.2,514.3
-788.9,414.3,687.3
-511.1,454.0,915.9
-503.2,507.9,1066.7
-663.5,558.7,1014.3
-757.1,539.7,884.1
-712.7,485.7,761.9
-658.7,504.8,668.3
-554.0,455.6,690.5
-501.6,458.7,769.8
-398.4,439.7,846.0
-360.3,452.4,936.5
-327.0,434.9,893.7
-379.4,455.6,860.3
-354.0,506.3,860.3
-296.8,514.3,811.1
-201.6,488.9,768.3
-100.0,512.7,793.7
-27.0,515.9,869.8
22.2,554.0,961.9
 1.6,590.5,936.5
-20.6,638.1,922.2
-3.2,682.5,919.0
103.2,587.3,987.3
200.0,511.1,987.3
281.0,433.3,922.2
330.2,385.7,922.2
300.0,404.8,911.1
209.5,430.2,888.9
150.8,463.5,868.3
107.9,485.7,942.9
177.8,454.0,1036.5
281.0,282.5,1012.7
481.0,103.2,1034.9
606.3,-69.8,961.9
639.7,-204.8,814.3
634.9,-227.0,787.3
504.8,-131.7,763.5
255.6,31.7,766.7
54.0,125.4,847.6
 1.6,131.7,1036.5
101.6,49.2,1177.8
160.3,-73.0,1173.0
387.3,-247.6,1120.6
488.9,-382.5,995.2
541.3,-427.0,988.9
427.0,-360.3,939.7
284.1,-233.3,963.5
-,-,-
33.3,249.2,742.9
55.6,282.5,782.5
46.0,328.6,811.1
22.2,411.1,868.3
-6.3,458.7,871.4
131.7,465.1,915.9
234.9,382.5,895.2
325.4,333.3,923.8
330.2,331.7,896.8
327.0,382.5,938.1
276.2,411.1,938.1
287.3,428.6,942.9
354.0,330.2,919.0
509.5,301.6,974.6
668.3,98.4,1038.1
833.3,-50.8,1087.3
863.5,-146.0,1095.2
858.7,-131.7,1150.8
809.5,-157.1,1139.7
792.1,-182.5,1177.8
739.7,-225.4,1241.3
617.5,-276.2,1241.3
211.1,-347.6,1200.0
609.5,-481.0,1241.3
690.5,-681.0,1241.3
761.9,-863.5,1173.0
668.3,-939.7,1063.5
433.3,-965.1,898.4
201.6,-982.5,839.7
100.0,-992.1,841.3
-130.2,-1019.0,787.3
-231.7,-1014.3,757.1
-327.0,-1060.3,717.5
-328.6,-1090.5,758.7
-311.1,-1090.5,814.3
-358.7,-966.7,933.3
-511.1,-866.7,961.9
-501.6,-781.0,947.6
-485.7,-714.3,896.8
-504.8,-588.9,884.1
-512.7,-500.0,809.5
-477.8,-384.1,688.9
-485.7,-231.7,617.5
-538.1,-71.4,668.3
-636.5,79.4,811.1
-660.3,200.0,890.5
-630.2,233.3,871.4
-536.5,254.0,846.0
-500.0,281.0,792.1
-450.8,330.2,793.7
-476.2,363.5,842.9
-503.2,452.4,941.3
-576.2,507.9,1022.2
-511.1,536.5,1071.4
-423.8,503.2,1088.9
-296.8,479.4,1092.1
-204.8,460.3,1098.4
-227.0,507.9,1087.3
-250.8,581.0,1071.4
-282.5,641.3,1063.5
-334.9,688.9,1019.0
-374.6,715.9,968.3
-323.8,692.1,961.9
-147.6,666.7,1020.6
-17.5,606.3,990.5
123.8,533.3,961.9
127.0,584.1,995.2
33.3,688.9,996.8
76.2,634.9,988.9
123.8,585.7,909.5
152.4,504.8,838.1
207.9,460.3,819.0
250.8,415.9,858.7
258.7,412.7,912.7
309.5,377.8,920.6
409.5,306.3,934.9
403.2,225.4,809.5
406.3,231.7,742.9
282.5,250.8,715.9
227.0,258.7,817.5
182.5,254.0,841.3
179.4,250.8,795.2
233.3,181.0,757.1
328.6,107.9,858.7
365.1,-3.2,941.3
514.3,-154.0,1019.0
606.3,-300.0,1023.8
614.3,-385.7,965.1
582.5,-504.8,911.1
461.9,-500.0,888.9
-,-,-
82.5,352.4,915.9
123.8,384.1,941.3
176.2,355.6,1012.7
155.6,365.1,1012.7
227.0,104.8,996.8
331.7,331.7,922.2
330.2,301.6,909.5
328.6,279.4,892.1
314.3,284.1,890.5
384.1,252.4,873.0
387.3,211.1,871.4
504.8,150.8,887.3
581.0,131.7,919.0
454.0,111.1,941.3
590.5,133.3,1019.0
530.2,106.3,1017.5
541.3,58.7,1017.5
566.7,-96.8,1042.9
641.3,-258.7,1087.3
663.5,-407.9,1114.3
911.1,-482.5,1138.1
557.1,-531.7,1096.8
452.4,-476.2,1119.0
285.7,-481.0,1141.3
133.3,-554.0,1142.9
30.2,-715.9,1046.0
-4.8,-882.5,947.6
-44.4,-1046.0,812.7
-28.6,-1147.6,766.7
-54.0,-1160.3,761.9
-123.8,-1087.3,792.1
-231.7,-987.3,873.0
-376.2,-842.9,1012.7
-500.0,-763.5,1068.3
-639.7,-661.9,995.2
-838.1,-533.3,871.4
-888.9,-454.0,782.5
-819.0,-436.5,642.9
-627.0,-457.1,612.7
-455.6,-477.8,663.5
-423.8,-374.6,719.0
-428.6,-250.8,817.5
-452.4,-46.0,893.7
-581.0,158.7,939.7
-679.4,309.5,987.3
-654.0,403.2,968.3
-579.4,385.7,912.7
-457.1,311.1,863.5
-400.0,334.9,915.9
-463.5,434.9,966.7
-485.7,558.7,1017.5
-577.8,657.1,1039.7
-661.9,742.9,1049.2
-681.0,793.7,1014.3
-581.0,860.3,938.1
-381.0,741.3,966.7
-222.2,633.3,1017.5
-147.6,604.8,969.8
-195.2,668.3,917.5
-300.0,788.9,988.9
-298.4,834.9,1039.7
-298.4,844.4,985.7
-200.0,822.2,922.2
-77.8,765.1,869.8
76.2,684.1,836.5
179.4,581.0,820.6
249.2,533.3,769.8
281.0,503.2,715.9
300.0,534.9,693.7
258.7,587.3,742.9
179.4,641.3,834.9
84.1,642.9,836.5
223.8,555.6,890.5
407.9,407.9,865.1
560.3,260.3,936.5
614.3,131.7,934.9
587.3,76.2,938.1
506.3,50.8,912.7
407.9, 7.9,912.7
350.8,-46.0,915.9
307.9,-119.0,919.0
285.7,-184.1,968.3
281.0,-250.8,922.2
255.6,-307.9,866.7
249.2,-376.2,857.1
233.3,-430.2,869.8
236.5,-473.0,971.4
255.6,-509.5,1044.4
282.5,-554.0,1068.3
311.1,-587.3,1074.6
-,-,-
54.0,431.7,934.9
133.3,352.4,946.0
231.7,333.3,971.4
287.3,309.5,944.4
128.6,301.6,965.1
361.9,304.8,963.5
358.7,333.3,947.6
352.4,352.4,934.9
361.9,328.6,936.5
361.9,279.4,896.8
361.9,228.6,917.5
381.0,154.0,911.1
463.5,82.5,919.0
530.2,-6.3,893.7
603.2,-100.0,942.9
636.5,-227.0,1046.0
668.3,-282.5,1123.8
590.5,-350.8,1092.1
585.7,-404.8,1096.8
454.0,-407.9,1095.2
406.3,-427.0,1127.0
358.7,-506.3,1139.7
276.2,-604.8,1117.5
179.4,-688.9,1114.3
149.2,-733.3,1115.9
74.6,-782.5,1173.0
-20.6,-809.5,1198.4
-76.2,-836.5,1271.4
-149.2,-836.5,1328.6
-198.4,-833.3,1242.9
-282.5,-834.9,1015.9
-428.6,-804.8,793.7
-561.9,-754.0,692.1
-612.7,-707.9,641.3
-579.4,-687.3,641.3
-484.1,-682.5,682.5
-377.8,-558.7,761.9
-396.8,-403.2,836.5
-503.2,-182.5,860.3
-633.3,20.6,811.1
-714.3,152.4,714.3
-763.5,206.3,634.9
-681.0,206.3,579.4
-498.4,201.6,606.3
-358.7,260.3,787.3
-347.6,361.9,1063.5
-454.0,515.9,1169.8
-636.5,609.5,1122.2
-785.7,657.1,1065.1
-865.1,617.5,934.9
-834.9,612.7,834.9
-636.5,561.9,788.9
-349.2,482.5,846.0
-98.4,385.7,1068.3
-100.0,385.7,1217.5
-96.8,411.1,1163.5
-131.7,485.7,1063.5
-276.2,584.1,966.7
-381.0,758.7,995.2
-430.2,847.6,992.1
-350.8,838.1,885.7
-144.4,744.4,833.3
84.1,663.5,911.1
225.4,603.2,1009.5
250.8,565.1,987.3
228.6,555.6,885.7
222.2,528.6,834.9
130.2,561.9,820.6
58.7,617.5,871.4
31.7,630.2,885.7
152.4,560.3,934.9
233.3,484.1,919.0
276.2,457.1,860.3
282.5,404.8,785.7
300.0,333.3,763.5
333.3,252.4,795.2
334.9,184.1,841.3
274.6,179.4,885.7
309.5,149.2,942.9
303.2,74.6,973.0
407.9,30.2,987.3
433.3,-46.0,968.3
482.5,-95.2,919.0
415.9,-119.0,922.2
354.0,-104.8,987.3
287.3,-104.8,992.1
182.5,-130.2,936.5
184.1,-179.4,834.9
255.6,-255.6,1039.7
360.3,-384.1,1063.5
455.6,-477.8,1023.8
-,-,-
182.5,307.9,938.1
157.1,357.1,946.0
157.1,454.0,936.5
54.0,487.3,939.7
77.8,533.3,987.3
147.6,490.5,939.7
228.6,428.6,919.0
282.5,352.4,887.3
349.2,307.9,920.6
430.2,261.9,944.4
485.7,209.5,1019.0
488.9,185.7,1066.7
482.5,200.0,1074.6
454.0,179.4,1044.4
452.4,158.7,998.4
436.5,76.2,961.9
463.5,28.6,969.8
504.8,-69.8,992.1
581.0,-174.6,1036.5
587.3,-281.0,1044.4
612.7,-358.7,1096.8
533.3,-384.1,1168.3
409.5,-404.8,1192.1
231.7,-400.0,1177.8
74.6,-449.2,1168.3
-23.8,-557.1,1144.4
-119.0,-687.3,1139.7
-227.0,-790.5,1092.1
-277.8,-904.8,1042.9
-252.4,-963.5,998.4
-258.7,-958.7,992.1
-325.4,-939.7,985.7
-334.9,-936.5,987.3
-381.0,-887.3,969.8
-458.7,-803.2,944.4
-504.8,-711.1,933.3
-577.8,-609.5,846.0
-628.6,-523.8,687.3
-588.9,-452.4,565.1
-561.9,-382.5,504.8
-606.3,-225.4,533.3
-687.3,-95.2,609.5
-711.1,25.4,709.5
-787.3,100.0,741.3
-757.1,147.6,685.7
-558.7,147.6,588.9
-284.1,104.8,565.1
-206.3,207.9,738.1
-460.3,441.3,946.0
-711.1,638.1,1090.5
-811.1,695.2,1171.4
-858.7,706.3,1139.7
-907.9,709.5,1023.8
-765.1,657.1,807.9
-509.5,506.3,712.7
-276.2,434.9,761.9
-147.6,387.3,936.5
-147.6,454.0,1071.4
-274.6,563.5,1117.5
-503.2,707.9,1090.5
-557.1,839.7,1098.4
-482.5,811.1,1042.9
-374.6,763.5,892.1
-144.4,657.1,836.5
73.0,539.7,884.1
82.5,514.3,892.1
47.6,533.3,884.1
 1.6,515.9,815.9
 3.2,514.3,861.9
 1.6,528.6,920.6
 3.2,534.9,1011.1
106.3,477.8,992.1
181.0,409.5,941.3
306.3,301.6,858.7
352.4,231.7,861.9
358.7,198.4,831.7
357.1,134.9,784.1
284.1,203.2,815.9
131.7,284.1,919.0
155.6,303.2,869.8
279.4,182.5,1222.2
407.9,46.0,987.3
488.9,-50.8,871.4
436.5,-101.6,860.3
390.5,-147.6,884.1
333.3,-146.0,795.2
331.7,-173.0,1117.5
333.3,-201.6,834.9
303.2,-246.0,960.3
336.5,-254.0,1090.5
382.5,-327.0,1120.6
404.8,-400.0,1020.6
354.0,-404.8,911.1
307.9,-3.2,861.9
274.6,-374.6,911.1
-,-,-
33.3,304.8,988.9
-28.6,385.7,1011.1
-23.8,527.0,1023.8
 6.3,509.5,941.3
177.8,431.7,923.8
276.2,314.3,888.9
339.7,282.5,914.3
334.9,327.0,936.5
355.6,387.3,996.8
334.9,439.7,990.5
381.0,477.8,1012.7
411.1,457.1,973.0
487.3,409.5,1014.3
587.3,334.9,1039.7
666.7,261.9,1092.1
682.5,152.4,1117.5
690.5,127.0,1112.7
617.5,77.8,1068.3
633.3,46.0,1074.6
592.1,-77.8,1012.7
584.1,-203.2,995.2
560.3,-347.6,939.7
503.2,-431.7,885.7
409.5,-512.7,815.9
307.9,-528.6,861.9
204.8,-561.9,871.4
184.1,-584.1,946.0
176.2,-679.4,987.3
198.4,-682.5,1065.1
85.7,-701.6,1063.5
 1.6,-663.5,1011.1
-95.2,-661.9,933.3
-155.6,-639.7,917.5
-301.6,-661.9,941.3
-373.0,-630.2,1049.2
-460.3,-658.7,1073.0
-452.4,-658.7,1061.9
-477.8,-654.0,990.5
-422.2,-665.1,966.7
-384.1,-685.7,920.6
-377.8,-657.1,911.1
-352.4,-611.1,914.3
-330.2,-463.5,1015.9
-460.3,-255.6,1020.6
-534.9,-19.0,1071.4
-627.0,96.8,992.1
-661.9,152.4,914.3
-657.1,123.8,766.7
-601.6,50.8,630.2
-512.7, 3.2,607.9
-434.9,-15.9,636.5
-403.2, 6.3,739.7
-371.4,82.5,890.5
-406.3,155.6,973.0
-474.6,274.6,960.3
-557.1,338.1,895.2
-563.5,414.3,793.7
-579.4,433.3,684.1
-485.7,436.5,709.5
-428.6,436.5,769.8
-307.9,481.0,1022.2
-279.4,463.5,1012.7
-331.7,639.7,1125.4
-455.6,761.9,1122.2
-376.2,793.7,1122.2
-279.4,741.3,1025.4
-176.2,738.1,963.5
-106.3,707.9,938.1
30.2,642.9,973.0
71.4,585.7,1042.9
149.2,581.0,992.1
81.0,585.7,990.5
71.4,611.1,990.5
33.3,584.1,914.3
47.6,555.6,839.7
-30.2,530.2,768.3
 3.2,560.3,790.5
50.8,533.3,842.9
173.0,507.9,960.3
209.5,434.9,1093.7
328.6,354.0,1088.9
409.5,207.9,909.5
461.9,77.8,711.1
481.0,-55.6,634.9
384.1,-79.4,711.1
206.3,58.7,742.9
84.1,98.4,787.3
185.7,122.2,863.5
328.6,73.0,1012.7
511.1,-127.0,1042.9
692.1,-327.0,990.5
666.7,-431.7,844.4
563.5,-385.7,817.5
454.0,-296.8,785.7
357.1,-200.0,839.7
227.0,-152.4,871.4
182.5,-123.8,914.3
203.2,-174.6,949.2
-,-,-
149.2,506.3,947.6
184.1,479.4,944.4
233.3,414.3,911.1
260.3,403.2,917.5
298.4,384.1,915.9
363.5,352.4,938.1
430.2,284.1,917.5
533.3,204.8,938.1
587.3,150.8,996.8
666.7,98.4,1087.3
742.9, 6.3,1142.9
792.1,-96.8,1223.8
758.7,-222.2,1293.7
733.3,-328.6,1304.8
641.3,-409.5,1252.4
582.5,-488.9,1222.2
504.8,-560.3,1169.8
430.2,-628.6,1073.0
350.8,-630.2,1015.9
249.2,-581.0,1012.7
106.3,-555.6,961.9
50.8,-561.9,888.9
-22.2,-587.3,819.0
-130.2,-582.5,758.7
-252.4,-577.8,741.3
-352.4,-512.7,742.9
-461.9,-511.1,712.7
-452.4,-511.1,711.1
-428.6,-509.5,666.7
-403.2,-503.2,712.7
-458.7,-452.4,763.5
-482.5,-450.8,706.3
-503.2,-425.4,690.5
-509.5,-349.2,684.1
-581.0,-250.8,642.9
-655.6,-146.0,579.4
-712.7,-55.6,641.3
-730.2,-4.8,584.1
-714.3,-23.8,617.5
-707.9,23.8,607.9
-558.7,49.2,588.9
-376.2,96.8,631.7
-430.2,147.6,687.3
-538.1,279.4,795.2
-690.5,411.1,887.3
-712.7,458.7,893.7
-736.5,436.5,865.1
-615.9,431.7,607.9
-430.2,427.0,766.7
-300.0,354.0,841.3
-277.8,558.7,987.3
-298.4,636.5,1115.9
-406.3,665.1,1144.4
-485.7,739.7,1171.4
-607.9,863.5,1123.8
-587.3,890.5,1073.0
-403.2,784.1,1049.2
-119.0,660.3,1023.8
-17.5,534.9,1049.2
-28.6,404.8,1047.6
-54.0,579.4,1025.4
-28.6,566.7,1044.4
-101.6,554.0,968.3
-254.0,733.3,966.7
-207.9,788.9,1038.1
-49.2,790.5,961.9
122.2,631.7,863.5
312.7,482.5,858.7
257.1,425.4,871.4
207.9,427.0,884.1
177.8,412.7,919.0
233.3,388.9,936.5
255.6,363.5,944.4
250.8,360.3,941.3
204.8,363.5,887.3
234.9,331.7,820.6
387.3,228.6,820.6
282.5,174.6,839.7
254.0,133.3,860.3
281.0,77.8,893.7
357.1,-23.8,947.6
439.7,-130.2,988.9
434.9,-222.2,971.4
428.6,-271.4,973.0
331.7,-257.1,992.1
250.8,-254.0,992.1
147.6,-273.0,911.1
127.0,-257.1,846.0
-,-,-
77.8,327.0,885.7
100.0,354.0,920.6
131.7,400.0,961.9
130.2,454.0,998.4
157.1,484.1,1068.3
250.8,511.1,1098.4
325.4,431.7,1066.7
439.7,354.0,1023.8
479.4,303.2,971.4
509.5,279.4,969.8
490.5,254.0,971.4
539.7,231.7,985.7
584.1,157.1,971.4
593.7,127.0,992.1
615.9,58.7,1020.6
617.5,22.2,1012.7
587.3,-44.4,993.7
541.3,-49.2,942.9
485.7,-76.2,917.5
455.6,-76.2,938.1
390.5,-146.0,944.4
384.1,-225.4,965.1
363.5,-381.0,1020.6
434.9,-501.6,1098.4
476.2,-660.3,1215.9
460.3,-806.3,1242.9
338.1,-881.0,1657.1
257.1,-887.3,1320.6
234.9,-893.7,1320.6
222.2,-996.8,1201.6
169.8,-1092.1,1069.8
96.8,-1063.5,965.1
-73.0,-988.9,865.1
-271.4,-841.3,839.7
-458.7,-682.5,795.2
-587.3,-585.7,892.1
-634.9,-531.7,815.9
-641.3,-485.7,833.3
-715.9,-409.5,834.9
-704.8,-357.1,860.3
-579.4,-333.3,836.5
-460.3,-146.0,793.7
-450.8,-128.6,787.3
-449.2,46.0,869.8
-534.9,209.5,961.9
-581.0,334.9,995.2
-639.7,309.5,936.5
-628.6,309.5,844.4
-607.9,236.5,734.9
-638.1,282.5,666.7
-587.3,333.3,682.5
-477.8,434.9,788.9
-500.0,504.8,909.5
-554.0,579.4,1036.5
-611.1,590.5,1014.3
-552.4,590.5,992.1
-501.6,531.7,911.1
-433.3,458.7,834.9
-403.2,427.0,814.3
185.7,455.6,912.7
-150.8,490.5,987.3
-222.2,587.3,1039.7
-320.6,681.0,995.2
-227.0,693.7,973.0
-225.4,682.5,914.3
-125.4,642.9,863.5
-25.4,558.7,819.0
100.0,515.9,836.5
130.2,528.6,839.7
200.0,531.7,890.5
104.8,606.3,919.0
22.2,682.5,960.3
50.8,617.5,938.1
203.2,512.7,923.8
200.0,388.9,868.3
233.3,336.5,863.5
281.0,285.7,912.7
274.6,284.1,990.5
233.3,307.9,984.1
273.0,279.4,987.3
250.8,200.0,936.5
206.3,150.8,912.7
187.3,82.5,863.5
201.6,46.0,863.5
185.7,-19.0,861.9
225.4,-49.2,866.7
281.0,-101.6,839.7
301.6,-154.0,871.4
279.4,-176.2,961.9
298.4,-157.1,1023.8
273.0,-200.0,1050.8
274.6,-222.2,1068.3
250.8,-252.4,1020.6
231.7,-273.0,1012.7
230.2,-298.4,985.7
228.6,-306.3,966.7
201.6,-333.3,965.1
200.0,-347.6,998.4
-,-,-
131.7,277.8,860.3
201.6,234.9,863.5
225.4,257.1,871.4
207.9,285.7,893.7
238.1,252.4,896.8
304.8,334.9,942.9
358.7,225.4,968.3
403.2,225.4,1012.7
387.3,198.4,1039.7
427.0,204.8,1047.6
458.7,176.2,1011.1
460.3,157.1,985.7
434.9,130.2,960.3
455.6, 6.3,969.8
463.5,279.4,866.7
504.8,-127.0,1474.6
563.5,-92.1,1096.8
607.9,-149.2,1127.0
660.3,-269.8,1165.1
669.8,-309.5,1171.4
606.3,-401.6,1123.8
530.2,-423.8,1074.6
336.5,-458.7,1063.5
233.3,-501.6,1022.2
231.7,-579.4,996.8
200.0,-630.2,985.7
49.2,-688.9,969.8
-20.6,-712.7,1012.7
-66.7,-739.7,985.7
-195.2,-760.3,941.3
-298.4,-739.7,909.5
-373.0,-701.6,934.9
-425.4,-704.8,922.2
-481.0,-685.7,947.6
-498.4,-658.7,988.9
-452.4,-611.1,971.4
-384.1,-584.1,947.6
-357.1,-557.1,915.9
-481.0,-463.5,893.7
-536.5,-373.0,892.1
-560.3,-300.0,920.6
-606.3,-201.6,914.3
-536.5,-100.0,842.9
-404.8,46.0,792.1
-352.4,128.6,784.1
-334.9,250.8,842.9
-409.5,301.6,858.7
-457.1,327.0,885.7
-536.5,330.2,912.7
-587.3,385.7,961.9
-614.3,454.0,987.3
-560.3,490.5,1038.1
-503.2,536.5,1039.7
-458.7,561.9,992.1
-452.4,563.5,947.6
-503.2,660.3,890.5
-530.2,655.6,836.5
-460.3,657.1,896.8
-406.3,634.9,1011.1
-374.6,661.9,1139.7
-306.3,681.0,1169.8
-171.4,641.3,1171.4
-20.6,563.5,1074.6
 0.0,558.7,919.0
-100.0,539.7,793.7
-120.6,563.5,761.9
-120.6,582.5,738.1
-71.4,582.5,765.1
-22.2,579.4,815.9
23.8,631.7,893.7
54.0,633.3,992.1
85.7,538.1,1023.8
173.0,490.5,1046.0
203.2,460.3,914.3
158.7,409.5,819.0
154.0,401.6,782.5
123.8,385.7,761.9
107.9,403.2,785.7
107.9,388.9,760.3
174.6,352.4,839.7
261.9,250.8,961.9
352.4,161.9,1063.5
433.3,100.0,1090.5
461.9,47.6,1017.5
430.2,-30.2,936.5
363.5,-54.0,873.0
260.3,-74.6,817.5
196.8,-74.6,788.9
128.6,-98.4,784.1
98.4,-149.2,833.3
177.8,-246.0,896.8
260.3,-327.0,992.1
360.3,-403.2,1034.9
382.5,-433.3,1046.0
-,-,-
96.8,330.2,947.6
173.0,355.6,938.1
176.2,382.5,888.9
198.4,381.0,911.1
209.5,352.4,893.7
314.3,333.3,919.0
379.4,331.7,911.1
309.5,354.0,919.0
336.5,333.3,890.5
385.7,331.7,909.5
407.9,307.9,884.1
463.5,282.5,865.1
507.9,157.1,861.9
612.7,79.4,939.7
658.7,-25.4,973.0
736.5,-96.8,1039.7
761.9,-200.0,1041.3
768.3,-246.0,1063.5
692.1,-325.4,1063.5
565.1,-398.4,1122.2
514.3,-487.3,1142.9
477.8,-588.9,1096.8
361.9,-682.5,992.1
260.3,-688.9,944.4
182.5,-688.9,938.1
134.9,-685.7,969.8
44.4,-681.0,1041.3
-28.6,-687.3,1073.0
-107.9,-714.3,1019.0
-182.5,-677.8,1019.0
-328.6,-652.4,939.7
-454.0,-582.5,887.3
-511.1,-536.5,819.0
-612.7,-482.5,738.1
-639.7,-506.3,714.3
-636.5,-500.0,787.3
-657.1,-530.2,812.7
-511.1,-587.3,960.3
-452.4,-634.9,1042.9
-347.6,-609.5,1095.2
-303.2,-530.2,1049.2
-303.2,-333.3,984.1
-425.4,-155.6,939.7
-484.1,-28.6,917.5
-514.3,22.2,888.9
-509.5,47.6,895.2
-533.3,20.6,914.3
-485.7,54.0,941.3
-384.1,49.2,915.9
-274.6,100.0,941.3
-246.0,123.8,971.4
-201.6,231.7,1096.8
-358.7,331.7,1066.7
-447.6,430.2,1022.2
-501.6,414.3,990.5
-477.8,428.6,971.4
-454.0,452.4,966.7
-325.4,490.5,995.2
-249.2,477.8,1036.5
-227.0,555.6,1088.9
-247.6,631.7,1063.5
-177.8,666.7,1071.4
-142.9,668.3,1073.0
-95.2,687.3,1092.1
-98.4,657.1,990.5
 6.3,611.1,917.5
106.3,541.3,860.3
146.0,560.3,819.0
103.2,604.8,847.6
50.8,636.5,941.3
76.2,607.9,993.7
100.0,582.5,995.2
131.7,509.5,938.1
209.5,461.9,893.7
207.9,384.1,792.1
230.2,350.8,768.3
198.4,327.0,744.4
134.9,354.0,793.7
100.0,352.4,868.3
155.6,358.7,985.7
185.7,304.8,1049.2
250.8,249.2,1039.7
301.6,130.2,939.7
336.5,96.8,890.5
350.8, 6.3,839.7
355.6,-25.4,844.4
330.2,-54.0,836.5
350.8,-81.0,988.9
306.3,-152.4,1088.9
433.3,-228.6,1174.6
506.3,-303.2,1119.0
507.9,-350.8,1038.1
-,-,-
77.8,360.3,968.3
123.8,382.5,939.7
157.1,439.7,941.3
131.7,463.5,944.4
155.6,488.9,966.7
182.5,482.5,946.0
231.7,485.7,939.7
281.0,436.5,888.9
334.9,406.3,887.3
382.5,354.0,865.1
450.8,304.8,866.7
452.4,227.0,836.5
485.7,177.8,820.6
561.9,101.6,838.1
579.4,23.8,841.3
563.5,-3.2,890.5
611.1,-76.2,971.4
638.1,-176.2,988.9
669.8,-257.1,998.4
663.5,-307.9,1049.2
658.7,-379.4,1093.7
611.1,-452.4,1068.3
507.9,-506.3,1022.2
338.1,-561.9,914.3
181.0,-604.8,839.7
147.6,-688.9,890.5
107.9,-760.3,1044.4
136.5,-830.2,1203.2
158.7,-930.2,1327.0
106.3,-1014.3,1298.4
-104.8,-969.8,1239.7
-376.2,-909.5,1100.0
-498.4,-844.4,922.2
-561.9,-781.0,763.5
-511.1,-690.5,811.1
-433.3,-639.7,947.6
-406.3,-536.5,1117.5
-385.7,-455.6,1171.4
-379.4,-381.0,1069.8
-428.6,-333.3,909.5
-455.6,-220.6,784.1
-530.2,-104.8,687.3
-581.0,-1.6,665.1
-630.2,128.6,733.3
-628.6,206.3,944.4
-609.5,304.8,1114.3
-560.3,385.7,1146.0
-550.8,403.2,1095.2
-606.3,407.9,969.8
-709.5,387.3,795.2
-685.7,309.5,711.1
-654.0,234.9,638.1
-561.9,247.6,684.1
-530.2,260.3,769.8
-384.1,325.4,987.3
-282.5,354.0,1087.3
-247.6,379.4,1071.4
-231.7,365.1,992.1
-274.6,431.7,893.7
-333.3,504.8,861.9
-303.2,555.6,868.3
-281.0,568.3,911.1
-304.8,606.3,961.9
-198.4,579.4,1011.1
-47.6,530.2,1011.1
79.4,458.7,966.7
52.4,477.8,890.5
 3.2,560.3,820.6
-98.4,658.7,863.5
-179.4,692.1,866.7
-149.2,739.7,836.5
-119.0,684.1,793.7
19.0,634.9,919.0
109.5,585.7,1047.6
204.8,515.9,1088.9
306.3,407.9,1042.9
377.8,311.1,965.1
298.4,277.8,834.9
157.1,282.5,736.5
-66.7,433.3,793.7
-173.0,507.9,873.0
-149.2,441.3,896.8
-27.0,404.8,914.3
109.5,306.3,1009.5
255.6,158.7,1073.0
363.5,23.8,1073.0
407.9,-123.8,985.7
361.9,-198.4,820.6
311.1,-203.2,411.1
225.4,-179.4,1139.7
133.3,-154.0,817.5
101.6,-176.2,858.7
-,-,-
-1.6,431.7,860.3
 7.9,436.5,858.7
79.4,452.4,863.5
136.5,412.7,866.7
181.0,414.3,917.5
231.7,412.7,917.5
258.7,427.0,941.3
282.5,404.8,946.0
358.7,387.3,966.7
365.1,354.0,915.9
458.7,334.9,915.9
479.4,255.6,936.5
507.9,209.5,965.1
479.4,182.5,965.1
533.3,98.4,1023.8
606.3, 3.2,1095.2
665.1,-73.0,1141.3
733.3,-181.0,1139.7
739.7,-233.3,1120.6
717.5,-307.9,1061.9
642.9,-360.3,1020.6
512.7,-433.3,1019.0
384.1,-454.0,1039.7
234.9,-530.2,1019.0
173.0,-584.1,1015.9
131.7,-684.1,1017.5
181.0,-739.7,1088.9
203.2,-814.3,1122.2
177.8,-882.5,1169.8
-15.9,-933.3,1173.0
-182.5,-944.4,1196.8
-350.8,-968.3,1125.4
-511.1,-941.3,919.0
-587.3,-965.1,687.3
-552.4,-942.9,638.1
-503.2,-892.1,692.1
-425.4,-804.8,769.8
-350.8,-739.7,871.4
-303.2,-607.9,963.5
-374.6,-403.2,996.8
-452.4,-173.0,1036.5
-561.9, 0.0,971.4
-638.1,131.7,895.2
-703.2,203.2,814.3
-655.6,201.6,769.8
-607.9,174.6,687.3
-428.6,173.0,682.5
-382.5,200.0,720.6
-457.1,339.7,868.3
-549.2,512.7,987.3
-604.8,631.7,1042.9
-658.7,661.9,969.8
-682.5,738.1,888.9
-654.0,761.9,763.5
-427.0,731.7,765.1
-247.6,604.8,834.9
-182.5,630.2,919.0
-250.8,715.9,995.2
-377.8,871.4,1123.8
-477.8,961.9,1165.1
-322.2,946.0,1096.8
-173.0,819.0,987.3
-71.4,734.9,860.3
58.7,615.9,812.7
174.6,581.0,785.7
223.8,512.7,738.1
236.5,531.7,946.0
173.0,638.1,1017.5
106.3,690.5,1546.0
206.3,641.3,1119.0
301.6,558.7,1036.5
385.7,403.2,815.9
482.5,301.6,784.1
458.7,236.5,839.7
387.3,285.7,912.7
309.5,252.4,885.7
355.6,274.6,965.1
358.7,181.0,990.5
461.9,73.0,998.4
531.7,-77.8,936.5
534.9,-120.6,836.5
490.5,-196.8,765.1
439.7,-193.7,787.3
331.7,-96.8,817.5
309.5,-174.6,914.3
276.2,-220.6,990.5
255.6,-254.0,1044.4
282.5,-331.7,1044.4
331.7,-533.3,1036.5
-,-,-
44.4,379.4,919.0
27.0,406.3,922.2
107.9,463.5,944.4
122.2,465.1,915.9
130.2,481.0,911.1
200.0,465.1,936.5
306.3,457.1,947.6
377.8,411.1,896.8
454.0,379.4,895.2
479.4,330.2,869.8
490.5,300.0,841.3
509.5,250.8,844.4
560.3,181.0,866.7
609.5,79.4,866.7
695.2,-42.9,909.5
787.3,-149.2,990.5
839.7,-230.2,1061.9
795.2,-322.2,1165.1
692.1,-382.5,1217.5
577.8,-485.7,1150.8
434.9,-560.3,1073.0
338.1,-663.5,1039.7
330.2,-761.9,1012.7
361.9,-866.7,987.3
379.4,-931.7,1063.5
307.9,-963.5,1150.8
252.4,-992.1,1241.3
149.2,-1041.3,1217.5
54.0,-1088.9,1076.2
-123.8,-1039.7,961.9
-406.3,-914.3,868.3
-500.0,-881.0,809.5
-477.8,-860.3,765.1
-503.2,-831.7,792.1
-509.5,-785.7,838.1
-528.6,-812.7,920.6
-582.5,-785.7,1066.7
-612.7,-661.9,1123.8
-447.6,-450.8,1047.6
-307.9,-249.2,966.7
-277.8,-30.2,885.7
-349.2,106.3,811.1
-482.5,258.7,768.3
-555.6,312.7,785.7
-536.5,360.3,760.3
-576.2,404.8,865.1
-603.2,484.1,963.5
-531.7,558.7,939.7
-385.7,506.3,969.8
-382.5,438.1,888.9
-460.3,534.9,871.4
-627.0,642.9,885.7
-661.9,784.1,915.9
-709.5,817.5,939.7
-660.3,869.8,941.3
-558.7,860.3,961.9
-333.3,758.7,1012.7
-200.0,688.9,946.0
-152.4,658.7,922.2
-104.8,582.5,893.7
-127.0,679.4,915.9
-152.4,736.5,922.2
-101.6,707.9,922.2
-42.9,685.7,861.9
23.8,554.0,817.5
122.2,588.9,833.3
252.4,488.9,842.9
303.2,428.6,819.0
382.5,404.8,868.3
330.2,503.2,912.7
279.4,454.0,942.9
98.4,504.8,995.2
81.0,555.6,1068.3
177.8,476.2,963.5
234.9,357.1,869.8
276.2,260.3,793.7
300.0,234.9,817.5
281.0,211.1,865.1
276.2,203.2,892.1
284.1,131.7,915.9
327.0,47.6,914.3
307.9,-30.2,887.3
490.5,-74.6,915.9
150.8,-69.8,944.4
230.2,-79.4,936.5
185.7,-103.2,893.7
184.1,-120.6,890.5
177.8,-173.0,896.8
206.3,-233.3,968.3
206.3,-323.8,1012.7
236.5,-379.4,1044.4
-,-,-
81.0,276.2,949.2
46.0,312.7,917.5
50.8,430.2,960.3
-19.0,482.5,938.1
 6.3,503.2,923.8
73.0,484.1,909.5
185.7,465.1,936.5
249.2,436.5,934.9
338.1,411.1,968.3
411.1,357.1,965.1
463.5,333.3,961.9
479.4,282.5,911.1
509.5,301.6,922.2
501.6,234.9,887.3
538.1,211.1,917.5
566.7,147.6,965.1
611.1,76.2,993.7
593.7, 0.0,971.4
612.7,-69.8,966.7
581.0,-131.7,938.1
631.7,-182.5,1014.3
612.7,-271.4,1066.7
634.9,-381.0,1073.0
636.5,-500.0,1047.6
607.9,-601.6,992.1
503.2,-660.3,969.8
252.4,-684.1,939.7
-146.0,-603.2,1038.1
-534.9,-582.5,1068.3
-660.3,-690.5,1069.8
-561.9,-911.1,995.2
-381.0,-1114.3,936.5
-220.6,-1217.5,871.4
-223.8,-1220.6,998.4
-279.4,-1146.0,1169.8
-396.8,-1068.3,1203.2
-506.3,-906.3,1200.0
-615.9,-784.1,990.5
-684.1,-665.1,995.2
-658.7,-612.7,809.5
-481.0,-603.2,663.5
-298.4,-581.0,581.0
-207.9,-379.4,711.1
-281.0,-127.0,911.1
-400.0,130.2,1123.8
-511.1,361.9,1195.2
-588.9,381.0,1112.7
-652.4,565.1,987.3
-528.6,463.5,817.5
-328.6,428.6,834.9
-298.4,377.8,892.1
-382.5,458.7,917.5
-509.5,582.5,915.9
-560.3,587.3,911.1
-612.7,682.5,992.1
-663.5,734.9,1038.1
-587.3,655.6,1042.9
-460.3,788.9,969.8
-269.8,661.9,915.9
-220.6,687.3,893.7
-171.4,607.9,911.1
-173.0,654.0,988.9
-249.2,687.3,1022.2
-157.1,641.3,1049.2
-73.0,614.3,1041.3
-101.6,609.5,965.1
 4.8,615.9,966.7
-22.2,606.3,861.9
71.4,566.7,812.7
82.5,531.7,811.1
77.8,512.7,839.7
58.7,515.9,866.7
123.8,487.3,895.2
228.6,411.1,966.7
327.0,327.0,969.8
338.1,258.7,966.7
404.8,203.2,907.9
379.4,131.7,814.3
287.3,173.0,807.9
173.0,207.9,785.7
81.0,257.1,784.1
71.4,234.9,763.5
155.6,225.4,836.5
257.1,125.4,888.9
360.3,22.2,944.4
439.7,-119.0,947.6
530.2,-209.5,884.1
509.5,-257.1,793.7
427.0,-220.6,763.5
258.7,-130.2,792.1
98.4,-68.3,861.9
52.4,-54.0,968.3
152.4,-119.0,1092.1
328.6,-274.6,1117.5
482.5,-404.8,1139.7
557.1,-506.3,1112.7
557.1,-501.6,1092.1
-,-,-
209.5,488.9,1011.1
260.3,452.4,969.8
330.2,433.3,960.3
307.9,388.9,893.7
303.2,407.9,892.1
338.1,404.8,892.1
381.0,352.4,888.9
479.4,258.7,915.9
584.1,176.2,1011.1
638.1,76.2,1023.8
714.3,-27.0,1090.5
712.7,-123.8,1092.1
715.9,-209.5,1014.3
639.7,-334.9,963.5
557.1,-352.4,936.5
479.4,-352.4,558.7
377.8,-330.2,947.6
311.1,-423.8,1019.0
304.8,-528.6,1088.9
281.0,-601.6,1144.4
263.5,-861.9,1165.1
250.8,-704.8,1147.6
154.0,-830.2,1073.0
 3.2,-206.3,1017.5
-73.0,-788.9,1015.9
-273.0,-766.7,996.8
-381.0,-761.9,998.4
-400.0,-758.7,965.1
-431.7,-736.5,941.3
-511.1,-603.2,946.0
-611.1,-557.1,992.1
-703.2,-477.8,1022.2
-731.7,-401.6,1014.3
-733.3,-357.1,920.6
-715.9,-230.2,892.1
-684.1,-196.8,892.1
-577.8,-169.8,842.9
-454.0,-152.4,792.1
-352.4,-95.2,793.7
-400.0,28.6,841.3
-485.7,211.1,960.3
-615.9,334.9,1063.5
-681.0,436.5,1112.7
-703.2,438.1,1068.3
-730.2,485.7,988.9
-630.2,481.0,834.9
-454.0,428.6,739.7
-328.6,387.3,687.3
-249.2,409.5,784.1
-330.2,530.2,917.5
-455.6,661.9,1049.2
-574.6,788.9,1150.8
-641.3,846.0,1225.4
-533.3,811.1,1198.4
-327.0,712.7,1092.1
-27.0,565.1,973.0
30.2,488.9,888.9
 1.6,463.5,834.9
-46.0,542.9,865.1
-92.1,607.9,942.9
-117.5,658.7,1047.6
-47.6,634.9,1065.1
73.0,588.9,966.7
211.1,485.7,863.5
338.1,403.2,809.5
350.8,352.4,785.7
328.6,339.7,814.3
287.3,360.3,868.3
284.1,377.8,884.1
177.8,385.7,961.9
103.2,407.9,966.7
200.0,333.3,922.2
287.3,250.8,942.9
350.8,149.2,942.9
365.1,85.7,911.1
354.0,55.6,865.1
360.3,46.0,884.1
339.7, 0.0,888.9
327.0,-22.2,941.3
249.2,-55.6,968.3
203.2,-73.0,1047.6
177.8,-119.0,1047.6
201.6,-171.4,996.8
203.2,-231.7,947.6
203.2,-282.5,887.3
185.7,-347.6,866.7
-,-,-
79.4,465.1,890.5
122.2,458.7,914.3
200.0,465.1,961.9
249.2,401.6,993.7
325.4,481.0,1242.9
360.3,458.7,938.1
387.3,461.9,936.5
387.3,403.2,893.7
425.4,403.2,882.5
407.9,358.7,839.7
507.9,279.4,839.7
560.3,538.1,838.1
639.7,101.6,866.7
717.5,300.0,968.3
807.9,-174.6,1066.7
865.1,-304.8,1119.0
834.9,-406.3,1139.7
785.7,-500.0,1139.7
619.0,-422.2,1093.7
414.3,-422.2,1069.8
282.5,-485.7,993.7
128.6,-563.5,909.5
47.6,-655.6,865.1
101.6,-785.7,912.7
223.8,-911.1,1119.0
211.1,-985.7,1319.0
228.6,-990.5,1468.3
33.3,-968.3,1503.2
-46.0,-904.8,1393.7
-257.1,-854.0,1177.8
-458.7,-709.5,1092.1
-688.9,-607.9,947.6
-728.6,-525.4,914.3
-665.1,-512.7,923.8
-638.1,-455.6,993.7
-665.1,-354.0,1095.2
-612.7,-306.3,1117.5
-500.0,-274.6,1069.8
-398.4,-200.0,915.9
-400.0,-106.3,790.5
-503.2,33.3,706.3
-530.2,104.8,617.5
-511.1,160.3,563.5
-503.2,185.7,565.1
-434.9,279.4,665.1
-422.2,412.7,896.8
-357.1,539.7,1169.8
-360.3,630.2,1171.4
-379.4,638.1,1085.7
-430.2,611.1,947.6
-500.0,630.2,761.9
-500.0,633.3,633.3
-527.0,717.5,693.7
-533.3,788.9,884.1
-485.7,860.3,1047.6
-422.2,846.0,1177.8
-327.0,842.9,1220.6
-174.6,733.3,1120.6
-44.4,607.9,1020.6
 6.3,538.1,884.1
-49.2,557.1,742.9
-230.2,658.7,757.1
-279.4,733.3,844.4
-154.0,687.3,922.2
 4.8,590.5,941.3
204.8,458.7,920.6
355.6,333.3,939.7
361.9,277.8,887.3
352.4,250.8,819.0
328.6,230.2,757.1
281.0,285.7,719.0
22.2,436.5,838.1
-73.0,488.9,936.5
122.2,377.8,941.3
407.9,179.4,985.7
487.3, 4.8,971.4
488.9,-46.0,942.9
485.7,-54.0,919.0
438.1,-76.2,838.1
384.1,-95.2,758.7
198.4,22.2,814.3
-1.6,128.6,961.9
-52.4,149.2,1061.9
54.0,31.7,1046.0
207.9,-98.4,1022.2
361.9,-252.4,987.3
482.5,-352.4,968.3
455.6,-376.2,947.6
387.3,-352.4,971.4
279.4,-307.9,963.5
-,-,-
-3.2,234.9,1020.6
31.7,300.0,1039.7
81.0,284.1,1049.2
-157.1,325.4,987.3
109.5,236.5,946.0
131.7,85.7,915.9
149.2,411.1,885.7
200.0,461.9,922.2
231.7,455.6,946.0
309.5,457.1,941.3
328.6,415.9,885.7
 7.9,436.5,846.0
303.2,433.3,793.7
404.8,407.9,833.3
431.7,330.2,838.1
555.6,277.8,917.5
517.5,179.4,938.1
665.1,84.1,973.0
666.7,-6.3,998.4
707.9,-93.7,1025.4
711.1,-200.0,1014.3
692.1,-233.3,1046.0
655.6,-322.2,1073.0
612.7,-384.1,1147.6
565.1,-506.3,1198.4
509.5,-603.2,1266.7
385.7,-728.6,1196.8
336.5,-760.3,1149.2
207.9,-815.9,1098.4
171.4,-815.9,1119.0
74.6,-858.7,1114.3
57.1,-868.3,1166.7
-19.0,-885.7,1138.1
-150.8,-814.3,1117.5
-277.8,-804.8,1073.0
-349.2,-738.1,1088.9
-511.1,-658.7,1090.5
-587.3,-555.6,1090.5
-665.1,-501.6,1090.5
-634.9,-458.7,1098.4
-606.3,-461.9,1063.5
-488.9,-455.6,968.3
-406.3,-450.8,887.3
-361.9,-358.7,811.1
-427.0,-223.8,714.3
-527.0,-69.8,687.3
-563.5,52.4,661.9
-579.4,173.0,687.3
-633.3,250.8,758.7
-638.1,333.3,846.0
-663.5,388.9,833.3
-558.7,414.3,766.7
-554.0,361.9,687.3
-555.6,411.1,690.5
-587.3,411.1,715.9
-550.8,479.4,811.1
-607.9,581.0,866.7
-636.5,731.7,1012.7
-734.9,844.4,1017.5
-636.5,893.7,993.7
-485.7,768.3,939.7
-281.0,668.3,920.6
-207.9,565.1,912.7
-98.4,582.5,911.1
-73.0,611.1,936.5
-74.6,711.1,1039.7
-122.2,820.6,1163.5
-96.8,868.3,1203.2
 6.3,795.2,1120.6
203.2,685.7,971.4
309.5,542.9,890.5
285.7,484.1,839.7
204.8,458.7,788.9
149.2,487.3,761.9
104.8,490.5,769.8
147.6,487.3,865.1
154.0,454.0,896.8
161.9,484.1,966.7
207.9,431.7,963.5
282.5,361.9,963.5
328.6,258.7,865.1
352.4,207.9,790.5
260.3,158.7,736.5
252.4,176.2,734.9
257.1,125.4,785.7
327.0,27.0,914.3
414.3,-100.0,1011.1
506.3,-179.4,1046.0
555.6,-300.0,1042.9
542.9,-349.2,1039.7
485.7,-382.5,887.3
430.2,-404.8,887.3
-,-,-
184.1,403.2,942.9
154.0,484.1,965.1
122.2,557.1,947.6
81.0,604.8,938.1
133.3,579.4,922.2
225.4,557.1,909.5
311.1,454.0,841.3
457.1,363.5,865.1
536.5,279.4,860.3
612.7,206.3,866.7
641.3,100.0,834.9
692.1,22.2,846.0
669.8,-47.6,842.9
688.9,-76.2,887.3
682.5,-122.2,936.5
633.3,-127.0,1019.0
606.3,-206.3,1023.8
533.3,-281.0,1065.1
514.3,-382.5,1068.3
514.3,-460.3,1071.4
488.9,-554.0,1063.5
454.0,-581.0,1063.5
306.3,-582.5,1044.4
207.9,-631.7,1088.9
152.4,-712.7,1117.5
 3.2,-730.2,1144.4
-150.8,-760.3,1142.9
-201.6,-781.0,1093.7
-222.2,-812.7,1020.6
-227.0,-809.5,1020.6
-274.6,-763.5,1060.3
-303.2,-733.3,1049.2
-352.4,-681.0,1022.2
-384.1,-604.8,1011.1
-458.7,-511.1,963.5
-509.5,-401.6,907.9
-604.8,-323.8,815.9
-584.1,-233.3,769.8
-554.0,-146.0,719.0
-530.2,23.8,766.7
-536.5,184.1,820.6
-482.5,301.6,942.9
-484.1,330.2,1015.9
-507.9,358.7,1044.4
-601.6,357.1,998.4
-558.7,384.1,912.7
-528.6,401.6,806.3
-457.1,430.2,733.3
-484.1,481.0,717.5
-500.0,579.4,836.5
-460.3,612.7,936.5
-428.6,644.4,1038.1
-474.6,655.6,1022.2
-460.3,657.1,1046.0
-430.2,644.4,995.2
-382.5,657.1,973.0
-322.2,655.6,960.3
-181.0,638.1,917.5
 0.0,565.1,915.9
174.6,506.3,919.0
149.2,482.5,934.9
58.7,581.0,974.6
-76.2,636.5,1009.5
-101.6,666.7,1046.0
-47.6,642.9,1017.5
73.0,606.3,939.7
203.2,511.1,820.6
287.3,457.1,795.2
274.6,433.3,782.5
227.0,463.5,795.2
177.8,479.4,787.3
184.1,481.0,842.9
177.8,452.4,884.1
250.8,412.7,969.8
206.3,365.1,939.7
250.8,411.1,1022.2
252.4,333.3,947.6
282.5,261.9,846.0
281.0,201.6,742.9
279.4,161.9,766.7
252.4,155.6,844.4
238.1,152.4,785.7
255.6,106.3,963.5
285.7,31.7,1012.7
273.0,-30.2,1041.3
304.8,-81.0,1046.0
298.4,-42.9,1012.7
285.7,-201.6,941.3
234.9,-225.4,871.4
198.4,-207.9,892.1
130.2,-207.9,936.5
122.2,-225.4,969.8
-,-,-
96.8,428.6,942.9
73.0,461.9,920.6
31.7,554.0,946.0
22.2,557.1,892.1
133.3,527.0,863.5
236.5,490.5,839.7
349.2,431.7,817.5
360.3,409.5,811.1
365.1,430.2,817.5
384.1,411.1,834.9
434.9,387.3,869.8
504.8,314.3,869.8
582.5,249.2,839.7
611.1,158.7,793.7
660.3,79.4,792.1
714.3, 1.6,788.9
758.7,-77.8,812.7
831.7,-181.0,961.9
892.1,-247.6,1177.8
912.7,-355.6,1350.8
888.9,-474.6,1423.8
839.7,-627.0,1374.6
687.3,-734.9,1222.2
427.0,-790.5,1071.4
150.8,-811.1,990.5
-96.8,-857.1,987.3
-285.7,-884.1,1066.7
-322.2,-934.9,1127.0
-304.8,-966.7,1171.4
-349.2,-992.1,1163.5
-334.9,-969.8,1171.4
-434.9,-960.3,1177.8
-561.9,-893.7,1195.2
-728.6,-809.5,1177.8
-731.7,-739.7,1093.7
-734.9,-665.1,1011.1
-587.3,-634.9,936.5
-458.7,-560.3,858.7
-398.4,-504.8,795.2
-330.2,-374.6,846.0
-354.0,-198.4,914.3
-434.9,-27.0,961.9
-560.3,147.6,969.8
-584.1,179.4,961.9
-614.3,230.2,912.7
-509.5,263.5,784.1
-273.0,228.6,590.5
-54.0,187.3,531.7
-104.8,306.3,606.3
-328.6,511.1,769.8
-484.1,693.7,1019.0
-577.8,784.1,1142.9
-615.9,833.3,1203.2
-636.5,812.7,1147.6
-400.0,790.5,1012.7
-130.2,607.9,857.1
-1.6,606.3,788.9
-182.5,666.7,733.3
-274.6,793.7,809.5
-404.8,890.5,912.7
-457.1,938.1,1063.5
-349.2,866.7,1119.0
-122.2,761.9,969.8
77.8,661.9,911.1
273.0,533.3,887.3
328.6,433.3,909.5
277.8,438.1,831.7
173.0,463.5,761.9
28.6,581.0,784.1
-147.6,665.1,811.1
-146.0,661.9,788.9
-17.5,609.5,790.5
184.1,482.5,863.5
309.5,363.5,934.9
382.5,306.3,1014.3
385.7,236.5,1011.1
338.1,279.4,938.1
328.6,131.7,838.1
285.7,125.4,814.3
176.2,154.0,820.6
104.8,201.6,863.5
57.1,185.7,885.7
101.6,155.6,949.2
146.0,71.4,1011.1
207.9,-27.0,1012.7
377.8,-120.6,998.4
381.0,-206.3,985.7
384.1,-296.8,946.0
763.5,-309.5,922.2
250.8,-300.0,912.7
157.1,-249.2,944.4
100.0,-252.4,990.5
-,-,-
-27.0,427.0,898.4
-22.2,479.4,939.7
33.3,530.2,946.0
123.8,507.9,944.4
207.9,479.4,939.7
311.1,431.7,922.2
352.4,415.9,885.7
361.9,406.3,863.5
406.3,403.2,893.7
434.9,377.8,936.5
466.7,334.9,947.6
509.5,306.3,942.9
512.7,304.8,915.9
582.5,227.0,915.9
641.3,133.3,911.1
734.9,22.2,938.1
814.3,-100.0,1012.7
858.7,-198.4,1119.0
811.1,-257.1,1203.2
784.1,-354.0,1266.7
736.5,-449.2,1293.7
606.3,-558.7,1223.8
450.8,-633.3,1069.8
247.6,-712.7,890.5
104.8,-765.1,831.7
49.2,-811.1,869.8
55.6,-907.9,1036.5
73.0,-982.5,1200.0
77.8,-965.1,1330.2
-17.5,-961.9,1374.6
-119.0,-963.5,1269.8
-274.6,-917.5,1141.3
-460.3,-841.3,1000.0
-639.7,-714.3,888.9
-715.9,-628.6,822.2
-707.9,-614.3,863.5
-736.5,-654.0,942.9
-784.1,-612.7,1122.2
-581.0,-463.5,1276.2
-479.4,-274.6,1220.6
-352.4,-122.2,1090.5
-431.7,58.7,858.7
-561.9,206.3,636.5
-558.7,258.7,558.7
-454.0,311.1,582.5
-511.1,406.3,715.9
-511.1,463.5,860.3
-587.3,512.7,890.5
-630.2,585.7,920.6
-634.9,585.7,914.3
-677.8,555.6,866.7
-636.5,539.7,768.3
-585.7,565.1,692.1
-507.9,607.9,711.1
-477.8,612.7,757.1
-454.0,592.1,868.3
-385.7,563.5,993.7
-357.1,560.3,1065.1
-333.3,560.3,1066.7
-304.8,557.1,1038.1
-281.0,555.6,966.7
-222.2,533.3,861.9
-98.4,528.6,765.1
 6.3,458.7,769.8
355.6,439.7,815.9
328.6,401.6,893.7
250.8,363.5,968.3
307.9,314.3,1063.5
387.3,274.6,1095.2
355.6,261.9,968.3
209.5,336.5,936.5
157.1,381.0,873.0
184.1,333.3,784.1
128.6,258.7,693.7
250.8,281.0,717.5
230.2,255.6,822.2
307.9,252.4,1038.1
385.7,174.6,1190.5
465.1,98.4,1169.8
504.8, 0.0,1036.5
452.4,-25.4,938.1
406.3,-76.2,834.9
307.9,-50.8,836.5
179.4,-28.6,890.5
182.5,-96.8,922.2
260.3,-155.6,938.1
327.0,-257.1,993.7
365.1,-350.8,1071.4
403.2,-398.4,1092.1
384.1,-423.8,1046.0
-,-,-
55.6,301.6,996.8
30.2,311.1,998.4
77.8,431.7,1041.3
23.8,460.3,990.5
50.8,504.8,985.7
96.8,506.3,938.1
182.5,507.9,923.8
234.9,452.4,898.4
287.3,454.0,895.2
333.3,403.2,892.1
403.2,363.5,844.4
387.3,336.5,842.9
477.8,303.2,839.7
533.3,203.2,819.0
565.1,123.8,795.2
609.5, 0.0,795.2
666.7,-73.0,812.7
668.3,-155.6,833.3
717.5,-200.0,912.7
714.3,-281.0,1063.5
706.3,-334.9,1125.4
617.5,-400.0,1139.7
585.7,-458.7,1146.0
558.7,-584.1,1098.4
533.3,-682.5,1071.4
460.3,-765.1,1022.2
403.2,-781.0,1112.7
301.6,-785.7,1165.1
182.5,-788.9,1173.0
74.6,-806.3,1203.2
50.8,-814.3,1247.6
-77.8,-830.2,1173.0
-95.2,-792.1,1246.0
-122.2,-855.6,1144.4
-127.0,-806.3,1165.1
-222.2,-806.3,1123.8
-274.6,-655.6,1144.4
-346.0,-609.5,1096.8
-350.8,-528.6,1041.3
-361.9,-460.3,938.1
-358.7,-384.1,838.1
-325.4,-330.2,790.5
-284.1,-231.7,817.5
-400.0,-101.6,890.5
-509.5,81.0,938.1
-582.5,160.3,919.0
-560.3,274.6,865.1
-628.6,311.1,793.7
-563.5,334.9,809.5
-836.5,427.0,841.3
-525.4,485.7,939.7
-587.3,531.7,987.3
-584.1,587.3,985.7
-655.6,579.4,969.8
-604.8,606.3,914.3
-790.5,565.1,834.9
-581.0,557.1,709.5
-423.8,536.5,687.3
-507.9,631.7,744.4
-536.5,711.1,811.1
-738.1,738.1,919.0
-274.6,636.5,995.2
-125.4,588.9,1038.1
 0.0,536.5,1019.0
81.0,557.1,1039.7
100.0,541.3,1011.1
55.6,641.3,1012.7
-68.3,707.9,934.9
-68.3,746.0,890.5
-42.9,720.6,834.9
31.7,663.5,893.7
181.0,606.3,965.1
287.3,541.3,939.7
360.3,460.3,911.1
404.8,411.1,968.3
388.9,358.7,965.1
404.8,312.7,944.4
312.7,306.3,836.5
227.0,327.0,760.3
131.7,327.0,763.5
233.3,273.0,873.0
349.2,174.6,971.4
481.0,52.4,998.4
560.3,-92.1,968.3
590.5,-182.5,988.9
530.2,-246.0,911.1
412.7,-257.1,833.3
327.0,-309.5,715.9
301.6,-328.6,741.3
258.7,-338.1,814.3
306.3,-347.6,988.9
328.6,-403.2,1095.2
385.7,-428.6,1092.1
381.0,-488.9,998.4
388.9,-538.1,939.7
-,-,-
436.5,284.1,939.7
427.0,257.1,893.7
412.7,231.7,887.3
452.4,174.6,887.3
534.9,174.6,885.7
530.2,106.3,768.3
539.7,106.3,885.7
579.4,54.0,993.7
628.6,-1.6,968.3
642.9,-125.4,966.7
681.0,-228.6,961.9
639.7,-306.3,914.3
661.9,-376.2,920.6
588.9,-450.8,941.3
541.3,-485.7,944.4
434.9,-533.3,973.0
352.4,-690.5,987.3
276.2,-655.6,971.4
260.3,-733.3,969.8
211.1,-792.1,961.9
201.6,-836.5,995.2
96.8,-460.3,1044.4
-22.2,-912.7,1101.6
-119.0,-1069.8,1074.6
-200.0,-942.9,1061.9
-252.4,-938.1,969.8
-250.8,-912.7,936.5
-300.0,-868.3,896.8
-307.9,-733.3,987.3
-407.9,-657.1,1087.3
-422.2,-555.6,1165.1
-431.7,-500.0,1117.5
-334.9,-434.9,1073.0
-307.9,-398.4,968.3
-347.6,-307.9,865.1
-427.0,-198.4,765.1
-461.9,-100.0,666.7
-461.9,-19.0,666.7
-431.7,79.4,812.7
-447.6,225.4,944.4
-531.7,350.8,1038.1
-579.4,384.1,987.3
-609.5,401.6,896.8
-690.5,365.1,787.3
-706.3,403.2,682.5
-663.5,434.9,606.3
-557.1,481.0,682.5
-485.7,507.9,809.5
-487.3,566.7,947.6
-558.7,660.3,1020.6
-525.4,711.1,1119.0
-534.9,739.7,1092.1
-479.4,734.9,995.2
-382.5,666.7,888.9
-255.6,641.3,841.3
-144.4,588.9,811.1
 4.8,517.5,838.1
31.7,511.1,888.9
 3.2,538.1,987.3
-55.6,585.7,1063.5
-44.4,612.7,1085.7
46.0,582.5,1019.0
131.7,509.5,946.0
207.9,431.7,888.9
250.8,377.8,885.7
254.0,355.6,839.7
200.0,406.3,795.2
149.2,439.7,741.3
128.6,463.5,746.0
82.5,455.6,895.2
147.6,407.9,1115.9
277.8,301.6,1190.5
409.5,176.2,1171.4
466.7,46.0,1042.9
487.3,-46.0,893.7
454.0,-69.8,765.1
355.6,-71.4,690.5
249.2,-20.6,714.3
157.1,31.7,839.7
107.9,52.4,1047.6
128.6, 9.5,1138.1
200.0,-77.8,1098.4
284.1,-181.0,1038.1
377.8,-296.8,973.0
360.3,-352.4,895.2
284.1,-382.5,768.3
227.0,-396.8,763.5
182.5,-398.4,807.9
134.9,-382.5,890.5
-,-,-
 0.0,307.9,911.1
50.8,333.3,995.2
127.0,336.5,942.9
152.4,377.8,961.9
149.2,387.3,942.9
187.3,414.3,941.3
150.8,438.1,911.1
134.9,585.7,917.5
181.0,458.7,888.9
230.2,403.2,847.6
287.3,360.3,793.7
334.9,184.1,765.1
339.7,252.4,788.9
434.9,196.8,834.9
530.2,74.6,863.5
609.5,-49.2,887.3
685.7,-176.2,884.1
715.9,-247.6,922.2
714.3,-328.6,958.7
1014.3,-333.3,1046.0
565.1,-377.8,1096.8
561.9,-403.2,1203.2
509.5,-523.8,1268.3
538.1,-576.2,1295.2
479.4,-634.9,1249.2
428.6,-682.5,1266.7
331.7,-761.9,1249.2
276.2,-782.5,1247.6
179.4,-806.3,1203.2
157.1,-839.7,1201.6
76.2,-839.7,1228.6
 3.2,-779.4,1277.8
-147.6,-715.9,1295.2
-200.0,-663.5,1247.6
-303.2,-639.7,1149.2
-358.7,-611.1,1141.3
-427.0,-612.7,1112.7
-460.3,-552.4,1073.0
-454.0,-534.9,1022.2
-358.7,-474.6,987.3
-306.3,-447.6,909.5
-296.8,-328.6,893.7
-352.4,-206.3,890.5
-374.6,-98.4,873.0
-460.3, 6.3,819.0
-561.9,150.8,785.7
-652.4,207.9,782.5
-606.3,260.3,812.7
-555.6,233.3,771.4
-509.5,227.0,758.7
-536.5,225.4,688.9
-527.0,287.3,681.0
-557.1,357.1,719.0
-587.3,455.6,863.5
-655.6,554.0,863.5
-684.1,661.9,769.8
-658.7,684.1,693.7
-509.5,609.5,736.5
-396.8,563.5,787.3
-352.4,615.9,836.5
-328.6,633.3,912.7
-204.8,634.9,1011.1
-120.6,615.9,1038.1
-152.4,684.1,1068.3
-222.2,715.9,939.7
-95.2,687.3,865.1
 0.0,592.1,814.3
76.2,552.4,812.7
125.4,530.2,838.1
133.3,512.7,869.8
177.8,485.7,922.2
277.8,431.7,990.5
311.1,354.0,998.4
331.7,357.1,988.9
133.3,431.7,988.9
100.0,460.3,942.9
76.2,463.5,842.9
131.7,390.5,761.9
157.1,331.7,768.3
187.3,304.8,863.5
260.3,255.6,1039.7
412.7,155.6,1087.3
461.9,22.2,1023.8
490.5,-31.7,960.3
377.8,-46.0,888.9
230.2,25.4,911.1
82.5,47.6,890.5
46.0,46.0,820.6
77.8,-123.8,787.3
177.8,-274.6,814.3
-,-,-
-3.2,279.4,966.7
76.2,330.2,1015.9
98.4,357.1,987.3
100.0,561.9,920.6
130.2,430.2,936.5
258.7,488.9,985.7
123.8,514.3,963.5
181.0,504.8,942.9
225.4,406.3,914.3
338.1,357.1,863.5
303.2,307.9,814.3
430.2,258.7,817.5
465.1,204.8,858.7
506.3,182.5,865.1
514.3,150.8,887.3
555.6,123.8,915.9
587.3,52.4,888.9
606.3,25.4,869.8
563.5,-74.6,865.1
560.3,-155.6,834.9
554.0,-250.8,869.8
588.9,-327.0,995.2
607.9,-447.6,1090.5
614.3,-498.4,1165.1
561.9,-558.7,1166.7
514.3,-630.2,1114.3
377.8,-728.6,1019.0
258.7,-817.5,992.1
155.6,-866.7,1012.7
82.5,-911.1,1042.9
50.8,-958.7,1112.7
77.8,-939.7,1225.4
57.1,-892.1,1298.4
31.7,-863.5,1344.4
-22.2,-857.1,1274.6
-125.4,-814.3,1146.0
-282.5,-779.4,998.4
-371.4,-711.1,917.5
-433.3,-684.1,812.7
-403.2,-603.2,812.7
-398.4,-530.2,846.0
-330.2,-422.2,887.3
-281.0,-284.1,919.0
-281.0,-130.2,969.8
-379.4, 7.9,987.3
-477.8,157.1,941.3
-634.9,238.1,936.5
-677.8,301.6,890.5
-638.1,277.8,793.7
-533.3,281.0,738.1
-434.9,303.2,760.3
-373.0,365.1,887.3
-479.4,463.5,966.7
-560.3,552.4,946.0
-552.4,581.0,969.8
-611.1,630.2,920.6
-704.8,661.9,839.7
-652.4,684.1,814.3
-552.4,615.9,785.7
-404.8,585.7,819.0
-281.0,561.9,885.7
-198.4,558.7,969.8
-128.6,517.5,990.5
-27.0,506.3,961.9
-4.8,479.4,934.9
-69.8,558.7,914.3
-177.8,633.3,869.8
-150.8,639.7,846.0
-28.6,582.5,873.0
109.5,533.3,1012.7
233.3,439.7,1112.7
354.0,363.5,1114.3
406.3,285.7,1046.0
433.3,233.3,895.2
414.3,173.0,811.1
328.6,230.2,792.1
73.0,365.1,820.6
-42.9,481.0,865.1
 6.3,455.6,919.0
177.8,333.3,1015.9
361.9,200.0,1115.9
534.9,73.0,1088.9
561.9,-3.2,1022.2
511.1, 1.6,985.7
428.6,-3.2,814.3
327.0,47.6,814.3
200.0,22.2,888.9
160.3,20.6,873.0
134.9,-46.0,941.3
231.7,-106.3,1050.8
327.0,-227.0,1014.3
390.5,-303.2,1038.1
387.3,-325.4,992.1
377.8,-322.2,944.4
-,-,-
47.6,411.1,941.3
76.2,407.9,936.5
134.9,409.5,939.7
176.2,363.5,911.1
198.4,381.0,896.8
174.6,360.3,860.3
177.8,384.1,836.5
173.0,401.6,836.5
203.2,358.7,841.3
279.4,288.9,865.1
385.7,206.3,861.9
485.7,85.7,868.3
539.7, 1.6,857.1
558.7,-95.2,834.9
592.1,-152.4,831.7
612.7,-227.0,871.4
612.7,-274.6,944.4
630.2,-347.6,1038.1
660.3,-376.2,1168.3
663.5,-452.4,1173.0
711.1,-504.8,1201.6
615.9,-538.1,1223.8
587.3,-584.1,1222.2
531.7,-636.5,1198.4
484.1,-660.3,1195.2
355.6,-677.8,1174.6
258.7,-690.5,1241.3
101.6,-755.6,1274.6
57.1,-817.5,1265.1
30.2,-879.4,1242.9
 3.2,-858.7,1223.8
-71.4,-809.5,1200.0
-169.8,-684.1,1265.1
-231.7,-633.3,1225.4
-257.1,-628.6,1201.6
-277.8,-661.9,1173.0
-255.6,-609.5,1120.6
-347.6,-536.5,968.3
-306.3,-474.6,860.3
-322.2,-427.0,744.4
-354.0,-282.5,707.9
-382.5,-181.0,685.7
-379.4,-71.4,790.5
-406.3,28.6,842.9
-455.6,152.4,866.7
-555.6,257.1,807.9
-611.1,311.1,731.7
-688.9,336.5,634.9
-703.2,360.3,565.1
-663.5,355.6,530.2
-536.5,360.3,565.1
-479.4,360.3,631.7
-455.6,411.1,742.9
-530.2,503.2,812.7
-554.0,585.7,866.7
-579.4,584.1,820.6
-528.6,612.7,744.4
-460.3,582.5,712.7
-398.4,565.1,738.1
-373.0,588.9,758.7
-328.6,634.9,836.5
-220.6,612.7,947.6
-52.4,584.1,1090.5
-28.6,592.1,1166.7
27.0,579.4,1169.8
27.0,557.1,1068.3
73.0,531.7,912.7
127.0,465.1,815.9
103.2,434.9,466.7
50.8,431.7,784.1
55.6,487.3,815.9
82.5,482.5,936.5
198.4,454.0,1022.2
257.1,355.6,1065.1
350.8,301.6,1076.2
407.9,249.2,1017.5
338.1,182.5,920.6
301.6,184.1,834.9
223.8,238.1,811.1
106.3,258.7,761.9
79.4,277.8,809.5
96.8,255.6,836.5
179.4,181.0,1092.1
279.4,81.0,1049.2
427.0,-25.4,1019.0
484.1,-133.3,974.6
504.8,-69.8,939.7
461.9,-225.4,887.3
385.7,-196.8,888.9
277.8,-169.8,936.5
-,-,-
111.1,312.7,1014.3
103.2,312.7,973.0
130.2,361.9,938.1
100.0,385.7,882.5
101.6,457.1,922.2
98.4,487.3,944.4
74.6,557.1,944.4
101.6,541.3,911.1
203.2,481.0,861.9
260.3,409.5,793.7
354.0,352.4,787.3
382.5,285.7,736.5
441.3,250.8,742.9
481.0,155.6,733.3
579.4,76.2,792.1
638.1, 1.6,860.3
665.1,-42.9,961.9
684.1,-120.6,1012.7
692.1,-171.4,992.1
717.5,-257.1,965.1
668.3,-296.8,988.9
534.9,-273.0,1065.1
514.3,-328.6,1123.8
538.1,-409.5,1098.4
565.1,-474.6,1141.3
507.9,-479.4,1223.8
430.2,-455.6,1292.1
328.6,-511.1,1265.1
260.3,-576.2,1201.6
109.5,-627.0,1117.5
-19.0,-663.5,1041.3
-69.8,-761.9,966.7
-69.8,-809.5,966.7
-195.2,-815.9,1063.5
-171.4,-836.5,1147.6
-100.0,-841.3,1201.6
-100.0,-787.3,1269.8
-198.4,-655.6,1352.4
-330.2,-509.5,1371.4
-349.2,-425.4,1265.1
-403.2,-331.7,1165.1
-474.6,-282.5,1098.4
-479.4,-203.2,1088.9
-504.8,-168.3,946.0
-403.2,-130.2,846.0
-423.8,-95.2,763.5
-477.8, 4.8,679.4
-533.3,82.5,660.3
-557.1,174.6,660.3
-604.8,250.8,738.1
-627.0,281.0,760.3
-630.2,281.0,711.1
-609.5,285.7,658.7
-631.7,276.2,584.1
-484.1,287.3,611.1
-404.8,285.7,642.9
-360.3,303.2,790.5
-452.4,363.5,871.4
-455.6,487.3,947.6
-581.0,590.5,936.5
-563.5,682.5,938.1
-484.1,612.7,866.7
-301.6,536.5,766.7
-150.8,455.6,985.7
-20.6,433.3,888.9
 3.2,466.7,920.6
-46.0,609.5,1066.7
-181.0,663.5,1039.7
-171.4,709.5,1100.0
-168.3,693.7,993.7
-55.6,663.5,942.9
47.6,612.7,841.3
134.9,531.7,833.3
133.3,503.2,806.3
128.6,539.7,863.5
130.2,427.0,890.5
201.6,463.5,987.3
196.8,412.7,1044.4
30.2,528.6,1095.2
46.0,487.3,992.1
155.6,458.7,909.5
207.9,331.7,838.1
250.8,282.5,814.3
209.5,255.6,841.3
200.0,223.8,871.4
263.5,149.2,890.5
304.8,81.0,936.5
106.3,22.2,984.1
336.5,-30.2,1019.0
331.7,-117.5,988.9
325.4,-144.4,941.3
-,-,-
-1.6,361.9,968.3
73.0,403.2,958.7
109.5,400.0,947.6
152.4,388.9,960.3
196.8,388.9,944.4
230.2,430.2,922.2
276.2,428.6,915.9
282.5,457.1,941.3
325.4,438.1,936.5
406.3,388.9,919.0
484.1,287.3,865.1
536.5,231.7,839.7
533.3,181.0,812.7
560.3,147.6,807.9
611.1,55.6,809.5
687.3,-17.5,857.1
733.3,-96.8,892.1
738.1,-154.0,947.6
707.9,-220.6,1065.1
684.1,-282.5,1090.5
641.3,-373.0,1023.8
590.5,-452.4,1022.2
485.7,-512.7,987.3
414.3,-539.7,923.8
334.9,-557.1,885.7
257.1,-584.1,917.5
225.4,-611.1,960.3
201.6,-655.6,1041.3
154.0,-715.9,1074.6
23.8,-707.9,1120.6
-100.0,-733.3,1087.3
-222.2,-701.6,1063.5
-258.7,-712.7,1036.5
-228.6,-727.0,1165.1
-277.8,-684.1,1100.0
-354.0,-576.2,1242.9
-460.3,-482.5,1352.4
-500.0,-406.3,1277.8
-487.3,-360.3,1323.8
-482.5,-325.4,1292.1
-533.3,-284.1,1177.8
-485.7,-254.0,1114.3
-461.9,-247.6,1014.3
-427.0,-201.6,885.7
-401.6,-196.8,961.9
-358.7,-123.8,819.0
-398.4,-49.2,787.3
-457.1,96.8,865.1
-501.6,128.6,817.5
-552.4,211.1,817.5
-628.6,225.4,765.1
-604.8,252.4,769.8
-587.3,252.4,742.9
-504.8,233.3,712.7
-409.5,200.0,679.4
-298.4,-50.8,693.7
-357.1,223.8,744.4
-482.5,358.7,757.1
-549.2,458.7,768.3
-511.1,490.5,807.9
-401.6,458.7,865.1
-255.6,436.5,920.6
-128.6,431.7,946.0
-76.2,460.3,946.0
-127.0,534.9,936.5
-222.2,666.7,907.9
-206.3,668.3,866.7
-100.0,666.7,887.3
-128.6,641.3,858.7
-101.6,639.7,861.9
-3.2,641.3,895.2
30.2,639.7,884.1
127.0,606.3,946.0
174.6,588.9,1023.8
179.4,565.1,1015.9
128.6,563.5,1012.7
125.4,506.3,942.9
149.2,452.4,863.5
130.2,406.3,822.2
101.6,415.9,836.5
54.0,387.3,847.6
49.2,411.1,958.7
23.8,363.5,1011.1
23.8,358.7,1012.7
23.8,314.3,938.1
82.5,260.3,885.7
133.3,160.3,863.5
185.7,79.4,869.8
176.2,71.4,893.7
84.1,101.6,966.7
74.6,103.2,1073.0
125.4,58.7,1139.7
185.7,-17.5,1122.2
273.0,-120.6,1066.7
285.7,-204.8,968.3
307.9,-255.6,892.1
274.6,-301.6,785.7
204.8,-298.4,719.0
150.8,-298.4,742.9
174.6,-298.4,844.4
185.7,-331.7,974.6
258.7,-358.7,1114.3
314.3,-434.9,1090.5
357.1,-457.1,1012.7
-,-,-
23.8,281.0,936.5
22.2,358.7,965.1
84.1,385.7,987.3
127.0,384.1,961.9
128.6,407.9,912.7
155.6,457.1,917.5
158.7,461.9,915.9
263.5,414.3,914.3
336.5,352.4,885.7
454.0,287.3,887.3
506.3,225.4,911.1
542.9,160.3,942.9
509.5,127.0,914.3
555.6,103.2,933.3
534.9,47.6,915.9
536.5,50.8,944.4
539.7, 3.2,963.5
588.9,-28.6,961.9
565.1,-101.6,1019.0
587.3,-123.8,1120.6
585.7,-269.8,1203.2
592.1,-407.9,1249.2
539.7,-549.2,1242.9
457.1,-587.3,1203.2
301.6,-681.0,1122.2
231.7,-709.5,1050.8
101.6,-652.4,966.7
54.0,-688.9,968.3
-22.2,-804.8,993.7
-25.4,-739.7,1039.7
-119.0,-784.1,1061.9
-174.6,-761.9,1101.6
-252.4,-354.0,1069.8
-303.2,-731.7,1020.6
-422.2,-682.5,960.3
-407.9,-684.1,911.1
-500.0,-536.5,869.8
-560.3,-325.4,917.5
-588.9,-355.6,938.1
-612.7,-301.6,985.7
-561.9,-207.9,971.4
-373.0,-146.0,992.1
-403.2,-100.0,947.6
-404.8,-17.5,917.5
-481.0,106.3,842.9
-557.1,252.4,793.7
-679.4,350.8,812.7
-730.2,433.3,834.9
-712.7,433.3,819.0
-590.5,438.1,884.1
-582.5,409.5,912.7
-530.2,428.6,909.5
-454.0,365.1,866.7
-376.2,407.9,892.1
-407.9,457.1,866.7
-449.2,528.6,817.5
-507.9,566.7,784.1
-557.1,687.3,844.4
-525.4,707.9,938.1
-381.0,693.7,1019.0
-296.8,655.6,966.7
-152.4,606.3,936.5
-69.8,560.3,869.8
-69.8,584.1,819.0
-128.6,636.5,834.9
-144.4,692.1,887.3
-98.4,661.9,884.1
-19.0,642.9,893.7
58.7,584.1,868.3
176.2,534.9,911.1
257.1,465.1,888.9
263.5,434.9,919.0
203.2,458.7,987.3
122.2,504.8,987.3
60.3,484.1,963.5
120.6,438.1,920.6
146.0,365.1,866.7
160.3,327.0,836.5
211.1,276.2,844.4
258.7,228.6,884.1
261.9,171.4,869.8
285.7,134.9,890.5
179.4,149.2,946.0
128.6,173.0,998.4
73.0,152.4,1014.3
74.6,100.0,947.6
98.4,20.6,873.0
160.3,-50.8,858.7
200.0,-123.8,857.1
228.6,-149.2,938.1
207.9,-179.4,971.4
230.2,-195.2,1041.3
203.2,-231.7,1039.7
201.6,-260.3,1047.6
-,-,-
-77.8,300.0,971.4
-120.6,331.7,963.5
-47.6,365.1,965.1
-27.0,355.6,915.9
52.4,365.1,915.9
73.0,403.2,896.8
103.2,414.3,895.2
125.4,457.1,871.4
152.4,484.1,860.3
158.7,458.7,846.0
260.3,457.1,839.7
279.4,404.8,811.1
352.4,385.7,811.1
379.4,328.6,760.3
406.3,300.0,765.1
430.2,255.6,715.9
461.9,184.1,739.7
530.2,177.8,784.1
642.9,81.0,917.5
706.3,-95.2,993.7
758.7,-28.6,1069.8
758.7,-122.2,1095.2
809.5,-173.0,1193.7
787.3,-257.1,1269.8
792.1,-334.9,1320.6
766.7,-431.7,1290.5
655.6,-452.4,1268.3
479.4,-504.8,1266.7
352.4,-555.6,1219.0
284.1,-639.7,1120.6
307.9,-731.7,1068.3
154.0,-809.5,1063.5
176.2,-804.8,1122.2
46.0,-814.3,1195.2
27.0,-830.2,1217.5
-55.6,-830.2,1220.6
123.8,-834.9,1177.8
-195.2,-830.2,1146.0
-246.0,-763.5,1087.3
-282.5,-709.5,1039.7
-406.3,-587.3,1038.1
-509.5,-552.4,995.2
-585.7,-454.0,1038.1
-688.9,-334.9,1090.5
-652.4,-181.0,1114.3
-585.7,-93.7,1038.1
-501.6,-23.8,963.5
-476.2,27.0,863.5
-474.6,50.8,839.7
-482.5,30.2,788.9
-452.4,84.1,712.7
-504.8,128.6,614.3
-584.1,230.2,614.3
-631.7,301.6,631.7
-600.0,338.1,681.0
-558.7,355.6,734.9
-525.4,387.3,766.7
-454.0,365.1,719.0
-404.8,363.5,639.7
-428.6,433.3,612.7
-500.0,582.5,682.5
-628.6,707.9,785.7
-584.1,739.7,896.8
-401.6,666.7,995.2
-177.8,587.3,1022.2
-27.0,481.0,1061.9
103.2,427.0,1061.9
109.5,439.7,990.5
-44.4,585.7,996.8
-125.4,636.5,965.1
 3.2,619.0,1015.9
58.7,566.7,993.7
157.1,515.9,1019.0
207.9,454.0,987.3
276.2,430.2,988.9
211.1,407.9,939.7
155.6,434.9,914.3
203.2,434.9,915.9
122.2,477.8,966.7
57.1,484.1,922.2
134.9,407.9,861.9
223.8,307.9,809.5
277.8,282.5,844.4
249.2,260.3,915.9
263.5,255.6,971.4
325.4,201.6,1014.3
309.5,157.1,1046.0
304.8,125.4,990.5
312.7,104.8,919.0
184.1,57.1,858.7
130.2,109.5,819.0
30.2,127.0,769.8
81.0,98.4,820.6
176.2, 1.6,885.7
284.1,-30.2,996.8
309.5,-123.8,1092.1
381.0,-171.4,1092.1
388.9,-247.6,1044.4
361.9,-246.0,998.4
301.6,-273.0,944.4
285.7,-303.2,920.6
209.5,-322.2,893.7
-,-,-
-25.4,284.1,934.9
-46.0,361.9,965.1
-28.6,404.8,946.0
25.4,384.1,914.3
31.7,403.2,895.2
103.2,457.1,919.0
82.5,481.0,944.4
158.7,492.1,985.7
228.6,463.5,946.0
281.0,436.5,911.1
287.3,460.3,966.7
328.6,436.5,865.1
382.5,361.9,795.2
454.0,307.9,819.0
482.5,230.2,795.2
539.7,157.1,412.7
590.5,76.2,815.9
612.7, 1.6,1400.0
631.7,-55.6,974.6
633.3,-96.8,942.9
612.7,-125.4,942.9
584.1,-130.2,966.7
512.7,-181.0,942.9
452.4,-231.7,1198.4
414.3,-281.0,992.1
401.6,-357.1,1073.0
311.1,-428.6,1065.1
309.5,-458.7,1066.7
307.9,-534.9,1071.4
352.4,-628.6,1146.0
333.3,-706.3,1166.7
330.2,-804.8,1063.5
281.0,-839.7,971.4
182.5,-865.1,941.3
82.5,-834.9,987.3
-19.0,-815.9,1066.7
-71.4,-784.1,1119.0
-155.6,-738.1,1123.8
-152.4,-757.1,1096.8
-154.0,-733.3,1100.0
-206.3,-681.0,1149.2
-227.0,-636.5,1173.0
-207.9,-606.3,1195.2
-277.8,-527.0,1193.7
-307.9,-455.6,1195.2
-330.2,-379.4,1168.3
-346.0,-330.2,1042.9
-371.4,-254.0,920.6
-355.6,-206.3,819.0
-357.1,-130.2,790.5
-373.0,-69.8,769.8
-401.6,49.2,834.9
-400.0,174.6,842.9
-330.2,207.9,866.7
-307.9,250.8,895.2
-323.8,306.3,920.6
-400.0,363.5,896.8
-457.1,431.7,865.1
-500.0,457.1,787.3
-484.1,490.5,742.9
-527.0,552.4,741.3
-539.7,663.5,757.1
-509.5,690.5,760.3
-477.8,742.9,838.1
-509.5,760.3,892.1
-463.5,782.5,961.9
-379.4,746.0,963.5
-298.4,715.9,888.9
-204.8,639.7,820.6
-122.2,631.7,809.5
-98.4,639.7,788.9
-101.6,663.5,765.1
-69.8,684.1,761.9
-46.0,669.8,784.1
31.7,634.9,841.3
179.4,542.9,936.5
257.1,465.1,947.6
260.3,436.5,923.8
211.1,412.7,871.4
176.2,454.0,784.1
58.7,485.7,742.9
25.4,514.3,719.0
122.2,457.1,757.1
227.0,404.8,911.1
331.7,281.0,998.4
482.5,177.8,1065.1
509.5,74.6,1044.4
479.4,23.8,1042.9
482.5,-20.6,941.3
277.8,30.2,869.8
-25.4,158.7,887.3
-149.2,201.6,888.9
-73.0,134.9,895.2
58.7,50.8,958.7
204.8,-79.4,1023.8
331.7,-181.0,1063.5
355.6,-260.3,1068.3
331.7,-325.4,1011.1
309.5,-377.8,961.9
281.0,-398.4,920.6
223.8,-404.8,893.7
184.1,-387.3,966.7
136.5,-376.2,1014.3
157.1,-376.2,992.1
176.2,-401.6,987.3
-,-,-
 3.2,428.6,836.5
47.6,484.1,884.1
82.5,512.7,946.0
131.7,504.8,919.0
225.4,504.8,892.1
281.0,454.0,841.3
328.6,433.3,817.5
403.2,387.3,820.6
457.1,355.6,841.3
528.6,260.3,795.2
585.7,184.1,814.3
606.3,106.3,846.0
615.9,30.2,890.5
666.7,-46.0,942.9
709.5,-120.6,1017.5
711.1,-142.9,1090.5
715.9,-176.2,1242.9
681.0,-223.8,1317.5
609.5,-277.8,1346.0
465.1,-354.0,1227.0
307.9,-403.2,1123.8
176.2,-457.1,1114.3
128.6,-527.0,1096.8
131.7,-604.8,1122.2
154.0,-688.9,1176.2
171.4,-765.1,1192.1
185.7,-779.4,1241.3
81.0,-781.0,1252.4
-79.4,-688.9,1277.8
-277.8,-638.1,1196.8
-401.6,-604.8,1149.2
-474.6,-607.9,1119.0
-449.2,-612.7,1093.7
-431.7,-612.7,1038.1
-355.6,-627.0,1012.7
-322.2,-612.7,987.3
-384.1,-552.4,919.0
-430.2,-500.0,884.1
-401.6,-430.2,815.9
-400.0,-358.7,688.9
-425.4,-249.2,614.3
-474.6,-150.8,587.3
-530.2,-25.4,604.8
-584.1,55.6,661.9
-581.0,109.5,731.7
-582.5,177.8,807.9
-601.6,276.2,842.9
-531.7,306.3,812.7
-427.0,334.9,790.5
-479.4,327.0,715.9
-557.1,407.9,704.8
-588.9,504.8,709.5
-609.5,585.7,817.5
-633.3,681.0,949.2
-658.7,760.3,1088.9
-614.3,765.1,1146.0
-528.6,758.7,1073.0
-450.8,715.9,966.7
-379.4,692.1,820.6
-374.6,681.0,758.7
-328.6,734.9,785.7
-304.8,758.7,895.2
-220.6,765.1,1044.4
-92.1,681.0,1068.3
52.4,592.1,1012.7
155.6,465.1,869.8
258.7,403.2,817.5
234.9,360.3,760.3
203.2,409.5,763.5
174.6,430.2,742.9
-50.8,560.3,842.9
-119.0,638.1,922.2
25.4,579.4,963.5
227.0,403.2,885.7
407.9,234.9,795.2
512.7,149.2,768.3
455.6,161.9,834.9
381.0,179.4,787.3
311.1,185.7,839.7
152.4,312.7,934.9
-19.0,415.9,1047.6
-1.6,354.0,1044.4
274.6,184.1,944.4
479.4,-1.6,865.1
531.7,-98.4,860.3
455.6,-120.6,938.1
339.7,-74.6,946.0
274.6,-68.3,887.3
250.8,-69.8,890.5
228.6,-120.6,895.2
277.8,-154.0,995.2
350.8,-201.6,1047.6
411.1,-295.2,1061.9
438.1,-323.8,1012.7
401.6,-449.2,1063.5
-,-,-
-27.0,279.4,996.8
 3.2,301.6,993.7
 0.0,312.7,909.5
44.4,339.7,885.7
30.2,355.6,866.7
74.6,414.3,863.5
74.6,461.9,858.7
69.8,536.5,861.9
34.9,582.5,838.1
157.1,566.7,866.7
276.2,504.8,838.1
404.8,438.1,834.9
482.5,379.4,814.3
555.6,327.0,860.3
581.0,281.0,863.5
606.3,258.7,860.3
581.0,233.3,842.9
554.0,225.4,834.9
509.5,182.5,814.3
563.5,147.6,865.1
628.6,25.4,915.9
738.1,-77.8,992.1
834.9,-225.4,1042.9
861.9,-296.8,1166.7
733.3,-304.8,1171.4
607.9,-274.6,1176.2
484.1,-303.2,1146.0
482.5,-352.4,1152.4
407.9,-401.6,1223.8
309.5,-430.2,1342.9
254.0,-507.9,1366.7
207.9,-588.9,1392.1
107.9,-688.9,1350.8
-3.2,-730.2,1319.0
-125.4,-781.0,1249.2
-198.4,-760.3,1246.0
-303.2,-757.1,1222.2
-385.7,-731.7,1276.2
-434.9,-730.2,1319.0
-384.1,-779.4,1298.4
-304.8,-838.1,1242.9
-273.0,-811.1,1087.3
-298.4,-781.0,896.8
-347.6,-660.3,781.0
-403.2,-552.4,731.7
-382.5,-401.6,717.5
-458.7,-247.6,739.7
-450.8,-55.6,719.0
-477.8,73.0,692.1
-534.9,227.0,663.5
-554.0,279.4,611.1
-531.7,311.1,631.7
-607.9,330.2,638.1
-615.9,379.4,717.5
-655.6,427.0,730.2
-652.4,461.9,844.4
-660.3,534.9,946.0
-639.7,584.1,939.7
-625.4,604.8,860.3
-576.2,560.3,809.5
-531.7,558.7,782.5
-504.8,592.1,769.8
-460.3,590.5,782.5
-323.8,541.3,888.9
-225.4,533.3,971.4
-233.3,628.6,1044.4
-304.8,688.9,1087.3
-207.9,715.9,1066.7
-79.4,609.5,944.4
47.6,515.9,887.3
55.6,457.1,807.9
76.2,481.0,658.7
54.0,482.5,841.3
52.4,536.5,947.6
-23.8,579.4,990.5
22.2,565.1,1020.6
98.4,511.1,1049.2
227.0,430.2,741.3
260.3,338.1,1241.3
225.4,325.4,811.1
128.6,327.0,866.7
149.2,306.3,836.5
206.3,233.3,939.7
255.6,257.1,1061.9
130.2,274.6,1060.3
150.8,258.7,987.3
158.7,181.0,846.0
150.8,160.3,760.3
81.0,123.8,687.3
52.4,128.6,688.9
50.8,128.6,760.3
107.9,84.1,911.1
200.0,-128.6,1063.5
257.1,-22.2,1147.6
377.8,-146.0,1142.9
412.7,-231.7,1041.3
376.2,-274.6,936.5
328.6,-257.1,896.8
273.0,-244.4,868.3
184.1,-169.8,893.7
60.3,-98.4,938.1
-,-,-
-49.2,431.7,942.9
-49.2,438.1,938.1
-1.6,465.1,919.0
22.2,455.6,861.9
57.1,454.0,868.3
122.2,428.6,819.0
198.4,431.7,812.7
234.9,431.7,790.5
276.2,452.4,793.7
279.4,458.7,788.9
282.5,455.6,809.5
330.2,409.5,811.1
411.1,377.8,833.3
477.8,284.1,833.3
579.4,206.3,841.3
681.0,98.4,888.9
769.8,-3.2,988.9
833.3,-101.6,1047.6
865.1,-125.4,1098.4
790.5,-147.6,1095.2
687.3,-104.8,1138.1
604.8,-122.2,1168.3
509.5,-130.2,1223.8
487.3,-277.8,1228.6
582.5,-407.9,1217.5
565.1,-507.9,1161.9
563.5,-552.4,1150.8
485.7,-558.7,1220.6
403.2,-606.3,1293.7
250.8,-639.7,1373.0
185.7,-690.5,1379.4
101.6,-788.9,1273.0
-49.2,-785.7,1144.4
-222.2,-741.3,1119.0
-274.6,-733.3,992.1
-352.4,-765.1,992.1
-355.6,-761.9,1096.8
-379.4,-757.1,1177.8
-360.3,-738.1,1250.8
-401.6,-731.7,1123.8
-447.6,-639.7,936.5
-458.7,-527.0,757.1
-406.3,-427.0,658.7
-460.3,-303.2,607.9
-500.0,-131.7,636.5
-484.1,-54.0,641.3
-476.2, 6.3,706.3
-528.6,76.2,738.1
-588.9,200.0,692.1
-614.3,252.4,658.7
-561.9,306.3,668.3
-660.3,382.5,711.1
-687.3,479.4,733.3
-714.3,517.5,731.7
-665.1,541.3,611.1
-607.9,558.7,707.9
-530.2,584.1,769.8
-257.1,566.7,817.5
-506.3,590.5,860.3
-485.7,607.9,888.9
-457.1,630.2,885.7
-457.1,655.6,812.7
-406.3,744.4,815.9
-301.6,603.2,842.9
-171.4,536.5,887.3
-71.4,485.7,961.9
-17.5,504.8,1011.1
 6.3,504.8,1014.3
-103.2,636.5,1042.9
-219.0,719.0,1096.8
-98.4,733.3,1042.9
33.3,642.9,922.2
101.6,563.5,911.1
209.5,488.9,911.1
312.7,452.4,946.0
301.6,384.1,944.4
406.3,336.5,974.6
306.3,430.2,1019.0
149.2,488.9,1020.6
209.5,409.5,1022.2
281.0,325.4,909.5
306.3,258.7,820.6
301.6,231.7,809.5
231.7,227.0,819.0
277.8,176.2,863.5
328.6,130.2,909.5
388.9,33.3,968.3
360.3,-27.0,988.9
314.3,-27.0,988.9
247.6,-55.6,915.9
198.4,-69.8,871.4
100.0,-71.4,834.9
82.5,-93.7,820.6
57.1,-125.4,868.3
130.2,-149.2,990.5
198.4,-207.9,1073.0
257.1,-282.5,1068.3
282.5,-371.4,987.3
281.0,-384.1,988.9
249.2,-384.1,917.5
-,-,-
-19.0,401.6,884.1
54.0,452.4,890.5
81.0,484.1,858.7
82.5,527.0,863.5
98.4,557.1,865.1
160.3,582.5,846.0
200.0,561.9,839.7
285.7,504.8,836.5
384.1,414.3,869.8
487.3,338.1,866.7
558.7,276.2,844.4
633.3,249.2,965.1
636.5,179.4,1065.1
660.3,123.8,1046.0
660.3,55.6,987.3
685.7,-50.8,944.4
660.3,-98.4,1022.2
617.5,-119.0,1173.0
644.4,-201.6,1300.0
711.1,-309.5,1317.5
685.7,-406.3,1246.0
604.8,-509.5,1165.1
490.5,-585.7,1198.4
287.3,-707.9,1117.5
49.2,-784.1,1063.5
-127.0,-790.5,1087.3
-230.2,-809.5,1146.0
-196.8,-842.9,1201.6
-130.2,-863.5,1268.3
-95.2,-815.9,1328.6
-147.6,-707.9,1346.0
-327.0,-711.1,1266.7
-473.0,-534.9,1174.6
-582.5,-484.1,1090.5
-690.5,-447.6,973.0
-679.4,-485.7,895.2
-609.5,-407.9,834.9
-579.4,-349.2,744.4
-536.5,-177.8,687.3
-560.3,-196.8,631.7
-655.6,-104.8,614.3
-714.3,-31.7,631.7
-661.9, 0.0,711.1
-563.5,-22.2,833.3
-450.8,-28.6,938.1
-401.6,-23.8,1038.1
-422.2,46.0,1063.5
-450.8,81.0,969.8
-461.9,131.7,839.7
-509.5,207.9,661.9
-533.3,230.2,579.4
-507.9,233.3,611.1
-503.2,307.9,684.1
-581.0,387.3,661.9
-612.7,439.7,707.9
-561.9,441.3,744.4
-555.6,452.4,790.5
-382.5,428.6,885.7
-273.0,404.8,863.5
-250.8,404.8,814.3
-250.8,430.2,792.1
-296.8,507.9,809.5
-422.2,615.9,814.3
-374.6,665.1,785.7
-379.4,685.7,785.7
-347.6,687.3,838.1
-250.8,644.4,841.3
-49.2,560.3,842.9
50.8,477.8,809.5
96.8,455.6,842.9
57.1,460.3,871.4
101.6,487.3,890.5
-4.8,582.5,969.8
-130.2,658.7,992.1
-79.4,612.7,941.3
22.2,538.1,871.4
103.2,463.5,861.9
198.4,382.5,846.0
250.8,338.1,887.3
284.1,327.0,893.7
284.1,282.5,873.0
284.1,260.3,893.7
225.4,279.4,942.9
250.8,281.0,992.1
279.4,252.4,995.2
352.4,198.4,990.5
412.7,100.0,942.9
484.1, 6.3,917.5
485.7,-71.4,868.3
509.5,-146.0,841.3
482.5,-200.0,836.5
438.1,-207.9,811.1
382.5,-150.8,863.5
258.7,-68.3,923.8
198.4,-4.8,973.0
-,-,-
-25.4,430.2,869.8
-1.6,484.1,895.2
84.1,487.3,909.5
130.2,477.8,868.3
184.1,807.9,844.4
250.8,481.0,844.4
261.9,515.9,833.3
306.3,479.4,834.9
350.8,458.7,814.3
360.3,257.1,814.3
385.7,433.3,788.9
428.6,385.7,758.7
487.3,434.9,807.9
584.1,252.4,844.4
669.8,131.7,865.1
833.3,31.7,917.5
885.7,-79.4,1020.6
814.3,-125.4,1074.6
511.1,-123.8,1117.5
638.1,-77.8,1114.3
514.3,-69.8,1123.8
882.5,-123.8,1165.1
458.7,-198.4,1168.3
479.4,-274.6,1165.1
438.1,-409.5,1069.8
452.4,-509.5,1068.3
457.1,-633.3,1139.7
350.8,-687.3,1268.3
225.4,-687.3,1342.9
225.4,-714.3,1322.2
182.5,-739.7,1303.2
49.2,-736.5,1393.7
-54.0,-715.9,1423.8
-254.0,-712.7,1344.4
-385.7,-760.3,1192.1
-374.6,-809.5,1088.9
-396.8,-817.5,1071.4
-407.9,-755.6,1095.2
-404.8,-684.1,1076.2
-409.5,-584.1,1022.2
-457.1,-482.5,944.4
-430.2,-403.2,860.3
-376.2,-327.0,790.5
-382.5,-271.4,784.1
-428.6,-177.8,768.3
-457.1,-101.6,758.7
-476.2, 3.2,733.3
-527.0,46.0,715.9
-577.8,152.4,682.5
-534.9,236.5,615.9
-425.4,227.0,663.5
-374.6,209.5,712.7
-382.5,279.4,765.1
-504.8,355.6,739.7
-600.0,406.3,711.1
-628.6,401.6,695.2
-606.3,454.0,793.7
-584.1,509.5,863.5
-458.7,528.6,839.7
-254.0,431.7,814.3
-93.7,430.2,814.3
-207.9,507.9,765.1
-307.9,655.6,812.7
-407.9,761.9,866.7
-430.2,838.1,917.5
-447.6,868.3,974.6
-350.8,890.5,1009.5
-181.0,819.0,990.5
134.9,665.1,1015.9
312.7,504.8,1088.9
358.7,430.2,1069.8
365.1,381.0,971.4
327.0,407.9,947.6
206.3,457.1,833.3
84.1,558.7,817.5
22.2,579.4,836.5
79.4,566.7,887.3
123.8,512.7,914.3
233.3,452.4,1011.1
388.9,331.7,1020.6
479.4,201.6,961.9
461.9,182.5,969.8
357.1,212.7,896.8
176.2,328.6,865.1
52.4,377.8,847.6
54.0,331.7,819.0
158.7,250.8,836.5
238.1,130.2,944.4
450.8,20.6,993.7
511.1,-104.8,974.6
512.7,-150.8,968.3
460.3,-155.6,912.7
414.3,-171.4,911.1
284.1,-152.4,866.7
127.0,-106.3,814.3
46.0,-142.9,784.1
96.8,-195.2,836.5
250.8,-301.6,988.9
431.7,-400.0,1063.5
482.5,-423.8,1112.7
-,-,-
-17.5,384.1,917.5
54.0,404.8,892.1
82.5,412.7,887.3
95.2,414.3,884.1
103.2,487.3,869.8
98.4,558.7,888.9
123.8,611.1,912.7
185.7,601.6,934.9
257.1,555.6,915.9
323.8,460.3,890.5
387.3,404.8,865.1
430.2,357.1,811.1
460.3,261.9,715.9
458.7,231.7,711.1
509.5,158.7,758.7
557.1,107.9,814.3
581.0,74.6,914.3
604.8,30.2,1022.2
638.1,-96.8,1074.6
746.0,-234.9,1098.4
738.1,-387.3,1090.5
707.9,-460.3,1144.4
582.5,-527.0,1120.6
482.5,-528.6,1141.3
385.7,-587.3,1173.0
338.1,-636.5,1220.6
301.6,-714.3,1222.2
234.9,-782.5,1242.9
125.4,-788.9,1252.4
47.6,-782.5,1238.1
-54.0,-741.3,1220.6
-177.8,-712.7,1228.6
-246.0,-706.3,1244.4
-323.8,-658.7,1219.0
-354.0,-666.7,1171.4
-350.8,-630.2,1147.6
-422.2,-554.0,1100.0
-407.9,-530.2,1090.5
-382.5,-484.1,1042.9
-384.1,-409.5,942.9
-474.6,-327.0,846.0
-487.3,-207.9,758.7
-528.6,-133.3,687.3
-509.5,-54.0,685.7
-487.3,-19.0,809.5
-503.2,74.6,911.1
-512.7,157.1,938.1
-554.0,233.3,938.1
-557.1,284.1,890.5
-560.3,330.2,820.6
-585.7,385.7,765.1
-604.8,428.6,757.1
-533.3,411.1,812.7
-431.7,379.4,869.8
-431.7,407.9,892.1
-407.9,457.1,992.1
-401.6,482.5,1065.1
-407.9,558.7,1087.3
-427.0,584.1,1046.0
-355.6,565.1,1011.1
-330.2,555.6,961.9
-177.8,482.5,938.1
-28.6,381.0,911.1
 4.8,336.5,896.8
 6.3,331.7,885.7
54.0,352.4,895.2
28.6,358.7,914.3
-23.8,452.4,914.3
-150.8,561.9,858.7
-171.4,581.0,839.7
-27.0,528.6,836.5
71.4,461.9,861.9
131.7,409.5,863.5
160.3,381.0,844.4
174.6,363.5,833.3
204.8,355.6,887.3
254.0,314.3,936.5
233.3,325.4,971.4
225.4,274.6,965.1
233.3,231.7,788.9
250.8,198.4,787.3
257.1,161.9,790.5
274.6,147.6,812.7
257.1,150.8,869.8
233.3,122.2,934.9
304.8,27.0,965.1
323.8,-52.4,1017.5
304.8,-144.4,1041.3
276.2,-201.6,973.0
230.2,-195.2,992.1
200.0,-207.9,1038.1
120.6,-182.5,965.1
50.8,-150.8,1044.4
31.7,-127.0,1088.9
103.2,-200.0,1046.0
228.6,-303.2,1012.7
-,-,-
-103.2,488.9,847.6
-4.8,557.1,895.2
54.0,555.6,912.7
111.1,555.6,885.7
130.2,554.0,884.1
203.2,563.5,860.3
177.8,565.1,809.5
261.9,531.7,817.5
357.1,428.6,787.3
503.2,330.2,788.9
565.1,227.0,766.7
641.3,179.4,807.9
669.8,109.5,842.9
711.1,100.0,936.5
693.7,60.3,996.8
757.1,23.8,1044.4
838.1,-100.0,1073.0
911.1,-223.8,1114.3
895.2,-334.9,1120.6
866.7,-482.5,1120.6
736.5,-574.6,1114.3
536.5,-533.3,1096.8
300.0,-504.8,1085.7
200.0,-482.5,1092.1
158.7,-563.5,1063.5
198.4,-657.1,1061.9
123.8,-728.6,1144.4
-50.8,-707.9,1250.8
-228.6,-709.5,1300.0
-323.8,-687.3,1393.7
-407.9,-754.0,1371.4
-400.0,-760.3,1347.6
-474.6,-779.4,1220.6
-500.0,-731.7,1120.6
-582.5,-661.9,1063.5
-638.1,-560.3,1061.9
-663.5,-531.7,1014.3
-579.4,-485.7,998.4
-533.3,-428.6,1023.8
-476.2,-307.9,1012.7
-501.6,-196.8,915.9
-504.8,-28.6,814.3
-506.3,84.1,687.3
-507.9,134.9,658.7
-607.9,223.8,639.7
-679.4,304.8,685.7
-660.3,336.5,707.9
-577.8,388.9,792.1
-563.5,438.1,890.5
-557.1,565.1,984.1
-533.3,587.3,888.9
-355.6,538.1,844.4
-346.0,485.7,787.3
-455.6,565.1,781.0
-561.9,607.9,738.1
-507.9,692.1,922.2
-555.6,765.1,1049.2
-579.4,895.2,1139.7
-549.2,838.1,973.0
-298.4,688.9,885.7
-76.2,581.0,863.5
30.2,531.7,869.8
84.1,482.5,833.3
107.9,514.3,796.8
52.4,538.1,960.3
22.2,592.1,968.3
-25.4,617.5,963.5
98.4,566.7,906.3
276.2,430.2,838.1
401.6,352.4,1247.6
407.9,306.3,766.7
411.1,282.5,809.5
387.3,257.1,861.9
434.9,276.2,887.3
409.5,174.6,844.4
274.6,311.1,920.6
149.2,338.1,858.7
234.9,276.2,766.7
282.5,204.8,707.9
331.7,177.8,765.1
382.5,101.6,865.1
481.0,50.8,990.5
507.9,328.6,988.9
534.9,-149.2,944.4
581.0,-196.8,885.7
357.1,-146.0,887.3
203.2,-123.8,869.8
123.8,-49.2,971.4
76.2,-100.0,1036.5
185.7,-155.6,1088.9
276.2,-257.1,1042.9
363.5,-304.8,1025.4
355.6,-322.2,992.1
330.2,-296.8,1012.7
204.8,-277.8,1022.2
-,-,-
 3.2,301.6,842.9
-1.6,404.8,896.8
27.0,481.0,938.1
47.6,512.7,961.9
100.0,484.1,973.0
181.0,481.0,944.4
285.7,384.1,887.3
388.9,336.5,841.3
414.3,282.5,792.1
403.2,301.6,760.3
390.5,311.1,760.3
436.5,277.8,766.7
511.1,234.9,863.5
565.1,184.1,895.2
617.5,109.5,938.1
660.3,52.4,960.3
658.7, 0.0,960.3
642.9,-55.6,969.8
609.5,-101.6,960.3
554.0,-95.2,912.7
512.7,-101.6,912.7
504.8,-130.2,934.9
415.9,-184.1,938.1
404.8,-227.0,990.5
381.0,-307.9,1095.2
381.0,-406.3,1169.8
358.7,-450.8,1220.6
338.1,-506.3,1223.8
338.1,-581.0,1223.8
279.4,-584.1,1166.7
160.3,-588.9,1087.3
49.2,-611.1,1036.5
-17.5,-685.7,1017.5
-77.8,-728.6,1038.1
-146.0,-731.7,969.8
-296.8,-652.4,1088.9
-373.0,-638.1,1092.1
-301.6,-655.6,1066.7
-223.8,-688.9,1123.8
-219.0,-638.1,1063.5
-328.6,-533.3,1061.9
-355.6,-461.9,961.9
-379.4,-396.8,1115.9
-423.8,-281.0,941.3
-385.7,-227.0,993.7
-404.8,-119.0,996.8
-476.2,-19.0,942.9
-460.3,22.2,863.5
-477.8,181.0,758.7
-485.7,252.4,744.4
-512.7,685.7,809.5
-461.9,334.9,885.7
-511.1,384.1,922.2
-604.8,454.0,923.8
-638.1,530.2,888.9
-630.2,557.1,860.3
-681.0,587.3,838.1
-660.3,581.0,814.3
-525.4,584.1,839.7
-450.8,515.9,887.3
-354.0,484.1,961.9
-230.2,438.1,1047.6
-123.8,384.1,1063.5
27.0,382.5,1038.1
-127.0,433.3,974.6
-281.0,565.1,934.9
-433.3,693.7,885.7
-400.0,760.3,839.7
-279.4,684.1,768.3
-44.4,555.6,838.1
173.0,461.9,912.7
123.8,452.4,911.1
127.0,436.5,888.9
160.3,428.6,896.8
133.3,433.3,887.3
27.0,514.3,868.3
-98.4,638.1,941.3
-49.2,614.3,912.7
31.7,530.2,795.2
147.6,438.1,736.5
160.3,361.9,758.7
174.6,331.7,807.9
157.1,311.1,869.8
230.2,282.5,866.7
274.6,250.8,861.9
233.3,212.7,941.3
181.0,227.0,1022.2
104.8,255.6,1063.5
52.4,273.0,1012.7
81.0,204.8,866.7
173.0,123.8,834.9
236.5,76.2,868.3
255.6, 0.0,895.2
328.6,-42.9,939.7
355.6,-100.0,911.1
401.6,-157.1,861.9
358.7,-203.2,841.3
350.8,-184.1,860.3
254.0,-169.8,893.7
200.0,-130.2,912.7
134.9,-119.0,917.5
160.3,-146.0,917.5
209.5,-177.8,987.3
281.0,-182.5,1047.6
260.3,-207.9,1068.3
276.2,-223.8,1061.9
