-,-,-
-28.6,223.8,890.5
-42.9,276.2,865.1
-28.6,382.5,884.1
-68.3,509.5,936.5
-76.2,584.1,1015.9
82.5,587.3,1090.5
200.0,515.9,896.8
612.7,787.3,966.7
684.1,769.8,863.5
338.1,333.3,790.5
334.9,615.9,682.5
355.6,252.4,639.7
382.5,252.4,707.9
257.1,206.3,841.3
507.9,155.6,985.7
536.5,52.4,1044.4
615.9,-27.0,1123.8
666.7,-150.8,1196.8
639.7,-249.2,1225.4
555.6,-276.2,1196.8
438.1,-355.6,1165.1
338.1,-460.3,1142.9
298.4,-555.6,1044.4
228.6,-636.5,969.8
228.6,-706.3,1022.2
274.6,-739.7,1149.2
282.5,-812.7,1120.6
209.5,-814.3,1096.8
27.0,-714.3,1071.4
-176.2,-630.2,1090.5
-334.9,-588.9,1049.2
-407.9,-601.6,971.4
-484.1,-607.9,858.7
-423.8,-560.3,860.3
-300.0,-607.9,944.4
-247.6,-565.1,1066.7
-352.4,-452.4,1115.9
-458.7,-303.2,1142.9
-555.6,-231.7,1023.8
-600.0,-146.0,941.3
-631.7,-77.8,836.5
-639.7,-22.2,819.0
-652.4,20.6,820.6
-563.5,73.0,847.6
-433.3,74.6,895.2
-458.7,130.2,963.5
-511.1,203.2,968.3
-582.5,274.6,944.4
-584.1,301.6,941.3
-536.5,304.8,890.5
-485.7,300.0,782.5
-376.2,334.9,768.3
-230.2,312.7,911.1
-130.2,306.3,1042.9
-152.4,385.7,1115.9
-203.2,484.1,1144.4
-258.7,552.4,1088.9
-244.4,615.9,1093.7
-301.6,684.1,1022.2
-225.4,684.1,961.9
-52.4,638.1,942.9
79.4,609.5,941.3
131.7,565.1,915.9
206.3,541.3,893.7
223.8,477.8,838.1
225.4,490.5,819.0
133.3,538.1,841.3
96.8,552.4,869.8
161.9,460.3,842.9
277.8,365.1,766.7
327.0,301.6,707.9
325.4,250.8,692.1
338.1,174.6,714.3
360.3,134.9,763.5
274.6,157.1,765.1
 7.9,327.0,839.7
-204.8,434.9,868.3
-106.3,350.8,915.9
130.2,157.1,938.1
277.8,46.0,923.8
285.7,-69.8,936.5
333.3,-147.6,988.9
377.8,-176.2,963.5
354.0,-203.2,934.9
204.8,-246.0,923.8
-,-,-
49.2,361.9,966.7
25.4,436.5,969.8
 4.8,587.3,992.1
-44.4,687.3,919.0
27.0,615.9,893.7
82.5,604.8,866.7
173.0,584.1,888.9
230.2,460.3,847.6
304.8,528.6,871.4
330.2,457.1,868.3
390.5,436.5,887.3
406.3,355.6,890.5
365.1,282.5,922.2
611.1,152.4,895.2
528.6,82.5,969.8
568.3,-4.8,1063.5
555.6,-69.8,1100.0
457.1,-196.8,1114.3
592.1,-276.2,1201.6
384.1,-398.4,1219.0
427.0,-531.7,1149.2
361.9,-657.1,1042.9
452.4,-730.2,990.5
463.5,-785.7,985.7
385.7,-779.4,1112.7
131.7,-715.9,1139.7
-68.3,-706.3,1166.7
-246.0,-661.9,1174.6
-358.7,-711.1,1066.7
-374.6,-763.5,968.3
-325.4,-779.4,936.5
-334.9,-788.9,969.8
-347.6,-714.3,1112.7
-430.2,-634.9,1173.0
-503.2,-536.5,1201.6
-563.5,-461.9,1114.3
-555.6,-404.8,995.2
-554.0,-350.8,834.9
-481.0,-307.9,734.9
-403.2,-254.0,742.9
-381.0,-157.1,836.5
-503.2,-33.3,947.6
-558.7,128.6,1042.9
-652.4,227.0,1047.6
-676.2,287.3,992.1
-612.7,285.7,915.9
-531.7,277.8,866.7
-449.2,234.9,793.7
-328.6,234.9,847.6
-282.5,276.2,944.4
-334.9,365.1,1019.0
-461.9,530.2,1115.9
-528.6,639.7,1149.2
-506.3,669.8,1093.7
-377.8,638.1,1038.1
-298.4,631.7,987.3
-204.8,642.9,939.7
-101.6,628.6,871.4
28.6,633.3,958.7
-79.4,731.7,941.3
-196.8,814.3,912.7
-103.2,760.3,812.7
81.0,655.6,788.9
206.3,561.9,811.1
288.9,509.5,809.5
328.6,458.7,734.9
336.5,452.4,765.1
276.2,485.7,766.7
203.2,492.1,788.9
179.4,479.4,769.8
230.2,428.6,763.5
301.6,330.2,712.7
354.0,281.0,741.3
301.6,258.7,792.1
325.4,254.0,936.5
311.1,161.9,996.8
311.1,98.4,1066.7
331.7, 4.8,1015.9
311.1,-42.9,941.3
231.7,-54.0,868.3
174.6,-27.0,892.1
127.0,-50.8,947.6
150.8,-77.8,1044.4
184.1,-173.0,1139.7
-,-,-
-98.4,363.5,892.1
-79.4,428.6,965.1
-93.7,487.3,998.4
-49.2,561.9,1063.5
-52.4,517.5,1014.3
 6.3,607.9,993.7
28.6,517.5,917.5
25.4,666.7,887.3
81.0,606.3,842.9
254.0,504.8,806.3
327.0,381.0,719.0
430.2,336.5,739.7
481.0,301.6,763.5
504.8,279.4,814.3
504.8,255.6,842.9
530.2,203.2,871.4
539.7,107.9,912.7
638.1,47.6,985.7
711.1,-54.0,1015.9
463.5,-125.4,1047.6
690.5,-230.2,1142.9
684.1,-303.2,1246.0
581.0,-407.9,1250.8
492.1,-460.3,1292.1
438.1,-587.3,1247.6
438.1,-690.5,1139.7
358.7,-788.9,1014.3
281.0,-831.7,1042.9
154.0,-885.7,1022.2
57.1,-865.1,1125.4
-68.3,-866.7,1201.6
-144.4,-814.3,1320.6
-325.4,-758.7,1271.4
-403.2,-757.1,1112.7
-384.1,-761.9,969.8
-328.6,-758.7,985.7
-258.7,-709.5,995.2
-231.7,-603.2,1009.5
-296.8,-455.6,993.7
-482.5,-231.7,987.3
-609.5,-74.6,934.9
-587.3,49.2,946.0
-530.2,50.8,992.1
-422.2,52.4,1011.1
-477.8,103.2,939.7
-484.1,207.9,936.5
-557.1,301.6,936.5
-585.7,409.5,987.3
-628.6,465.1,938.1
-588.9,490.5,887.3
-506.3,463.5,887.3
-428.6,431.7,885.7
-423.8,457.1,887.3
-423.8,504.8,915.9
-427.0,611.1,995.2
-511.1,744.4,1038.1
-577.8,846.0,1038.1
-514.3,893.7,1041.3
-330.2,815.9,973.0
-149.2,741.3,947.6
 3.2,638.1,917.5
82.5,588.9,860.3
160.3,554.0,815.9
231.7,509.5,836.5
96.8,631.7,863.5
 7.9,714.3,884.1
103.2,615.9,838.1
258.7,538.1,814.3
384.1,479.4,758.7
407.9,406.3,741.3
382.5,377.8,763.5
407.9,352.4,785.7
390.5,325.4,782.5
314.3,377.8,833.3
277.8,385.7,866.7
282.5,327.0,884.1
309.5,249.2,865.1
387.3,198.4,895.2
404.8,106.3,917.5
463.5,25.4,987.3
434.9,-44.4,985.7
434.9,-73.0,1019.0
415.9,-127.0,998.4
355.6,-131.7,1041.3
228.6,-155.6,1023.8
-,-,-
25.4,279.4,869.8
58.7,307.9,887.3
-25.4,358.7,885.7
-100.0,477.8,885.7
-174.6,587.3,909.5
-76.2,585.7,920.6
27.0,509.5,890.5
106.3,479.4,861.9
281.0,433.3,820.6
255.6,388.9,788.9
328.6,387.3,792.1
354.0,385.7,795.2
403.2,330.2,815.9
484.1,279.4,892.1
554.0,182.5,966.7
614.3,57.1,1038.1
665.1,-47.6,1073.0
707.9,-122.2,1066.7
657.1,-200.0,1015.9
661.9,-250.8,1019.0
663.5,-252.4,1020.6
611.1,-304.8,1063.5
506.3,-376.2,1098.4
481.0,-457.1,1198.4
403.2,-579.4,1266.7
338.1,-730.2,1249.2
260.3,-836.5,1242.9
228.6,-857.1,1198.4
147.6,-841.3,1122.2
 1.6,-833.3,1087.3
-104.8,-836.5,1088.9
-200.0,-834.9,1047.6
-279.4,-834.9,988.9
-376.2,-790.5,946.0
-455.6,-712.7,912.7
-452.4,-634.9,833.3
-503.2,-531.7,839.7
-557.1,-422.2,868.3
-579.4,-277.8,895.2
-588.9,-155.6,890.5
-634.9,-77.8,846.0
-638.1,49.2,858.7
-634.9,152.4,847.6
-631.7,225.4,838.1
-663.5,274.6,841.3
-652.4,331.7,884.1
-612.7,381.0,968.3
-634.9,411.1,993.7
-687.3,479.4,947.6
-707.9,482.5,892.1
-633.3,504.8,896.8
-454.0,504.8,971.4
-323.8,479.4,1071.4
-328.6,514.3,1100.0
-382.5,585.7,1063.5
-400.0,687.3,1022.2
-433.3,787.3,966.7
-376.2,785.7,944.4
-300.0,787.3,920.6
-174.6,766.7,890.5
-52.4,742.9,858.7
82.5,663.5,836.5
158.7,633.3,836.5
155.6,609.5,834.9
95.2,615.9,817.5
104.8,644.4,839.7
149.2,607.9,819.0
182.5,590.5,834.9
301.6,515.9,763.5
361.9,430.2,742.9
361.9,379.4,763.5
377.8,312.7,766.7
412.7,252.4,788.9
406.3,230.2,841.3
276.2,200.0,888.9
365.1,134.9,985.7
358.7,55.6,938.1
354.0, 9.5,892.1
277.8,-44.4,895.2
179.4,-52.4,884.1
157.1,-69.8,861.9
200.0,-57.1,912.7
225.4,-127.0,1020.6
304.8,-196.8,1149.2
358.7,-228.6,1223.8
-,-,-
-95.2,460.3,861.9
-79.4,528.6,869.8
-68.3,552.4,887.3
279.4,585.7,893.7
-17.5,607.9,846.0
25.4,612.7,811.1
84.1,619.0,793.7
173.0,585.7,809.5
254.0,539.7,790.5
309.5,531.7,763.5
336.5,477.8,758.7
434.9,427.0,784.1
533.3,336.5,788.9
611.1,227.0,865.1
681.0,127.0,946.0
736.5,30.2,1038.1
761.9,-55.6,1119.0
811.1,-157.1,1146.0
738.1,-223.8,1193.7
665.1,-225.4,1174.6
587.3,-304.8,1090.5
479.4,-381.0,998.4
327.0,-503.2,998.4
254.0,-611.1,1061.9
149.2,-701.6,1152.4
127.0,-761.9,1223.8
181.0,-841.3,1222.2
201.6,-881.0,1169.8
154.0,-881.0,1171.4
47.6,-857.1,1203.2
-101.6,-892.1,1147.6
-206.3,-957.1,1036.5
-323.8,-968.3,839.7
-323.8,-990.5,739.7
-273.0,-881.0,793.7
-271.4,-781.0,887.3
-200.0,-606.3,1088.9
-233.3,-403.2,1246.0
-349.2,-249.2,1271.4
-387.3,-96.8,1192.1
-476.2,22.2,1044.4
-506.3,100.0,938.1
-479.4,149.2,838.1
-428.6,173.0,814.3
-450.8,238.1,863.5
-506.3,336.5,938.1
-531.7,434.9,1015.9
-536.5,487.3,1066.7
-485.7,461.9,1092.1
-449.2,433.3,1020.6
-460.3,430.2,942.9
-431.7,427.0,938.1
-447.6,501.6,987.3
-474.6,636.5,1088.9
-527.0,741.3,1114.3
-474.6,760.3,1122.2
-325.4,741.3,1112.7
-155.6,681.0,1042.9
-71.4,641.3,969.8
 1.6,582.5,914.3
49.2,539.7,863.5
104.8,534.9,866.7
-71.4,660.3,819.0
-225.4,815.9,839.7
-174.6,782.5,785.7
79.4,614.3,765.1
309.5,488.9,744.4
355.6,407.9,758.7
333.3,381.0,733.3
336.5,311.1,688.9
379.4,287.3,709.5
355.6,327.0,738.1
160.3,407.9,815.9
206.3,336.5,868.3
336.5,207.9,865.1
430.2,150.8,863.5
412.7,50.8,887.3
338.1, 6.3,888.9
361.9,-28.6,922.2
430.2,-101.6,966.7
457.1,-169.8,1125.4
458.7,-206.3,987.3
361.9,-246.0,1019.0
255.6,-223.8,1047.6
100.0,-155.6,996.8
-55.6,-81.0,993.7
-,-,-
-19.0,287.3,895.2
-69.8,411.1,938.1
-49.2,531.7,971.4
-79.4,565.1,987.3
-25.4,587.3,971.4
84.1,554.0,920.6
177.8,528.6,865.1
200.0,531.7,834.9
181.0,534.9,838.1
201.6,512.7,793.7
234.9,484.1,790.5
312.7,430.2,763.5
385.7,331.7,790.5
434.9,255.6,893.7
533.3,228.6,1038.1
611.1,104.8,1141.3
688.9,-17.5,1195.2
717.5,-103.2,1146.0
668.3,-152.4,1114.3
582.5,-152.4,1047.6
484.1,-152.4,1066.7
411.1,-177.8,1100.0
409.5,-277.8,1146.0
436.5,-422.2,1166.7
439.7,-560.3,1152.4
358.7,-715.9,1074.6
276.2,-806.3,1020.6
184.1,-833.3,1017.5
96.8,-833.3,1063.5
-25.4,-833.3,1139.7
-55.6,-884.1,1244.4
-130.2,-892.1,1217.5
-181.0,-879.4,1092.1
-223.8,-841.3,1020.6
-322.2,-763.5,1025.4
-358.7,-706.3,998.4
-401.6,-614.3,938.1
-485.7,-511.1,815.9
-557.1,-377.8,841.3
-503.2,-281.0,936.5
-484.1,-179.4,946.0
-527.0,-95.2,939.7
-534.9,46.0,909.5
-587.3,149.2,817.5
-676.2,204.8,731.7
-738.1,252.4,638.1
-688.9,284.1,619.0
-601.6,282.5,739.7
-552.4,311.1,817.5
-561.9,381.0,869.8
-609.5,452.4,866.7
-628.6,461.9,795.2
-507.9,458.7,782.5
-406.3,433.3,792.1
-346.0,461.9,871.4
-303.2,530.2,1017.5
-357.1,631.7,1173.0
-525.4,761.9,1144.4
-504.8,793.7,1123.8
-385.7,788.9,1093.7
-323.8,741.3,1038.1
-200.0,687.3,942.9
-69.8,606.3,838.1
33.3,558.7,812.7
152.4,506.3,834.9
176.2,504.8,865.1
147.6,506.3,922.2
81.0,554.0,909.5
 3.2,590.5,873.0
23.8,606.3,819.0
157.1,506.3,807.9
288.9,412.7,771.4
406.3,325.4,820.6
406.3,254.0,895.2
427.0,212.7,966.7
382.5,200.0,992.1
409.5,181.0,965.1
379.4,155.6,920.6
257.1,160.3,893.7
177.8,185.7,920.6
150.8,149.2,887.3
177.8,50.8,847.6
252.4,-20.6,893.7
274.6,-93.7,966.7
260.3,-120.6,1066.7
261.9,-152.4,1114.3
287.3,-227.0,1046.0
-,-,-
147.6,409.5,944.4
131.7,460.3,944.4
82.5,514.3,961.9
 1.6,606.3,915.9
19.0,634.9,920.6
107.9,592.1,892.1
204.8,517.5,861.9
327.0,461.9,842.9
407.9,387.3,842.9
481.0,303.2,860.3
541.3,252.4,863.5
585.7,181.0,861.9
607.9,125.4,923.8
655.6,71.4,1063.5
666.7,-19.0,1068.3
606.3,-50.8,1044.4
517.5,-79.4,1017.5
501.6,-123.8,1049.2
506.3,-258.7,1071.4
533.3,-427.0,1093.7
501.6,-552.4,1065.1
388.9,-654.0,1014.3
333.3,-690.5,1044.4
260.3,-709.5,1085.7
227.0,-706.3,1146.0
182.5,-681.0,1173.0
103.2,-703.2,1166.7
-68.3,-741.3,1115.9
-206.3,-785.7,1023.8
-333.3,-790.5,961.9
-403.2,-804.8,939.7
-303.2,-811.1,936.5
-231.7,-736.5,1036.5
-282.5,-612.7,1119.0
-358.7,-479.4,1165.1
-454.0,-373.0,1074.6
-581.0,-271.4,992.1
-612.7,-207.9,912.7
-560.3,-154.0,834.9
-487.3,-130.2,741.3
-357.1,-76.2,685.7
-352.4, 0.0,760.3
-485.7,127.0,873.0
-704.8,285.7,971.4
-788.9,388.9,1012.7
-785.7,431.7,965.1
-701.6,425.4,839.7
-509.5,401.6,744.4
-409.5,434.9,746.0
-400.0,506.3,819.0
-403.2,615.9,914.3
-531.7,714.3,973.0
-634.9,817.5,1044.4
-714.3,888.9,1039.7
-676.2,892.1,1038.1
-476.2,871.4,988.9
-304.8,793.7,917.5
-123.8,715.9,941.3
-27.0,682.5,917.5
-19.0,684.1,888.9
-22.2,707.9,919.0
-17.5,739.7,915.9
71.4,707.9,941.3
152.4,682.5,936.5
249.2,614.3,868.3
334.9,539.7,839.7
390.5,452.4,807.9
385.7,452.4,758.7
357.1,438.1,719.0
303.2,465.1,788.9
249.2,515.9,863.5
281.0,503.2,893.7
384.1,412.7,941.3
438.1,327.0,914.3
485.7,201.6,893.7
515.9,98.4,795.2
488.9,23.8,704.8
438.1, 1.6,733.3
261.9,58.7,790.5
130.2,152.4,922.2
96.8,106.3,1015.9
260.3, 3.2,1063.5
428.6,-146.0,1038.1
-,-,-
-41.3,276.2,922.2
-69.8,403.2,946.0
-95.2,457.1,1012.7
-96.8,484.1,1022.2
-3.2,534.9,988.9
57.1,507.9,895.2
103.2,503.2,896.8
104.8,512.7,860.3
131.7,555.6,834.9
203.2,565.1,868.3
254.0,568.3,888.9
327.0,530.2,858.7
387.3,457.1,841.3
454.0,355.6,769.8
506.3,281.0,739.7
563.5,209.5,757.1
590.5,184.1,741.3
638.1,128.6,742.9
641.3,106.3,863.5
707.9,71.4,1038.1
833.3,-71.4,1203.2
993.7,-230.2,1320.6
969.8,-285.7,1400.0
812.7,-354.0,1293.7
585.7,-358.7,1139.7
384.1,-401.6,998.4
228.6,-450.8,934.9
176.2,-485.7,946.0
160.3,-581.0,1046.0
127.0,-633.3,1192.1
79.4,-663.5,1303.2
-77.8,-663.5,1319.0
-301.6,-679.4,1242.9
-401.6,-660.3,1176.2
-450.8,-731.7,1022.2
-538.1,-757.1,868.3
-582.5,-690.5,834.9
-601.6,-679.4,817.5
-536.5,-615.9,907.9
-561.9,-552.4,993.7
-582.5,-431.7,1049.2
-587.3,-311.1,1041.3
-606.3,-203.2,919.0
-661.9,-77.8,788.9
-731.7, 1.6,681.0
-611.1,104.8,657.1
-482.5,174.6,757.1
-404.8,204.8,890.5
-458.7,311.1,1012.7
-560.3,388.9,1046.0
-701.6,509.5,1069.8
-784.1,542.9,990.5
-761.9,530.2,871.4
-754.0,501.6,666.7
-606.3,479.4,538.1
-374.6,361.9,663.5
-279.4,409.5,822.2
-398.4,485.7,990.5
-511.1,611.1,1049.2
-534.9,688.9,1063.5
-506.3,682.5,1073.0
-452.4,692.1,917.5
-376.2,688.9,792.1
-196.8,619.0,758.7
 3.2,538.1,909.5
107.9,528.6,909.5
-19.0,619.0,990.5
-125.4,714.3,1063.5
-122.2,766.7,1044.4
 1.6,714.3,990.5
173.0,612.7,915.9
284.1,512.7,892.1
360.3,350.8,847.6
407.9,358.7,819.0
438.1,306.3,741.3
355.6,284.1,709.5
282.5,350.8,820.6
201.6,414.3,965.1
225.4,387.3,1041.3
282.5,279.4,944.4
339.7,179.4,863.5
361.9,101.6,812.7
361.9,58.7,761.9
309.5,-106.3,787.3
231.7,54.0,885.7
173.0,73.0,1038.1
96.8,50.8,1123.8
128.6,-17.5,1141.3
154.0,30.2,1039.7
152.4,-127.0,887.3
109.5,-176.2,838.1
104.8,-206.3,860.3
109.5,-203.2,898.4
-,-,-
-95.2,611.1,784.1
77.8,579.4,812.7
173.0,560.3,842.9
230.2,512.7,885.7
282.5,479.4,887.3
379.4,404.8,838.1
452.4,304.8,744.4
463.5,277.8,734.9
438.1,233.3,736.5
485.7,233.3,744.4
557.1,201.6,842.9
636.5,133.3,965.1
709.5,77.8,1049.2
738.1, 4.8,1192.1
734.9,-74.6,1319.0
742.9,-179.4,1320.6
712.7,-246.0,1266.7
614.3,-255.6,1201.6
509.5,-271.4,1163.5
401.6,-350.8,1114.3
307.9,-427.0,1093.7
236.5,-485.7,1165.1
174.6,-581.0,1227.0
109.5,-679.4,1246.0
71.4,-755.6,1217.5
58.7,-828.6,1173.0
-19.0,-890.5,1176.2
-98.4,-904.8,1174.6
-130.2,-930.2,1073.0
-127.0,-942.9,992.1
-201.6,-892.1,988.9
-274.6,-855.6,966.7
-328.6,-782.5,993.7
-427.0,-660.3,969.8
-558.7,-530.2,873.0
-636.5,-384.1,746.0
-627.0,-281.0,681.0
-560.3,-182.5,566.7
-409.5,-158.7,555.6
-230.2,-128.6,590.5
-204.8,-54.0,642.9
-334.9,76.2,682.5
-555.6,225.4,738.1
-703.2,363.5,793.7
-736.5,458.7,766.7
-536.5,458.7,709.5
-277.8,330.2,765.1
-174.6,336.5,888.9
-327.0,454.0,963.5
-511.1,606.3,1073.0
-628.6,739.7,1177.8
-641.3,763.5,1223.8
-609.5,734.9,1115.9
-538.1,760.3,1020.6
-407.9,717.5,941.3
-273.0,690.5,961.9
-206.3,717.5,1049.2
-257.1,785.7,1122.2
-279.4,838.1,1169.8
-220.6,790.5,1120.6
-103.2,736.5,1068.3
-27.0,681.0,987.3
31.7,633.3,911.1
77.8,614.3,846.0
77.8,612.7,839.7
50.8,681.0,865.1
 7.9,685.7,866.7
82.5,898.4,911.1
200.0,531.7,884.1
336.5,388.9,812.7
458.7,276.2,784.1
485.7,227.0,734.9
460.3,203.2,695.2
330.2,227.0,607.9
330.2,261.9,655.6
303.2,279.4,738.1
306.3,260.3,820.6
306.3,231.7,890.5
357.1,154.0,820.6
358.7,73.0,784.1
384.1,27.0,809.5
388.9, 3.2,846.0
363.5,-25.4,871.4
404.8,-46.0,946.0
384.1,-76.2,996.8
381.0,-122.2,1065.1
454.0,-181.0,1112.7
503.2,-257.1,1095.2
485.7,-307.9,1047.6
-,-,-
103.2,325.4,966.7
85.7,360.3,947.6
54.0,411.1,911.1
 4.8,460.3,893.7
-23.8,509.5,884.1
-22.2,582.5,838.1
-1.6,615.9,839.7
 6.3,631.7,819.0
22.2,631.7,784.1
82.5,604.8,715.9
147.6,558.7,638.1
204.8,507.9,592.1
249.2,412.7,561.9
314.3,358.7,606.3
403.2,260.3,668.3
490.5,198.4,757.1
609.5,79.4,844.4
658.7,28.6,914.3
709.5,-28.6,998.4
615.9,-69.8,1115.9
590.5,-50.8,1200.0
619.0,-74.6,1268.3
609.5,-130.2,1319.0
604.8,-219.0,1323.8
585.7,-333.3,1246.0
614.3,-433.3,1220.6
617.5,-507.9,1252.4
563.5,-538.1,1296.8
436.5,-538.1,1295.2
311.1,-563.5,1323.8
200.0,-627.0,1317.5
77.8,-665.1,1301.6
-46.0,-752.4,1223.8
-125.4,-761.9,1193.7
-219.0,-807.9,1125.4
-220.6,-806.3,1098.4
-276.2,-817.5,1036.5
-303.2,-784.1,1042.9
-334.9,-733.3,1063.5
-409.5,-636.5,1069.8
-477.8,-536.5,969.8
-482.5,-449.2,895.2
-477.8,-352.4,817.5
-460.3,-276.2,738.1
-455.6,-181.0,763.5
-509.5,-68.3,836.5
-585.7, 7.9,858.7
-638.1,123.8,934.9
-587.3,200.0,839.7
-557.1,233.3,769.8
-525.4,230.2,663.5
-484.1,201.6,663.5
-434.9,252.4,642.9
-430.2,334.9,760.3
-476.2,339.7,917.5
-430.2,452.4,1046.0
-455.6,515.9,1017.5
-511.1,557.1,917.5
-461.9,554.0,861.9
-407.9,530.2,741.3
-423.8,607.9,655.6
-563.5,717.5,630.2
-685.7,842.9,641.3
-687.3,787.3,736.5
-606.3,866.7,890.5
-360.3,841.3,988.9
-206.3,785.7,941.3
-93.7,731.7,888.9
-119.0,685.7,831.7
104.8,657.1,715.9
57.1,657.1,615.9
-74.6,714.3,554.0
-128.6,758.7,503.2
-123.8,766.7,566.7
-20.6,769.8,742.9
104.8,692.1,896.8
328.6,584.1,963.5
481.0,454.0,911.1
539.7,333.3,766.7
485.7,279.4,666.7
381.0,261.9,639.7
303.2,287.3,628.6
207.9,333.3,682.5
133.3,401.6,841.3
107.9,457.1,995.2
176.2,334.9,1100.0
436.5,149.2,1088.9
681.0,-23.8,987.3
712.7,-149.2,868.3
655.6,-227.0,819.0
463.5,-147.6,815.9
285.7,-52.4,842.9
127.0,22.2,923.8
31.7,55.6,963.5
33.3,-44.4,992.1
157.1,-146.0,1044.4
360.3,-271.4,1119.0
507.9,-371.4,1096.8
563.5,-449.2,1038.1
538.1,-457.1,993.7
-,-,-
106.3,463.5,815.9
130.2,492.1,869.8
174.6,538.1,888.9
227.0,509.5,892.1
281.0,479.4,911.1
377.8,365.1,888.9
455.6,282.5,836.5
485.7,200.0,763.5
560.3,104.8,792.1
606.3,46.0,884.1
665.1,-20.6,944.4
663.5,-52.4,1049.2
614.3,-50.8,1196.8
554.0,-54.0,1268.3
515.9,-79.4,1288.9
528.6,-179.4,1265.1
514.3,-309.5,1201.6
514.3,-476.2,1123.8
503.2,-577.8,1073.0
455.6,-627.0,1022.2
363.5,-657.1,1196.8
260.3,-711.1,1071.4
179.4,-814.3,1068.3
57.1,-836.5,1038.1
-68.3,-885.7,996.8
-158.7,-888.9,995.2
-204.8,-879.4,1066.7
-222.2,-841.3,1092.1
-269.8,-761.9,1168.3
-358.7,-663.5,1122.2
-434.9,-579.4,1088.9
-554.0,-460.3,1020.6
-576.2,-933.3,966.7
-550.8,-349.2,860.3
-503.2,-328.6,741.3
-381.0,-249.2,660.3
-274.6,-176.2,663.5
-355.6,-3.2,742.9
-409.5,155.6,895.2
-612.7,311.1,946.0
-681.0,360.3,938.1
-709.5,454.0,890.5
-754.0,487.3,807.9
-730.2,465.1,685.7
-638.1,485.7,690.5
-506.3,534.9,760.3
-536.5,557.1,812.7
-606.3,612.7,885.7
-966.7,684.1,887.3
-730.2,755.6,884.1
-679.4,785.7,893.7
-633.3,792.1,890.5
-628.6,814.3,861.9
-687.3,836.5,885.7
-400.0,814.3,938.1
-233.3,736.5,968.3
-55.6,657.1,996.8
77.8,536.5,990.5
233.3,458.7,938.1
285.7,403.2,896.8
227.0,485.7,888.9
-95.2,692.1,795.2
-271.4,792.1,787.3
-122.2,717.5,785.7
131.7,593.7,838.1
377.8,403.2,795.2
565.1,260.3,819.0
590.5,185.7,896.8
557.1,176.2,960.3
531.7,130.2,942.9
487.3,122.2,890.5
328.6,174.6,841.3
203.2,225.4,920.6
155.6,228.6,915.9
184.1,157.1,860.3
257.1,103.2,865.1
281.0,47.6,942.9
303.2,-30.2,1046.0
360.3,-120.6,1112.7
412.7,-247.6,1047.6
414.3,-325.4,993.7
-,-,-
 4.8,461.9,946.0
27.0,531.7,896.8
73.0,515.9,863.5
77.8,482.5,814.3
120.6,487.3,795.2
107.9,484.1,738.1
206.3,484.1,760.3
254.0,436.5,792.1
334.9,431.7,847.6
376.2,406.3,817.5
409.5,352.4,868.3
484.1,285.7,868.3
555.6,225.4,944.4
606.3,133.3,971.4
634.9,100.0,990.5
693.7,25.4,1012.7
736.5,-68.3,1114.3
738.1,-79.4,1174.6
654.0,-93.7,1092.1
639.7,-71.4,1292.1
590.5,-68.3,1165.1
503.2,-130.2,1195.2
434.9,-130.2,1114.3
460.3,-325.4,1068.3
458.7,-454.0,1087.3
431.7,-557.1,1127.0
358.7,-563.5,1122.2
179.4,-682.5,1111.1
 6.3,-704.8,1117.5
-200.0,-682.5,1139.7
-322.2,-782.5,1115.9
-358.7,-838.1,1066.7
-254.0,-890.5,969.8
-246.0,-838.1,987.3
-249.2,-790.5,1042.9
27.0,-661.9,1100.0
-422.2,-536.5,1171.4
-534.9,-428.6,1139.7
-760.3,-274.6,1088.9
-692.1,-184.1,971.4
-612.7,-131.7,922.2
-506.3,-122.2,820.6
-355.6,-52.4,769.8
-306.3,-28.6,742.9
-284.1,25.4,763.5
-481.0,125.4,765.1
-1058.7,260.3,692.1
-730.2,323.8,663.5
-628.6,328.6,761.9
-638.1,338.1,809.5
-631.7,385.7,820.6
-473.0,354.0,809.5
-401.6,303.2,788.9
-509.5,361.9,760.3
-604.8,452.4,715.9
-587.3,490.5,790.5
-554.0,528.6,866.7
-525.4,554.0,933.3
-306.3,487.3,1022.2
-196.8,460.3,1049.2
-106.3,409.5,1011.1
-52.4,427.0,966.7
-196.8,542.9,892.1
-428.6,712.7,860.3
-523.8,820.6,942.9
-401.6,819.0,987.3
-155.6,734.9,1009.5
84.1,614.3,992.1
258.7,487.3,985.7
334.9,403.2,934.9
376.2,333.3,807.9
261.9,406.3,709.5
-27.0,631.7,820.6
-201.6,707.9,868.3
 3.2,606.3,846.0
230.2,441.3,865.1
382.5,334.9,915.9
384.1,304.8,936.5
325.4,282.5,890.5
352.4,249.2,865.1
433.3,173.0,836.5
363.5,160.3,838.1
233.3,176.2,869.8
185.7,177.8,860.3
130.2,198.4,858.7
128.6,182.5,917.5
176.2,154.0,1038.1
279.4,47.6,1074.6
403.2,-68.3,1061.9
428.6,-155.6,998.4
412.7,-223.8,985.7
352.4,-233.3,992.1
-,-,-
-71.4,514.3,936.5
-17.5,531.7,917.5
55.6,536.5,892.1
123.8,555.6,909.5
174.6,536.5,885.7
276.2,511.1,863.5
285.7,463.5,811.1
334.9,430.2,790.5
427.0,352.4,792.1
531.7,228.6,811.1
644.4,128.6,882.5
687.3,55.6,936.5
638.1,50.8,973.0
612.7,-27.0,1036.5
641.3,-55.6,1039.7
630.2,-142.9,1071.4
607.9,-207.9,1090.5
566.7,-227.0,1095.2
504.8,-258.7,1087.3
504.8,-282.5,1090.5
336.5,-298.4,1122.2
260.3,-374.6,1115.9
301.6,-452.4,1095.2
279.4,-538.1,1095.2
260.3,-655.6,1117.5
187.3,-685.7,1150.8
50.8,-665.1,1163.5
 7.9,-761.9,1069.8
50.8,-828.6,1168.3
82.5,-830.2,1277.8
 1.6,-768.3,1319.0
-181.0,-639.7,1322.2
-382.5,-536.5,1203.2
-534.9,-457.1,1139.7
-560.3,-422.2,1096.8
-604.8,-373.0,993.7
-612.7,-334.9,819.0
-557.1,-328.6,742.9
-404.8,-352.4,684.1
-246.0,-357.1,707.9
-273.0,-307.9,685.7
-358.7,-152.4,655.6
-525.4, 7.9,587.3
-638.1,155.6,557.1
-703.2,209.5,584.1
-688.9,203.2,611.1
-657.1,177.8,660.3
-590.5,201.6,707.9
-609.5,255.6,704.8
-688.9,352.4,687.3
-714.3,438.1,712.7
-736.5,538.1,785.7
-760.3,630.2,911.1
-806.3,707.9,1017.5
-782.5,785.7,1039.7
-685.7,788.9,1023.8
-504.8,757.1,1088.9
-306.3,682.5,1096.8
-152.4,612.7,1061.9
-25.4,558.7,1047.6
49.2,585.7,1044.4
-54.0,734.9,1049.2
-122.2,766.7,995.2
-15.9,738.1,1014.3
127.0,709.5,1023.8
201.6,636.5,1009.5
307.9,568.3,992.1
355.6,503.2,936.5
333.3,479.4,817.5
328.6,465.1,784.1
133.3,606.3,836.5
-27.0,714.3,893.7
103.2,657.1,915.9
258.7,485.7,884.1
414.3,358.7,911.1
481.0,307.9,920.6
455.6,230.2,884.1
400.0,204.8,788.9
400.0,176.2,812.7
384.1,106.3,885.7
330.2,50.8,958.7
230.2,50.8,968.3
228.6, 6.3,938.1
182.5,-1.6,939.7
184.1,-20.6,934.9
184.1,-44.4,892.1
181.0,-101.6,934.9
201.6,-196.8,998.4
-,-,-
-79.4,482.5,915.9
-6.3,482.5,917.5
79.4,461.9,914.3
107.9,438.1,936.5
127.0,404.8,909.5
330.2,430.2,861.9
230.2,411.1,812.7
236.5,458.7,860.3
285.7,454.0,866.7
327.0,407.9,866.7
382.5,350.8,912.7
436.5,287.3,936.5
512.7,203.2,968.3
554.0,123.8,965.1
590.5,55.6,960.3
606.3,47.6,998.4
555.6,33.3,1065.1
507.9,27.0,1149.2
485.7,-23.8,1241.3
455.6,-79.4,1290.5
330.2,-152.4,1277.8
250.8,-258.7,1195.2
260.3,-377.8,1127.0
300.0,-507.9,1063.5
185.7,-628.6,1022.2
58.7,-633.3,1071.4
-54.0,-614.3,1241.3
-152.4,-663.5,1241.3
-152.4,-787.3,1095.2
-101.6,-911.1,947.6
-155.6,-966.7,834.9
-277.8,-966.7,744.4
-376.2,-912.7,758.7
-434.9,-834.9,784.1
-484.1,-755.6,817.5
-477.8,-655.6,893.7
-460.3,-525.4,965.1
-485.7,-404.8,992.1
-461.9,-279.4,990.5
-501.6,-171.4,936.5
-536.5,-52.4,885.7
-628.6,54.0,820.6
-625.4,157.1,833.3
-612.7,284.1,868.3
-679.4,357.1,941.3
-712.7,401.6,961.9
-738.1,379.4,966.7
-834.9,350.8,944.4
-888.9,357.1,893.7
-890.5,381.0,861.9
-812.7,363.5,933.3
-709.5,454.0,895.2
-582.5,482.5,865.1
-458.7,506.3,892.1
-333.3,534.9,888.9
-381.0,636.5,846.0
-449.2,720.6,866.7
-398.4,807.9,893.7
-349.2,820.6,871.4
-223.8,785.7,860.3
-44.4,739.7,866.7
50.8,714.3,809.5
154.0,685.7,844.4
157.1,692.1,888.9
130.2,734.9,890.5
123.8,734.9,884.1
234.9,663.5,860.3
301.6,607.9,814.3
331.7,558.7,784.1
363.5,509.5,811.1
338.1,485.7,819.0
339.7,439.7,819.0
379.4,407.9,815.9
285.7,427.0,846.0
185.7,454.0,911.1
230.2,384.1,868.3
309.5,300.0,812.7
354.0,225.4,812.7
331.7,173.0,860.3
301.6,122.2,911.1
281.0,57.1,896.8
274.6,28.6,963.5
330.2,-27.0,1015.9
357.1,-101.6,1038.1
303.2,-101.6,1096.8
200.0,-77.8,1111.1
107.9,-104.8,1061.9
76.2,-154.0,923.8
-,-,-
-100.0,434.9,892.1
-23.8,461.9,869.8
-15.9,436.5,863.5
47.6,441.3,846.0
101.6,465.1,869.8
130.2,482.5,868.3
133.3,534.9,861.9
176.2,538.1,869.8
203.2,515.9,861.9
276.2,490.5,860.3
306.3,401.6,793.7
388.9,357.1,807.9
411.1,284.1,785.7
436.5,261.9,838.1
438.1,250.8,863.5
454.0,201.6,915.9
458.7,104.8,1015.9
488.9,33.3,1098.4
441.3,-52.4,1120.6
407.9,-130.2,1138.1
427.0,-231.7,1141.3
463.5,-354.0,1138.1
517.5,-455.6,1166.7
541.3,-576.2,1247.6
506.3,-609.5,1277.8
406.3,-582.5,1292.1
301.6,-584.1,1247.6
203.2,-558.7,1171.4
76.2,-536.5,1088.9
-77.8,-484.1,1069.8
-204.8,-452.4,1122.2
-227.0,-538.1,1096.8
-195.2,-612.7,1041.3
-201.6,-655.6,987.3
-204.8,-657.1,971.4
-171.4,-634.9,985.7
-195.2,-588.9,963.5
-225.4,-549.2,946.0
-281.0,-457.1,919.0
-358.7,-357.1,938.1
-476.2,-257.1,939.7
-407.9,-222.2,866.7
-282.5,-234.9,812.7
-171.4,-203.2,812.7
-204.8,-150.8,811.1
-349.2,-22.2,815.9
-507.9,107.9,858.7
-557.1,201.6,846.0
-584.1,206.3,836.5
-577.8,236.5,865.1
-536.5,252.4,860.3
-534.9,261.9,833.3
-627.0,311.1,765.1
-627.0,330.2,744.4
-558.7,307.9,763.5
-509.5,328.6,884.1
-482.5,360.3,968.3
-428.6,401.6,1049.2
-355.6,403.2,1112.7
-296.8,384.1,1096.8
-222.2,358.7,1069.8
-155.6,361.9,1038.1
-150.8,381.0,1015.9
-206.3,438.1,1042.9
-223.8,534.9,1095.2
-273.0,609.5,1095.2
-279.4,685.7,1139.7
-171.4,644.4,1112.7
-54.0,555.6,1115.9
46.0,485.7,1014.3
79.4,455.6,936.5
30.2,458.7,912.7
-3.2,482.5,847.6
-50.8,536.5,820.6
-93.7,538.1,785.7
-25.4,517.5,795.2
120.6,433.3,807.9
225.4,333.3,682.5
255.6,284.1,785.7
230.2,281.0,766.7
173.0,311.1,819.0
74.6,411.1,895.2
 1.6,455.6,941.3
73.0,414.3,915.9
158.7,311.1,919.0
276.2,236.5,915.9
352.4,127.0,895.2
377.8,54.0,912.7
350.8,25.4,885.7
357.1,-1.6,865.1
301.6,-66.7,1049.2
355.6,-158.7,692.1
403.2,-257.1,895.2
354.0,-307.9,922.2
274.6,-993.7,942.9
255.6,-206.3,942.9
230.2,-304.8,909.5
-,-,-
104.8,438.1,919.0
104.8,458.7,882.5
147.6,454.0,869.8
150.8,409.5,865.1
225.4,412.7,847.6
228.6,382.5,785.7
282.5,336.5,769.8
307.9,282.5,814.3
358.7,260.3,919.0
406.3,228.6,961.9
434.9,181.0,992.1
485.7,109.5,1042.9
506.3,33.3,1087.3
514.3,-28.6,1122.2
509.5,-96.8,1166.7
461.9,-169.8,1112.7
438.1,-220.6,1095.2
430.2,-277.8,1066.7
431.7,-333.3,1111.1
401.6,-400.0,1125.4
381.0,-422.2,1195.2
328.6,-433.3,1222.2
230.2,-428.6,1139.7
128.6,-425.4,1071.4
79.4,-427.0,1085.7
31.7,-460.3,1047.6
-30.2,-482.5,1012.7
-77.8,-554.0,888.9
-69.8,-557.1,834.9
-71.4,-557.1,860.3
-92.1,-534.9,887.3
-131.7,-511.1,966.7
-227.0,-460.3,1068.3
-300.0,-454.0,1093.7
-334.9,-406.3,1115.9
-396.8,-373.0,1073.0
-422.2,-304.8,1011.1
-404.8,-277.8,942.9
-374.6,-255.6,914.3
-452.4,-168.3,934.9
-449.2,-95.2,966.7
-434.9,-73.0,993.7
-404.8,-68.3,993.7
-452.4,-15.9,965.1
-479.4,25.4,946.0
-512.7,58.7,866.7
-503.2,82.5,811.1
-528.6,125.4,782.5
-501.6,160.3,834.9
-487.3,173.0,895.2
-484.1,204.8,963.5
-455.6,234.9,947.6
-407.9,252.4,946.0
-407.9,250.8,938.1
-425.4,274.6,866.7
-457.1,312.7,820.6
-509.5,382.5,788.9
-585.7,554.0,744.4
-581.0,607.9,863.5
-531.7,642.9,961.9
-503.2,634.9,944.4
-407.9,606.3,658.7
-258.7,609.5,939.7
-227.0,590.5,990.5
-223.8,636.5,1011.1
-244.4,685.7,984.1
-174.6,709.5,919.0
-46.0,631.7,917.5
54.0,558.7,866.7
104.8,509.5,844.4
155.6,479.4,768.3
207.9,407.9,769.8
238.1,384.1,771.4
181.0,436.5,809.5
73.0,511.1,895.2
 0.0,534.9,939.7
52.4,490.5,936.5
177.8,357.1,814.3
303.2,273.0,861.9
309.5,200.0,834.9
309.5,176.2,784.1
307.9,127.0,736.5
281.0,257.1,787.3
125.4,204.8,869.8
55.6,252.4,966.7
 7.9,236.5,1017.5
82.5,150.8,1014.3
254.0,49.2,915.9
276.2,-100.0,895.2
336.5,-169.8,895.2
457.1,-220.6,914.3
301.6,-230.2,966.7
-,-,-
-27.0,450.8,965.1
-27.0,490.5,947.6
 0.0,563.5,941.3
55.6,534.9,896.8
127.0,479.4,844.4
181.0,407.9,784.1
184.1,354.0,707.9
179.4,350.8,668.3
152.4,361.9,685.7
96.8,403.2,712.7
101.6,431.7,790.5
174.6,407.9,868.3
287.3,309.5,919.0
407.9,209.5,944.4
531.7,107.9,987.3
566.7,28.6,992.1
579.4,-20.6,1020.6
531.7,-79.4,1093.7
506.3,-128.6,1174.6
455.6,-171.4,1203.2
311.1,-127.0,1238.1
252.4,-174.6,1217.5
261.9,-231.7,1249.2
255.6,-331.7,1266.7
260.3,-401.6,1325.4
300.0,-477.8,1350.8
307.9,-558.7,1395.2
307.9,-652.4,1428.6
288.9,-707.9,1368.3
201.6,-754.0,1220.6
106.3,-741.3,1017.5
22.2,-734.9,890.5
-96.8,-688.9,844.4
-198.4,-630.2,869.8
-231.7,-581.0,915.9
-247.6,-582.5,961.9
-333.3,-528.6,985.7
-485.7,-433.3,947.6
-582.5,-350.8,915.9
-585.7,-307.9,769.8
-560.3,-274.6,641.3
-552.4,-230.2,590.5
-484.1,-181.0,555.6
-433.3,-130.2,579.4
-382.5,-74.6,736.5
-452.4, 1.6,892.1
-511.1,103.2,987.3
-577.8,174.6,1014.3
-639.7,254.0,1203.2
-665.1,279.4,1046.0
-606.3,236.5,969.8
-563.5,230.2,861.9
-536.5,231.7,763.5
-527.0,231.7,711.1
-455.6,257.1,758.7
-336.5,279.4,944.4
-384.1,306.3,1047.6
-457.1,960.3,1100.0
-481.0,382.5,1068.3
-479.4,379.4,968.3
-398.4,361.9,868.3
-382.5,763.5,785.7
-373.0,455.6,761.9
-347.6,460.3,792.1
-382.5,554.0,934.9
-354.0,639.7,1042.9
-279.4,658.7,1092.1
-198.4,606.3,1047.6
-98.4,582.5,971.4
-73.0,565.1,895.2
-68.3,606.3,865.1
-120.6,612.7,838.1
-123.8,641.3,834.9
-23.8,636.5,847.6
46.0,588.9,860.3
131.7,503.2,873.0
204.8,461.9,812.7
 4.8,403.2,711.1
212.7,385.7,615.9
134.9,427.0,590.5
-54.0,588.9,811.1
-46.0,614.3,961.9
177.8,477.8,968.3
387.3,303.2,915.9
506.3,201.6,866.7
479.4,134.9,868.3
412.7,130.2,838.1
336.5,157.1,820.6
257.1,184.1,865.1
184.1,184.1,938.1
157.1,182.5,1061.9
201.6,101.6,1176.2
385.7,-25.4,1188.9
487.3,-177.8,1088.9
482.5,-303.2,1020.6
430.2,-325.4,992.1
331.7,-322.2,969.8
-,-,-
 9.5,357.1,846.0
50.8,404.8,865.1
23.8,458.7,868.3
-74.6,506.3,863.5
-117.5,565.1,865.1
-50.8,560.3,842.9
123.8,533.3,817.5
203.2,463.5,844.4
236.5,438.1,896.8
257.1,455.6,885.7
207.9,428.6,834.9
236.5,390.5,807.9
276.2,352.4,814.3
300.0,281.0,858.7
365.1,227.0,887.3
438.1,149.2,933.3
512.7,100.0,1044.4
555.6,77.8,1152.4
531.7,49.2,1198.4
463.5,22.2,1217.5
428.6,-3.2,1165.1
407.9,-76.2,1096.8
350.8,-122.2,1092.1
336.5,-207.9,1100.0
452.4,-327.0,1144.4
490.5,-376.2,1215.9
482.5,-433.3,1241.3
436.5,-482.5,1244.4
412.7,-557.1,1165.1
311.1,-658.7,1017.5
182.5,-687.3,965.1
-28.6,-677.8,946.0
-195.2,-679.4,1049.2
-247.6,-704.8,1120.6
-227.0,-760.3,1093.7
-171.4,-790.5,1125.4
-131.7,-828.6,1163.5
-81.0,-807.9,1152.4
-128.6,-731.7,1142.9
-346.0,-628.6,1100.0
-500.0,-506.3,1085.7
-609.5,-434.9,1063.5
-579.4,-382.5,1071.4
-422.2,-400.0,990.5
-349.2,-327.0,868.3
-350.8,-155.6,733.3
-357.1,-579.4,666.7
-433.3,-76.2,666.7
-552.4,82.5,739.7
-677.8,158.7,714.3
-765.1,300.0,688.9
-838.1,403.2,682.5
-630.2,330.2,709.5
-474.6,260.3,744.4
-452.4,204.8,746.0
-531.7,249.2,760.3
-304.8,277.8,784.1
-606.3,309.5,807.9
-741.3,412.7,844.4
-885.7,604.8,871.4
-884.1,709.5,847.6
-655.6,636.5,820.6
-434.9,554.0,812.7
-296.8,528.6,863.5
-225.4,538.1,909.5
-147.6,592.1,992.1
-96.8,638.1,1066.7
-98.4,690.5,1011.1
-128.6,757.1,934.9
-154.0,817.5,839.7
-169.8,869.8,758.7
-96.8,846.0,614.3
77.8,785.7,744.4
277.8,719.0,936.5
414.3,660.3,996.8
482.5,565.1,973.0
487.3,477.8,895.2
506.3,454.0,785.7
330.2,484.1,788.9
47.6,631.7,812.7
-95.2,709.5,819.0
-17.5,657.1,811.1
133.3,561.9,861.9
230.2,492.1,1065.1
363.5,406.3,1173.0
430.2,307.9,1117.5
439.7,223.8,1049.2
430.2,134.9,961.9
404.8,82.5,841.3
328.6,22.2,787.3
227.0,34.9,771.4
103.2,100.0,842.9
103.2,107.9,995.2
109.5,49.2,1123.8
201.6,-52.4,1192.1
285.7,-196.8,1150.8
355.6,-309.5,1071.4
-,-,-
 0.0,433.3,896.8
-23.8,485.7,936.5
-22.2,588.9,963.5
-46.0,606.3,923.8
 0.0,633.3,914.3
47.6,590.5,860.3
106.3,557.1,811.1
152.4,514.3,784.1
198.4,506.3,790.5
250.8,430.2,787.3
303.2,361.9,819.0
403.2,281.0,871.4
481.0,206.3,941.3
512.7,134.9,966.7
593.7,76.2,949.2
633.3, 3.2,947.6
663.5,-31.7,971.4
639.7,-104.8,949.2
636.5,-106.3,1036.5
582.5,-150.8,1090.5
488.9,-103.2,1165.1
439.7,-247.6,1220.6
531.7,-323.8,1171.4
512.7,-436.5,1046.0
457.1,-538.1,973.0
409.5,-585.7,938.1
377.8,-634.9,920.6
309.5,-714.3,911.1
207.9,-636.5,912.7
82.5,-812.7,912.7
-1.6,-842.9,893.7
-28.6,-909.5,915.9
-181.0,-888.9,938.1
-257.1,-834.9,946.0
-300.0,-779.4,961.9
-400.0,-731.7,973.0
-398.4,-755.6,968.3
-325.4,-761.9,963.5
-333.3,-709.5,992.1
-328.6,-638.1,987.3
-433.3,-555.6,971.4
-349.2,-479.4,988.9
-352.4,-404.8,958.7
-374.6,-301.6,941.3
-458.7,-196.8,919.0
-460.3,-119.0,893.7
-711.1,-25.4,933.3
-323.8,28.6,1019.0
-249.2,52.4,1069.8
-246.0,100.0,1098.4
-357.1,230.2,1114.3
-527.0,312.7,1020.6
-539.7,458.7,993.7
-579.4,273.0,912.7
-487.3,412.7,914.3
-484.1,350.8,819.0
-484.1,561.9,888.9
-355.6,488.9,869.8
-276.2,458.7,911.1
-206.3,455.6,885.7
-406.3,606.3,938.1
-612.7,782.5,971.4
-661.9,890.5,911.1
-587.3,861.9,885.7
-360.3,792.1,865.1
-103.2,684.1,863.5
84.1,607.9,885.7
154.0,541.3,838.1
203.2,479.4,807.9
327.0,411.1,734.9
252.4,484.1,666.7
 4.8,617.5,641.3
-203.2,839.7,784.1
-373.0,971.4,920.6
-222.2,892.1,963.5
100.0,715.9,769.8
404.8,511.1,765.1
506.3,363.5,795.2
481.0,325.4,838.1
403.2,325.4,847.6
357.1,309.5,861.9
354.0,338.1,868.3
201.6,409.5,944.4
50.8,433.3,1014.3
 0.0,388.9,1065.1
73.0,327.0,969.8
228.6,200.0,811.1
331.7,76.2,719.0
334.9,27.0,758.7
301.6, 4.8,811.1
276.2,-71.4,892.1
207.9,-122.2,919.0
300.0,-171.4,965.1
282.5,-247.6,1044.4
285.7,-306.3,1096.8
-,-,-
79.4,439.7,866.7
123.8,460.3,919.0
100.0,504.8,919.0
147.6,492.1,960.3
181.0,503.2,911.1
252.4,463.5,885.7
314.3,403.2,857.1
407.9,338.1,736.5
488.9,261.9,896.8
566.7,198.4,911.1
590.5,133.3,865.1
614.3,85.7,896.8
609.5,46.0,942.9
617.5,25.4,585.7
734.9,-20.6,1117.5
817.5,-130.2,1195.2
768.3,-247.6,1220.6
741.3,-276.2,809.5
666.7,-333.3,1198.4
665.1,-450.8,1165.1
542.9,-557.1,1098.4
428.6,-588.9,1039.7
154.0,-536.5,1088.9
-222.2,-582.5,1112.7
-250.8,-638.1,1092.1
-360.3,-692.1,1042.9
-458.7,-717.5,988.9
-434.9,-739.7,973.0
-504.8,-711.1,1012.7
-585.7,-655.6,1063.5
-681.0,-560.3,1163.5
-709.5,-550.8,1203.2
-703.2,-579.4,1166.7
-677.8,-565.1,1022.2
-612.7,-534.9,987.3
-552.4,-479.4,917.5
-452.4,-430.2,731.7
-358.7,-398.4,639.7
-325.4,-330.2,409.5
-434.9,-204.8,636.5
-473.0,-100.0,682.5
-476.2,-22.2,717.5
-455.6,98.4,730.2
-482.5,173.0,785.7
-501.6,250.8,863.5
-534.9,301.6,885.7
-434.9,381.0,836.5
-304.8,336.5,766.7
-303.2,377.8,742.9
-403.2,463.5,812.7
-557.1,568.3,944.4
-634.9,661.9,1066.7
-614.3,682.5,1139.7
-514.3,615.9,1142.9
-381.0,541.3,1100.0
-325.4,531.7,1015.9
-195.2,511.1,966.7
-147.6,533.3,993.7
-250.8,642.9,1047.6
-422.2,788.9,1023.8
-450.8,834.9,1034.9
-352.4,795.2,1038.1
-157.1,706.3,1017.5
22.2,604.8,938.1
134.9,487.3,861.9
258.7,382.5,814.3
314.3,330.2,795.2
281.0,357.1,736.5
103.2,484.1,766.7
-198.4,693.7,769.8
-255.6,738.1,815.9
-49.2,614.3,896.8
252.4,438.1,969.8
438.1,281.0,966.7
566.7,181.0,936.5
555.6,104.8,865.1
560.3,58.7,819.0
484.1,96.8,744.4
287.3,157.1,742.9
73.0,247.6,809.5
-28.6,287.3,949.2
-71.4,257.1,1011.1
71.4,128.6,974.6
277.8,-25.4,915.9
427.0,-177.8,866.7
507.9,-296.8,860.3
465.1,-333.3,865.1
307.9,-330.2,914.3
-,-,-
-52.4,514.3,995.2
 1.6,539.7,1011.1
23.8,557.1,987.3
81.0,531.7,939.7
81.0,531.7,917.5
177.8,528.6,934.9
277.8,436.5,895.2
377.8,377.8,915.9
463.5,304.8,892.1
485.7,209.5,892.1
533.3,174.6,869.8
488.9,100.0,858.7
531.7,28.6,815.9
579.4,-23.8,860.3
585.7,-52.4,895.2
581.0,-52.4,963.5
561.9,-69.8,1066.7
557.1,-68.3,1074.6
584.1,-131.7,992.1
614.3,-249.2,1125.4
560.3,-385.7,1115.9
530.2,-560.3,1119.0
414.3,-677.8,1247.6
403.2,-768.3,1241.3
434.9,-830.2,1252.4
361.9,-838.1,1295.2
204.8,-788.9,1573.0
-1.6,-733.3,1144.4
-200.0,-761.9,1069.8
-309.5,-785.7,1047.6
-403.2,-765.1,1066.7
-455.6,-739.7,1096.8
-504.8,-706.3,1142.9
-552.4,-628.6,1198.4
-587.3,-554.0,1147.6
-704.8,-433.3,1042.9
-765.1,-325.4,917.5
-739.7,-204.8,806.3
-682.5,-106.3,714.3
-579.4,-46.0,684.1
-500.0,34.9,706.3
-549.2,179.4,787.3
-728.6,306.3,771.4
-765.1,427.0,734.9
-734.9,465.1,717.5
-682.5,487.3,784.1
-677.8,482.5,784.1
-636.5,485.7,785.7
-679.4,504.8,766.7
-684.1,541.3,782.5
-607.9,636.5,806.3
-460.3,644.4,844.4
-427.0,633.3,969.8
-454.0,687.3,1042.9
-430.2,734.9,992.1
-333.3,736.5,947.6
-334.9,739.7,922.2
-271.4,785.7,965.1
-196.8,782.5,949.2
-76.2,734.9,992.1
47.6,682.5,985.7
128.6,631.7,942.9
177.8,611.1,934.9
177.8,617.5,885.7
211.1,612.7,885.7
285.7,590.5,936.5
284.1,563.5,912.7
328.6,507.9,860.3
304.8,481.0,768.3
211.1,527.0,784.1
77.8,563.5,844.4
34.9,558.7,860.3
149.2,485.7,846.0
255.6,415.9,839.7
282.5,352.4,946.0
331.7,260.3,1020.6
336.5,198.4,1023.8
306.3,104.8,961.9
311.1,-4.8,888.9
309.5,-54.0,865.1
250.8,-77.8,839.7
157.1,-42.9,896.8
22.2, 0.0,966.7
-104.8,30.2,1019.0
-93.7,-19.0,1012.7
84.1,-131.7,998.4
261.9,-295.2,1011.1
388.9,-452.4,996.8
403.2,-479.4,1011.1
333.3,-447.6,1023.8
-,-,-
-93.7,557.1,871.4
-1.6,385.7,944.4
54.0,557.1,884.1
109.5,477.8,820.6
234.9,387.3,892.1
327.0,363.5,766.7
415.9,209.5,738.1
477.8,123.8,739.7
487.3,100.0,865.1
528.6,76.2,936.5
534.9,73.0,1019.0
457.1,77.8,1068.3
434.9,57.1,1117.5
425.4, 4.8,1100.0
409.5,-28.6,1117.5
427.0,-81.0,1114.3
414.3,-125.4,1152.4
407.9,-177.8,1174.6
404.8,-231.7,1249.2
354.0,-296.8,1193.7
287.3,-355.6,1111.1
179.4,-381.0,1061.9
77.8,-406.3,1065.1
-69.8,-425.4,1120.6
-93.7,-577.8,1241.3
-73.0,-709.5,1268.3
-92.1,-788.9,1323.8
-154.0,-931.7,1300.0
-96.8,-863.5,1274.6
20.6,-939.7,1242.9
79.4,-961.9,1139.7
22.2,-887.3,996.8
-100.0,-811.1,965.1
-227.0,-709.5,887.3
-301.6,-561.9,911.1
-350.8,-460.3,961.9
-381.0,-333.3,992.1
-436.5,-227.0,939.7
-454.0,-128.6,887.3
-511.1,-93.7,834.9
-534.9,30.2,834.9
-633.3,155.6,792.1
-628.6,284.1,788.9
-682.5,352.4,795.2
-734.9,438.1,811.1
-707.9,460.3,792.1
-628.6,465.1,795.2
-604.8,454.0,785.7
-636.5,477.8,731.7
-639.7,534.9,760.3
-630.2,588.9,865.1
-654.0,631.7,938.1
-577.8,636.5,987.3
-458.7,633.3,1014.3
-434.9,615.9,996.8
-422.2,619.0,942.9
-458.7,692.1,895.2
-504.8,734.9,871.4
-431.7,736.5,885.7
-325.4,709.5,836.5
-198.4,681.0,842.9
-103.2,611.1,834.9
122.2,560.3,893.7
204.8,504.8,895.2
238.1,507.9,815.9
211.1,514.3,765.1
176.2,614.3,890.5
22.2,692.1,990.5
177.8,606.3,911.1
384.1,477.8,860.3
566.7,350.8,892.1
582.5,252.4,896.8
512.7,238.1,846.0
430.2,250.8,842.9
431.7,255.6,914.3
457.1,176.2,965.1
476.2,104.8,973.0
358.7,81.0,961.9
349.2,81.0,966.7
350.8, 7.9,884.1
377.8,-49.2,842.9
361.9,-104.8,890.5
334.9,-150.8,963.5
285.7,-150.8,1047.6
250.8,-131.7,1117.5
250.8,-173.0,1150.8
276.2,-201.6,1168.3
257.1,-250.8,1071.4
-,-,-
274.6,361.9,885.7
404.8,276.2,868.3
463.5,198.4,807.9
565.1,133.3,788.9
560.3,96.8,833.3
557.1,77.8,920.6
503.2,46.0,995.2
590.5,-42.9,1138.1
657.1,-122.2,1244.4
758.7,-228.6,1303.2
681.0,-320.6,1201.6
617.5,-373.0,1147.6
538.1,-428.6,1147.6
434.9,-430.2,1196.8
284.1,-461.9,1242.9
231.7,-534.9,1250.8
227.0,-684.1,1163.5
257.1,-807.9,1087.3
123.8,-866.7,919.0
-46.0,-831.7,860.3
-300.0,-755.6,833.3
-403.2,-730.2,839.7
-431.7,-701.6,814.3
-433.3,-660.3,885.7
-476.2,-606.3,985.7
-457.1,-527.0,1066.7
-503.2,-473.0,1100.0
-563.5,-355.6,1098.4
-711.1,-254.0,1049.2
-711.1,-146.0,922.2
-658.7,-100.0,858.7
-612.7,-23.8,887.3
-685.7,54.0,936.5
-660.3,130.2,998.4
-606.3,155.6,969.8
-585.7,211.1,915.9
-681.0,284.1,766.7
-561.9,330.2,712.7
-501.6,333.3,788.9
-425.4,358.7,893.7
-428.6,438.1,971.4
-452.4,541.3,1017.5
-506.3,614.3,1033.3
-577.8,690.5,987.3
-606.3,706.3,917.5
-482.5,707.9,911.1
-354.0,668.3,911.1
-257.1,636.5,890.5
-233.3,658.7,869.8
-269.8,720.6,934.9
-252.4,738.1,939.7
-206.3,738.1,920.6
-155.6,733.3,915.9
-20.6,685.7,842.9
109.5,606.3,792.1
252.4,528.6,788.9
274.6,461.9,782.5
325.4,454.0,787.3
282.5,465.1,763.5
73.0,630.2,760.3
-142.9,758.7,807.9
-20.6,739.7,834.9
231.7,536.5,838.1
482.5,384.1,888.9
566.7,252.4,920.6
554.0,185.7,968.3
530.2,157.1,961.9
509.5,154.0,919.0
400.0,182.5,869.8
204.8,279.4,938.1
76.2,301.6,895.2
81.0,258.7,814.3
152.4,149.2,763.5
227.0,71.4,858.7
250.8,-1.6,944.4
284.1,-50.8,1041.3
312.7,-130.2,1039.7
311.1,-179.4,1038.1
303.2,-247.6,987.3
285.7,-322.2,946.0
236.5,-427.0,912.7
247.6,-477.8,893.7
222.2,-485.7,912.7
-,-,-
276.2,274.6,961.9
314.3,285.7,947.6
354.0,354.0,968.3
407.9,306.3,987.3
409.5,198.4,1012.7
404.8,201.6,1046.0
382.5,74.6,1038.1
441.3, 6.3,1011.1
485.7,-123.8,946.0
455.6,-223.8,911.1
615.9,-350.8,869.8
614.3,-404.8,871.4
512.7,-460.3,887.3
411.1,-458.7,911.1
255.6,-482.5,944.4
150.8,-511.1,992.1
82.5,-555.6,934.9
 3.2,-654.0,912.7
82.5,-707.9,923.8
-3.2,-684.1,919.0
-198.4,-658.7,846.0
-330.2,-652.4,965.1
-514.3,-652.4,1069.8
-607.9,-663.5,1141.3
-603.2,-679.4,1169.8
-561.9,-682.5,1165.1
-552.4,-641.3,1171.4
-487.3,-606.3,1190.5
-425.4,-558.7,1127.0
-460.3,-423.8,1012.7
-506.3,-301.6,892.1
-525.4,-174.6,834.9
-479.4,-92.1,785.7
-434.9, 0.0,807.9
-447.6,81.0,817.5
-422.2,149.2,869.8
-474.6,200.0,912.7
-528.6,355.6,919.0
-609.5,463.5,822.2
-588.9,582.5,712.7
-484.1,509.5,609.5
-457.1,463.5,630.2
-557.1,511.1,607.9
-584.1,582.5,631.7
-482.5,634.9,744.4
-455.6,660.3,842.9
-534.9,760.3,914.3
-690.5,942.9,892.1
-842.9,1071.4,820.6
-663.5,1063.5,787.3
-398.4,922.2,820.6
-169.8,817.5,865.1
-74.6,758.7,936.5
-98.4,758.7,841.3
-81.0,734.9,833.3
-57.1,739.7,811.1
-228.6,834.9,811.1
-198.4,846.0,836.5
-20.6,769.8,836.5
182.5,661.9,833.3
301.6,533.3,814.3
350.8,439.7,819.0
277.8,454.0,861.9
206.3,415.9,834.9
230.2,381.0,785.7
230.2,357.1,822.2
100.0,414.3,896.8
74.6,458.7,914.3
52.4,430.2,842.9
107.9,403.2,834.9
200.0,331.7,817.5
257.1,260.3,919.0
249.2,155.6,992.1
279.4,96.8,992.1
376.2, 3.2,942.9
385.7,-52.4,912.7
284.1,-28.6,917.5
179.4,-20.6,871.4
125.4,-25.4,815.9
149.2,-73.0,807.9
134.9,-123.8,841.3
161.9,-174.6,968.3
250.8,-230.2,1073.0
336.5,-325.4,1119.0
428.6,-423.8,1073.0
382.5,-431.7,966.7
-,-,-
384.1,281.0,1073.0
406.3,254.0,1069.8
438.1,231.7,1063.5
430.2,179.4,1061.9
403.2,127.0,1068.3
358.7,79.4,1049.2
333.3,30.2,1012.7
257.1, 4.8,939.7
174.6,-27.0,890.5
77.8,-52.4,836.5
30.2,-74.6,882.5
50.8,-144.4,939.7
57.1,-227.0,992.1
128.6,-333.3,998.4
225.4,-460.3,1012.7
249.2,-533.3,988.9
204.8,-536.5,990.5
101.6,-533.3,1015.9
-79.4,-531.7,966.7
-220.6,-511.1,968.3
-301.6,-538.1,1015.9
-303.2,-607.9,1015.9
-255.6,-682.5,1015.9
-155.6,-757.1,1038.1
-127.0,-807.9,1093.7
-77.8,-831.7,1176.2
-128.6,-781.0,1177.8
-227.0,-730.2,1119.0
-322.2,-630.2,1012.7
-382.5,-550.8,893.7
-528.6,-452.4,788.9
-577.8,-358.7,733.3
-579.4,-300.0,709.5
-531.7,-230.2,685.7
-422.2,-181.0,714.3
-309.5,-130.2,790.5
-376.2,-17.5,920.6
-531.7,150.8,969.8
-711.1,276.2,920.6
-857.1,388.9,831.7
-838.1,457.1,695.2
-666.7,460.3,639.7
-357.1,331.7,760.3
-130.2,204.8,838.1
-201.6,287.3,911.1
-484.1,436.5,896.8
-687.3,606.3,911.1
-761.9,733.3,942.9
-761.9,760.3,961.9
-612.7,757.1,949.2
-407.9,692.1,934.9
-196.8,611.1,1095.2
-125.4,585.7,1225.4
-69.8,604.8,1203.2
-144.4,657.1,1149.2
-223.8,707.9,987.3
-328.6,760.3,939.7
-403.2,795.2,939.7
-382.5,842.9,865.1
-231.7,788.9,838.1
73.0,619.0,833.3
306.3,457.1,895.2
358.7,387.3,936.5
284.1,411.1,873.0
134.9,460.3,812.7
57.1,488.9,741.3
81.0,461.9,741.3
27.0,503.2,836.5
-77.8,557.1,882.5
52.4,487.3,842.9
207.9,357.1,784.1
323.8,277.8,860.3
328.6,247.6,885.7
250.8,234.9,860.3
174.6,255.6,860.3
82.5,288.9,863.5
84.1,281.0,939.7
131.7,228.6,1023.8
174.6,130.2,1049.2
252.4,47.6,984.1
327.0,-74.6,885.7
377.8,-155.6,836.5
274.6,-177.8,817.5
128.6,-96.8,888.9
-,-,-
46.0,504.8,892.1
31.7,514.3,914.3
123.8,534.9,963.5
154.0,484.1,896.8
185.7,477.8,909.5
254.0,436.5,895.2
303.2,403.2,861.9
312.7,336.5,884.1
403.2,301.6,938.1
485.7,231.7,960.3
588.9,134.9,995.2
655.6,50.8,1023.8
684.1,-17.5,1063.5
658.7,-54.0,1068.3
661.9,-130.2,1139.7
641.3,-223.8,1193.7
565.1,-327.0,1165.1
454.0,-525.4,1049.2
428.6,-730.2,944.4
414.3,-868.3,912.7
349.2,-958.7,919.0
358.7,-1009.5,1014.3
330.2,-995.2,1063.5
231.7,-1034.9,1039.7
100.0,-1036.5,990.5
-130.2,-1006.3,890.5
-422.2,-968.3,792.1
-579.4,-917.5,719.0
-612.7,-860.3,717.5
-611.1,-765.1,811.1
-579.4,-650.8,912.7
-528.6,-554.0,1022.2
-422.2,-458.7,1139.7
-374.6,-385.7,1149.2
-401.6,-296.8,1117.5
-511.1,-173.0,995.2
-609.5,-22.2,890.5
-661.9,101.6,812.7
-627.0,147.6,836.5
-430.2,149.2,887.3
-247.6,82.5,1036.5
-249.2,130.2,1073.0
-379.4,236.5,993.7
-552.4,379.4,944.4
-612.7,465.1,922.2
-677.8,533.3,936.5
-654.0,555.6,969.8
-552.4,536.5,942.9
-333.3,485.7,1022.2
-154.0,461.9,1095.2
-119.0,411.1,1098.4
-71.4,460.3,1071.4
-223.8,582.5,995.2
-404.8,738.1,987.3
-425.4,842.9,969.8
-382.5,868.3,968.3
-219.0,784.1,936.5
-3.2,655.6,860.3
158.7,560.3,842.9
200.0,509.5,860.3
149.2,530.2,758.7
131.7,552.4,742.9
98.4,561.9,739.7
52.4,577.8,707.9
49.2,587.3,742.9
47.6,592.1,834.9
154.0,541.3,822.2
277.8,427.0,865.1
400.0,330.2,911.1
428.6,261.9,944.4
428.6,225.4,985.7
431.7,176.2,947.6
350.8,157.1,911.1
201.6,184.1,911.1
133.3,206.3,939.7
134.9,200.0,958.7
225.4,101.6,969.8
304.8, 6.3,1012.7
384.1,-69.8,1063.5
384.1,-98.4,1093.7
409.5,-155.6,1092.1
377.8,-184.1,1042.9
285.7,-171.4,1023.8
181.0,-168.3,985.7
131.7,-198.4,885.7
101.6,-301.6,790.5
-,-,-
174.6,338.1,861.9
179.4,381.0,919.0
181.0,477.8,1022.2
147.6,511.1,1047.6
176.2,539.7,1047.6
177.8,504.8,947.6
207.9,460.3,884.1
231.7,404.8,793.7
285.7,334.9,733.3
331.7,255.6,695.2
412.7,203.2,704.8
458.7,152.4,769.8
528.6,106.3,863.5
563.5,71.4,961.9
639.7,-15.9,1061.9
631.7,-101.6,1098.4
633.3,-171.4,1139.7
609.5,-249.2,1096.8
579.4,-306.3,1087.3
488.9,-374.6,1098.4
403.2,-422.2,1166.7
390.5,-498.4,1168.3
314.3,-550.8,1100.0
150.8,-628.6,1042.9
82.5,-663.5,1087.3
50.8,-752.4,1120.6
49.2,-809.5,1176.2
76.2,-858.7,1222.2
74.6,-906.3,1198.4
 6.3,-909.5,1117.5
-101.6,-831.7,1044.4
-360.3,-758.7,911.1
-485.7,-727.0,793.7
-534.9,-730.2,707.9
-454.0,-707.9,734.9
-401.6,-688.9,887.3
-350.8,-655.6,961.9
-306.3,-577.8,971.4
-307.9,-458.7,966.7
-403.2,-322.2,892.1
-527.0,-158.7,838.1
-604.8,-22.2,746.0
-552.4,73.0,714.3
-485.7,123.8,809.5
-406.3,150.8,909.5
-422.2,231.7,992.1
-531.7,303.2,1020.6
-679.4,355.6,1012.7
-652.4,404.8,996.8
-587.3,377.8,888.9
-507.9,325.4,839.7
-455.6,306.3,788.9
-401.6,328.6,796.8
-307.9,331.7,841.3
-298.4,331.7,885.7
-403.2,382.5,895.2
-479.4,477.8,942.9
-512.7,506.3,941.3
-454.0,506.3,915.9
-328.6,477.8,817.5
-174.6,430.2,844.4
-54.0,411.1,890.5
 7.9,431.7,963.5
23.8,460.3,968.3
-3.2,511.1,993.7
-74.6,565.1,971.4
-104.8,617.5,942.9
-104.8,663.5,888.9
-42.9,634.9,888.9
123.8,563.5,860.3
303.2,434.9,1300.0
407.9,331.7,938.1
458.7,254.0,963.5
458.7,204.8,863.5
487.3,204.8,915.9
404.8,207.9,863.5
277.8,288.9,914.3
154.0,330.2,1011.1
184.1,323.8,966.7
284.1,185.7,993.7
365.1,150.8,1034.9
379.4,55.6,1049.2
354.0, 0.0,993.7
387.3,-52.4,944.4
354.0,-77.8,887.3
260.3,-104.8,839.7
209.5,-128.6,884.1
147.6,-179.4,842.9
181.0,-171.4,944.4
173.0,-225.4,1042.9
106.3,-223.8,1114.3
382.5,-300.0,1063.5
385.7,-398.4,966.7
361.9,-450.8,936.5
-,-,-
233.3,334.9,1065.1
228.6,365.1,1061.9
181.0,433.3,1038.1
149.2,434.9,985.7
177.8,406.3,992.1
276.2,354.0,968.3
384.1,255.6,939.7
479.4,150.8,911.1
541.3,82.5,890.5
557.1,33.3,884.1
554.0,-25.4,912.7
555.6,-46.0,996.8
509.5,-66.7,1044.4
481.0,-106.3,1041.3
412.7,-176.2,965.1
430.2,-249.2,944.4
457.1,-303.2,996.8
428.6,-373.0,1036.5
355.6,-477.8,1061.9
274.6,-606.3,1100.0
230.2,-765.1,1114.3
227.0,-909.5,1090.5
123.8,-938.1,1022.2
 6.3,-909.5,963.5
-96.8,-831.7,960.3
-181.0,-765.1,968.3
-254.0,-730.2,990.5
-323.8,-704.8,971.4
-404.8,-654.0,911.1
-501.6,-603.2,814.3
-527.0,-560.3,733.3
-627.0,-482.5,687.3
-687.3,-401.6,641.3
-711.1,-347.6,568.3
-633.3,-303.2,539.7
-523.8,-255.6,539.7
-485.7,-174.6,636.5
-503.2,-76.2,665.1
-557.1,52.4,692.1
-639.7,227.0,790.5
-714.3,360.3,834.9
-709.5,458.7,884.1
-652.4,512.7,944.4
-452.4,461.9,1012.7
-358.7,387.3,1017.5
-398.4,407.9,1019.0
-457.1,463.5,1014.3
-504.8,514.3,1017.5
-612.7,585.7,1061.9
-701.6,642.9,1087.3
-657.1,657.1,836.5
-512.7,682.5,1114.3
-273.0,585.7,1171.4
-152.4,465.1,1147.6
-101.6,454.0,1098.4
-103.2,460.3,1065.1
-125.4,511.1,1041.3
-77.8,515.9,990.5
-47.6,536.5,1015.9
-69.8,566.7,1325.4
-77.8,607.9,963.5
23.8,485.7,919.0
150.8,463.5,892.1
209.5,407.9,869.8
223.8,387.3,863.5
184.1,430.2,866.7
228.6,436.5,920.6
209.5,438.1,936.5
230.2,411.1,892.1
179.4,430.2,915.9
150.8,252.4,842.9
157.1,328.6,815.9
203.2,276.2,817.5
258.7,211.1,834.9
276.2,158.7,911.1
231.7,150.8,971.4
281.0,101.6,1011.1
327.0,50.8,961.9
284.1,-25.4,915.9
255.6,-71.4,844.4
200.0,-120.6,836.5
176.2,-155.6,866.7
179.4,-195.2,938.1
-,-,-
57.1,479.4,947.6
27.0,509.5,984.1
54.0,530.2,971.4
103.2,477.8,920.6
157.1,460.3,896.8
176.2,403.2,866.7
250.8,404.8,834.9
249.2,357.1,871.4
301.6,357.1,912.7
330.2,301.6,868.3
361.9,234.9,896.8
412.7,200.0,923.8
403.2,177.8,938.1
403.2,131.7,939.7
379.4,123.8,896.8
409.5,-3.2,809.5
484.1,-120.6,814.3
584.1,-222.2,941.3
638.1,-304.8,1046.0
634.9,-425.4,1090.5
581.0,-476.2,1120.6
452.4,-501.6,1088.9
382.5,-554.0,1038.1
327.0,-574.6,946.0
284.1,-611.1,966.7
288.9,-650.8,1041.3
300.0,-684.1,1127.0
249.2,-730.2,1201.6
198.4,-782.5,1177.8
130.2,-812.7,1120.6
47.6,-817.5,1063.5
 0.0,-831.7,1085.7
-77.8,-782.5,1144.4
-200.0,-738.1,1171.4
-250.8,-711.1,1247.6
-274.6,-733.3,1268.3
-300.0,-712.7,1276.2
-300.0,-709.5,1166.7
-273.0,-692.1,963.5
-255.6,-658.7,758.7
-227.0,-563.5,682.5
-249.2,-457.1,630.2
-301.6,-331.7,668.3
-354.0,-200.0,787.3
-374.6,-71.4,846.0
-373.0, 0.0,893.7
-334.9,76.2,946.0
-350.8,133.3,863.5
-328.6,127.0,841.3
-404.8,204.8,814.3
-463.5,312.7,838.1
-533.3,415.9,949.2
-533.3,461.9,1046.0
-558.7,509.5,1041.3
-550.8,538.1,1073.0
-428.6,506.3,1039.7
-333.3,438.1,995.2
-325.4,454.0,1044.4
-430.2,606.3,1068.3
-590.5,712.7,1019.0
-576.2,834.9,1096.8
-534.9,541.3,1119.0
-381.0,784.1,1039.7
-182.5,692.1,963.5
-17.5,615.9,957.1
71.4,655.6,915.9
158.7,530.2,868.3
76.2,504.8,787.3
79.4,512.7,758.7
 1.6,615.9,838.1
-123.8,712.7,865.1
-20.6,661.9,834.9
184.1,533.3,869.8
333.3,414.3,888.9
385.7,338.1,896.8
334.9,276.2,865.1
309.5,225.4,833.3
334.9,184.1,807.9
277.8,225.4,833.3
74.6,331.7,920.6
23.8,325.4,944.4
154.0,203.2,969.8
301.6,73.0,990.5
360.3,-28.6,990.5
350.8,-92.1,938.1
306.3,-119.0,966.7
252.4,-98.4,1007.9
198.4,-120.6,993.7
157.1,-123.8,1012.7
131.7,-144.4,1049.2
177.8,-171.4,1046.0
211.1,-250.8,947.6
-,-,-
 6.3,466.7,971.4
81.0,479.4,987.3
174.6,465.1,987.3
184.1,454.0,947.6
158.7,481.0,912.7
152.4,490.5,860.3
123.8,514.3,809.5
125.4,488.9,793.7
206.3,463.5,814.3
285.7,412.7,866.7
415.9,355.6,966.7
557.1,258.7,1117.5
704.8,106.3,1225.4
787.3,-69.8,1246.0
763.5,-173.0,1228.6
707.9,-255.6,1177.8
609.5,-311.1,1088.9
465.1,-347.6,1098.4
382.5,-376.2,1088.9
309.5,-403.2,1112.7
285.7,-484.1,1163.5
331.7,-604.8,1171.4
354.0,-758.7,1117.5
301.6,-858.7,1168.3
133.3,-842.9,1044.4
-73.0,-834.9,919.0
-225.4,-781.0,866.7
-282.5,-739.7,917.5
-331.7,-711.1,915.9
-379.4,-703.2,893.7
-423.8,-690.5,914.3
-479.4,-765.1,885.7
-563.5,-736.5,890.5
-712.7,-682.5,944.4
-731.7,-654.0,942.9
-681.0,-604.8,863.5
-577.8,-527.0,788.9
-423.8,-431.7,841.3
-323.8,-323.8,961.9
-306.3,-179.4,1139.7
-479.4,-73.0,1174.6
-655.6,54.0,1093.7
-690.5,96.8,938.1
-601.6,157.1,841.3
-404.8,128.6,841.3
-279.4,176.2,836.5
-203.2,225.4,890.5
-177.8,355.6,941.3
-206.3,331.7,1020.6
-195.2,427.0,987.3
-449.2,536.5,887.3
-687.3,734.9,863.5
-836.5,844.4,884.1
-768.3,863.5,923.8
-584.1,838.1,973.0
-400.0,712.7,1017.5
-220.6,641.3,1044.4
-155.6,634.9,992.1
-152.4,641.3,985.7
-119.0,657.1,892.1
-95.2,736.5,961.9
-350.8,871.4,1036.5
-249.2,819.0,942.9
 0.0,684.1,939.7
279.4,538.1,895.2
333.3,428.6,890.5
309.5,390.5,863.5
255.6,404.8,861.9
231.7,387.3,812.7
200.0,382.5,739.7
127.0,384.1,666.7
54.0,434.9,734.9
23.8,454.0,811.1
101.6,409.5,838.1
260.3,307.9,834.9
385.7,234.9,892.1
401.6,177.8,985.7
388.9,149.2,1025.4
363.5,103.2,1042.9
336.5,47.6,969.8
312.7, 1.6,938.1
311.1,-47.6,914.3
257.1,-69.8,947.6
182.5,-79.4,974.6
181.0,-104.8,973.0
160.3,-146.0,996.8
200.0,-173.0,985.7
254.0,-273.0,934.9
257.1,-333.3,939.7
-,-,-
27.0,582.5,888.9
84.1,555.6,914.3
225.4,514.3,869.8
287.3,414.3,787.3
377.8,330.2,758.7
434.9,274.6,760.3
485.7,223.8,785.7
481.0,179.4,771.4
488.9,157.1,839.7
477.8,155.6,888.9
509.5,127.0,896.8
563.5,73.0,939.7
612.7, 6.3,1022.2
658.7,-27.0,1144.4
760.3,-154.0,1250.8
815.9,-273.0,1298.4
809.5,-347.6,1293.7
731.7,-461.9,865.1
682.5,-506.3,1098.4
515.9,-452.4,1161.9
274.6,-354.0,1347.6
101.6,-425.4,1393.7
-22.2,-587.3,1200.0
-227.0,-758.7,996.8
-330.2,-861.9,892.1
-374.6,-536.5,922.2
-309.5,-992.1,995.2
-300.0,-931.7,1138.1
-422.2,-758.7,1246.0
-557.1,-665.1,1292.1
-581.0,-628.6,1266.7
-579.4,-650.8,1119.0
-554.0,-576.2,890.5
-536.5,-581.0,706.3
-500.0,-531.7,615.9
-484.1,-384.1,638.1
-506.3,-204.8,758.7
-792.1,-52.4,917.5
-552.4,31.7,996.8
-530.2,81.0,968.3
-581.0,107.9,809.5
-630.2,123.8,706.3
-527.0,107.9,615.9
-409.5,60.3,614.3
-322.2,49.2,733.3
-303.2,54.0,915.9
-401.6,149.2,996.8
-452.4,250.8,1068.3
-500.0,282.5,1020.6
-482.5,284.1,987.3
-452.4,284.1,941.3
-396.8,281.0,892.1
-336.5,327.0,888.9
-350.8,404.8,938.1
-358.7,534.9,1046.0
-484.1,641.3,1117.5
-552.4,758.7,1150.8
-449.2,758.7,1098.4
-358.7,707.9,939.7
-231.7,661.9,836.5
-122.2,634.9,819.0
-73.0,636.5,790.5
-1.6,604.8,814.3
101.6,609.5,920.6
47.6,688.9,995.2
27.0,712.7,1000.0
50.8,690.5,936.5
96.8,636.5,846.0
149.2,536.5,820.6
204.8,481.0,892.1
103.2,461.9,884.1
77.8,458.7,741.3
122.2,487.3,741.3
58.7,514.3,838.1
23.8,531.7,923.8
22.2,481.0,915.9
52.4,427.0,834.9
77.8,338.1,769.8
109.5,282.5,784.1
73.0,254.0,768.3
31.7,225.4,812.7
100.0,157.1,884.1
203.2,73.0,965.1
254.0,-50.8,988.9
301.6,-128.6,946.0
234.9,-149.2,890.5
131.7,-128.6,885.7
47.6,-103.2,844.4
-3.2,-81.0,888.9
-,-,-
28.6,541.3,866.7
55.6,534.9,909.5
185.7,509.5,1020.6
284.1,428.6,898.4
355.6,387.3,884.1
385.7,388.9,909.5
427.0,381.0,936.5
458.7,306.3,919.0
511.1,255.6,1020.6
482.5,230.2,1096.8
487.3,154.0,1201.6
506.3,28.6,1200.0
503.2,-225.4,1125.4
433.3,-130.2,1047.6
377.8,-130.2,992.1
336.5,-154.0,990.5
277.8,-150.8,1039.7
276.2,-203.2,1139.7
406.3,-347.6,1193.7
307.9,-509.5,1196.8
311.1,-633.3,1171.4
227.0,-769.8,1150.8
130.2,-861.9,1090.5
79.4,-934.9,1022.2
31.7,-912.7,995.2
-79.4,-887.3,1000.0
-200.0,-838.1,1087.3
-327.0,-785.7,1065.1
-538.1,-752.4,971.4
-503.2,-728.6,917.5
-577.8,-638.1,887.3
-561.9,-607.9,761.9
-552.4,-504.8,736.5
-534.9,-403.2,633.3
-531.7,-276.2,631.7
-554.0,-207.9,606.3
-581.0,-146.0,669.8
-601.6,-79.4,731.7
-611.1, 3.2,790.5
-633.3,106.3,838.1
-677.8,250.8,860.3
-563.5,303.2,771.4
-452.4,300.0,869.8
-479.4,350.8,942.9
-576.2,387.3,1038.1
-609.5,434.9,1115.9
-561.9,430.2,1196.8
-581.0,406.3,1144.4
-585.7,428.6,1071.4
-577.8,431.7,960.3
-452.4,438.1,871.4
-358.7,409.5,887.3
-325.4,476.2,992.1
-450.8,555.6,1014.3
-552.4,682.5,969.8
-579.4,717.5,938.1
-477.8,687.3,963.5
-271.4,561.9,936.5
-28.6,461.9,923.8
125.4,382.5,915.9
227.0,357.1,961.9
181.0,357.1,919.0
123.8,461.9,815.9
-152.4,617.5,788.9
-357.1,788.9,895.2
-282.5,734.9,936.5
 4.8,603.2,868.3
260.3,487.3,963.5
452.4,388.9,1049.2
528.6,274.6,1065.1
566.7,201.6,1023.8
579.4,150.8,933.3
488.9,104.8,814.3
361.9,174.6,834.9
103.2,350.8,939.7
-52.4,404.8,936.5
49.2,354.0,946.0
204.8,233.3,1044.4
336.5,106.3,1122.2
457.1,-27.0,1063.5
439.7,-95.2,947.6
401.6,-130.2,861.9
333.3,-144.4,861.9
179.4,-152.4,860.3
103.2,-127.0,871.4
104.8,-122.2,946.0
100.0,-169.8,963.5
134.9,-274.6,912.7
201.6,-336.5,917.5
187.3,-347.6,936.5
-,-,-
173.0,455.6,942.9
184.1,428.6,893.7
258.7,428.6,869.8
274.6,352.4,819.0
255.6,312.7,768.3
260.3,304.8,761.9
304.8,255.6,742.9
350.8,176.2,711.1
455.6,81.0,739.7
481.0,46.0,833.3
482.5,28.6,946.0
457.1,22.2,1025.4
454.0,-28.6,1101.6
428.6,-68.3,1115.9
365.1,-93.7,1095.2
331.7,-120.6,1073.0
352.4,-200.0,1066.7
361.9,-252.4,1065.1
350.8,-271.4,1090.5
328.6,-282.5,1165.1
339.7,-382.5,1242.9
431.7,-554.0,1271.4
409.5,-765.1,1265.1
282.5,-919.0,1095.2
147.6,-982.5,912.7
-28.6,-1060.3,715.9
-122.2,-1093.7,617.5
-96.8,-1142.9,614.3
-50.8,-1149.2,736.5
-44.4,-1122.2,988.9
-173.0,-982.5,1198.4
-333.3,-793.7,1246.0
-509.5,-609.5,1225.4
-657.1,-433.3,1173.0
-704.8,-354.0,1112.7
-687.3,-274.6,1088.9
-603.2,-257.1,995.2
-425.4,-225.4,911.1
-273.0,-193.7,844.4
-250.8,-96.8,885.7
-334.9,76.2,944.4
-525.4,228.6,1014.3
-633.3,358.7,1036.5
-638.1,441.3,1023.8
-663.5,514.3,1012.7
-715.9,582.5,941.3
-677.8,633.3,895.2
-504.8,585.7,946.0
-328.6,506.3,984.1
-274.6,454.0,1020.6
-352.4,531.7,1039.7
-454.0,617.5,1012.7
-557.1,715.9,1047.6
-658.7,744.4,1065.1
-677.8,758.7,1019.0
-511.1,734.9,1023.8
-234.9,636.5,1061.9
-47.6,514.3,1038.1
49.2,438.1,993.7
52.4,409.5,911.1
104.8,430.2,839.7
149.2,414.3,863.5
127.0,460.3,911.1
79.4,528.6,887.3
-20.6,607.9,907.9
30.2,581.0,861.9
196.8,506.3,841.3
309.5,409.5,863.5
352.4,358.7,884.1
336.5,334.9,896.8
357.1,304.8,993.7
338.1,282.5,966.7
360.3,236.5,893.7
334.9,176.2,868.3
325.4,155.6,866.7
252.4,160.3,834.9
150.8,158.7,792.1
131.7,128.6,758.7
150.8,71.4,744.4
203.2,20.6,812.7
252.4,-55.6,893.7
282.5,-122.2,968.3
311.1,-169.8,1009.5
311.1,-223.8,1038.1
254.0,-258.7,965.1
-,-,-
79.4,428.6,890.5
58.7,461.9,884.1
73.0,504.8,842.9
77.8,504.8,846.0
74.6,484.1,817.5
103.2,465.1,792.1
134.9,357.1,707.9
247.6,200.0,631.7
333.3,22.2,584.1
377.8,-69.8,561.9
338.1,-122.2,617.5
328.6,-76.2,758.7
287.3,-23.8,868.3
357.1,-46.0,1019.0
384.1,-100.0,1125.4
439.7,-119.0,1219.0
479.4,-207.9,1219.0
504.8,-273.0,1203.2
482.5,-303.2,1201.6
461.9,-309.5,1193.7
458.7,-325.4,1195.2
427.0,-307.9,1222.2
412.7,-327.0,1239.7
455.6,-404.8,1247.6
406.3,-501.6,1219.0
328.6,-603.2,1201.6
230.2,-685.7,1195.2
127.0,-738.1,1193.7
54.0,-777.8,1100.0
-19.0,-814.3,985.7
-155.6,-828.6,969.8
-304.8,-866.7,912.7
-333.3,-988.9,787.3
-230.2,-1090.5,739.7
-95.2,-1138.1,687.3
-69.8,-1088.9,734.9
-173.0,-936.5,812.7
-273.0,-785.7,793.7
-358.7,-574.6,822.2
-531.7,-350.8,817.5
-530.2,-220.6,815.9
-384.1,-125.4,888.9
-277.8,-74.6,1038.1
-282.5,23.8,1115.9
-282.5,150.8,1100.0
-307.9,250.8,1017.5
-427.0,330.2,944.4
-579.4,454.0,920.6
-630.2,506.3,942.9
-550.8,509.5,992.1
-457.1,512.7,1023.8
-322.2,465.1,995.2
-223.8,411.1,1012.7
-222.2,454.0,1011.1
-273.0,482.5,973.0
-203.2,504.8,1063.5
-358.7,611.1,1088.9
-531.7,765.1,1095.2
-530.2,841.3,1065.1
-355.6,807.9,987.3
-171.4,688.9,941.3
 6.3,584.1,922.2
84.1,536.5,960.3
84.1,533.3,917.5
100.0,507.9,868.3
182.5,436.5,846.0
184.1,407.9,898.4
128.6,428.6,893.7
77.8,463.5,868.3
98.4,479.4,842.9
182.5,411.1,817.5
279.4,334.9,814.3
306.3,309.5,844.4
284.1,261.9,969.8
327.0,252.4,1038.1
354.0,206.3,1020.6
361.9,152.4,922.2
350.8,101.6,893.7
303.2,96.8,917.5
211.1,76.2,873.0
155.6,73.0,842.9
184.1,30.2,887.3
181.0,-3.2,939.7
187.3,-50.8,996.8
255.6,-120.6,1042.9
276.2,-206.3,1038.1
284.1,-273.0,1039.7
-,-,-
128.6,782.5,919.0
76.2,485.7,961.9
81.0,554.0,963.5
84.1,557.1,922.2
123.8,558.7,896.8
155.6,555.6,871.4
234.9,504.8,914.3
300.0,436.5,939.7
338.1,376.2,912.7
409.5,300.0,868.3
430.2,225.4,871.4
477.8,128.6,915.9
463.5,100.0,987.3
484.1,30.2,1046.0
530.2,-47.6,1111.1
585.7,-104.8,1190.5
590.5,-182.5,1165.1
515.9,-274.6,1146.0
434.9,-328.6,1122.2
403.2,-377.8,1114.3
327.0,-474.6,1038.1
225.4,-539.7,936.5
73.0,-606.3,838.1
-4.8,-677.8,817.5
-76.2,-733.3,860.3
-200.0,-758.7,893.7
-231.7,-754.0,1015.9
-201.6,-784.1,1142.9
-230.2,-806.3,1292.1
-352.4,-784.1,1395.2
-430.2,-806.3,1320.6
-561.9,-788.9,1138.1
-730.2,-754.0,936.5
-782.5,-739.7,744.4
-636.5,-736.5,733.3
-550.8,-709.5,790.5
-431.7,-631.7,911.1
-379.4,-511.1,1015.9
-427.0,-382.5,990.5
-536.5,-225.4,888.9
-657.1,-22.2,765.1
-734.9,98.4,628.6
-734.9,176.2,504.8
-631.7,184.1,484.1
-504.8,234.9,561.9
-433.3,257.1,657.1
-552.4,354.0,733.3
-690.5,458.7,742.9
-811.1,538.1,795.2
-809.5,566.7,860.3
-755.6,555.6,820.6
-628.6,488.9,861.9
-476.2,488.9,922.2
-430.2,555.6,995.2
-476.2,579.4,1022.2
-425.4,585.7,1017.5
-403.2,606.3,912.7
-458.7,658.7,863.5
-612.7,807.9,815.9
-628.6,866.7,734.9
-427.0,807.9,665.1
-234.9,760.3,741.3
-103.2,682.5,787.3
44.4,634.9,793.7
60.3,609.5,785.7
76.2,592.1,741.3
25.4,614.3,693.7
-181.0,741.3,763.5
-403.2,858.7,761.9
-230.2,787.3,668.3
73.0,633.3,712.7
388.9,436.5,842.9
531.7,274.6,990.5
457.1,228.6,995.2
365.1,207.9,963.5
352.4,204.8,915.9
257.1,230.2,833.3
55.6,325.4,860.3
-68.3,355.6,844.4
-28.6,328.6,884.1
79.4,233.3,993.7
254.0,73.0,1087.3
354.0,-52.4,1049.2
404.8,-228.6,938.1
487.3,-303.2,844.4
465.1,-377.8,809.5
-,-,-
 7.9,509.5,939.7
-3.2,539.7,911.1
27.0,588.9,920.6
77.8,555.6,868.3
150.8,514.3,884.1
287.3,438.1,858.7
354.0,354.0,833.3
382.5,261.9,784.1
430.2,206.3,758.7
477.8,149.2,734.9
434.9,131.7,769.8
401.6,128.6,838.1
330.2,152.4,895.2
352.4,77.8,996.8
433.3,-101.6,1122.2
458.7,-273.0,1119.0
536.5,-385.7,1098.4
555.6,-512.7,1039.7
566.7,-587.3,936.5
555.6,-650.8,914.3
484.1,-652.4,985.7
352.4,-650.8,987.3
157.1,-633.3,1014.3
20.6,-658.7,1088.9
-28.6,-711.1,1119.0
-49.2,-815.9,1073.0
-57.1,-884.1,1096.8
-119.0,-892.1,1115.9
-107.9,-892.1,1096.8
-117.5,-887.3,1101.6
-77.8,-865.1,1169.8
-127.0,-839.7,1223.8
-219.0,-760.3,1220.6
-431.7,-663.5,1098.4
-504.8,-577.8,971.4
-533.3,-507.9,861.9
-500.0,-450.8,766.7
-406.3,-382.5,760.3
-303.2,-309.5,757.1
-331.7,-228.6,719.0
-381.0,-122.2,736.5
-507.9, 0.0,712.7
-628.6,150.8,755.6
-709.5,233.3,758.7
-688.9,279.4,785.7
-652.4,328.6,782.5
-525.4,281.0,842.9
-460.3,287.3,842.9
-477.8,331.7,792.1
-511.1,390.5,736.5
-554.0,465.1,782.5
-630.2,555.6,866.7
-681.0,644.4,990.5
-657.1,709.5,1042.9
-506.3,693.7,1095.2
-376.2,614.3,1038.1
-279.4,614.3,946.0
-247.6,606.3,844.4
-255.6,657.1,815.9
-249.2,685.7,860.3
-203.2,707.9,860.3
-195.2,738.1,942.9
-155.6,768.3,965.1
-41.3,693.7,911.1
174.6,563.5,885.7
301.6,481.0,936.5
350.8,434.9,896.8
281.0,428.6,377.8
198.4,485.7,811.1
123.8,512.7,817.5
147.6,515.9,893.7
76.2,555.6,963.5
123.8,514.3,961.9
303.2,404.8,960.3
403.2,260.3,919.0
406.3,236.5,863.5
382.5,179.4,868.3
354.0,158.7,871.4
327.0,122.2,888.9
328.6,107.9,936.5
273.0,76.2,941.3
254.0,49.2,1009.5
300.0,-27.0,1014.3
352.4,-130.2,961.9
357.1,-196.8,912.7
360.3,-255.6,942.9
277.8,-254.0,985.7
209.5,-249.2,969.8
158.7,-277.8,988.9
200.0,-282.5,1014.3
-,-,-
225.4,365.1,934.9
255.6,363.5,947.6
298.4,360.3,1000.0
282.5,330.2,998.4
388.9,249.2,1011.1
488.9,158.7,1009.5
503.2,84.1,996.8
538.1,28.6,1023.8
592.1,-54.0,1017.5
631.7,-131.7,1047.6
592.1,-152.4,1123.8
487.3,-127.0,1173.0
363.5,-119.0,1177.8
333.3,-171.4,1219.0
287.3,-323.8,1123.8
174.6,-511.1,1019.0
23.8,-677.8,846.0
-123.8,-841.3,758.7
-77.8,-966.7,834.9
-74.6,-1065.1,988.9
-117.5,-1111.1,1096.8
-203.2,-1092.1,1127.0
-307.9,-1071.4,1114.3
-455.6,-1034.9,941.3
-555.6,-992.1,733.3
-576.2,-958.7,511.1
-536.5,-912.7,430.2
-423.8,-811.1,479.4
-327.0,-682.5,536.5
-273.0,-479.4,615.9
-381.0,-196.8,742.9
-563.5,73.0,817.5
-714.3,281.0,861.9
-833.3,414.3,841.3
-941.3,533.3,768.3
-866.7,557.1,709.5
-733.3,533.3,636.5
-606.3,484.1,642.9
-534.9,479.4,793.7
-457.1,506.3,963.5
-536.5,585.7,1066.7
-709.5,663.5,1042.9
-738.1,692.1,992.1
-682.5,666.7,922.2
-604.8,634.9,909.5
-422.2,579.4,915.9
-225.4,515.9,966.7
-131.7,490.5,1041.3
-103.2,509.5,1015.9
-222.2,663.5,1039.7
-381.0,793.7,990.5
-347.6,815.9,961.9
-182.5,761.9,944.4
-30.2,638.1,842.9
152.4,542.9,866.7
274.6,482.5,1017.5
314.3,430.2,846.0
354.0,403.2,863.5
354.0,411.1,809.5
260.3,460.3,785.7
52.4,606.3,917.5
-74.6,657.1,888.9
-4.8,634.9,890.5
252.4,514.3,863.5
338.1,377.8,944.4
465.1,258.7,971.4
457.1,230.2,963.5
431.7,249.2,963.5
428.6,588.9,965.1
382.5,-171.4,941.3
249.2,103.2,911.1
200.0,50.8,890.5
228.6,-19.0,893.7
260.3,-71.4,912.7
284.1,-73.0,947.6
258.7,-44.4,987.3
181.0,-55.6,1073.0
198.4,-52.4,1168.3
158.7,-122.2,1165.1
-,-,-
160.3,558.7,836.5
227.0,533.3,836.5
285.7,530.2,866.7
285.7,515.9,888.9
307.9,452.4,861.9
365.1,309.5,744.4
465.1,158.7,688.9
515.9,101.6,684.1
511.1,54.0,717.5
533.3,73.0,860.3
506.3,57.1,988.9
554.0,103.2,1193.7
503.2,25.4,1341.3
514.3,-122.2,1330.2
530.2,-252.4,1271.4
509.5,-379.4,1200.0
454.0,-477.8,1139.7
414.3,-512.7,1117.5
452.4,-561.9,1149.2
439.7,-603.2,1223.8
406.3,-639.7,1241.3
311.1,-690.5,1195.2
176.2,-739.7,1127.0
 3.2,-788.9,1073.0
-46.0,-861.9,1042.9
-69.8,-919.0,995.2
-50.8,-1020.6,944.4
 3.2,-1066.7,966.7
-54.0,-1069.8,1023.8
-122.2,-988.9,1115.9
-311.1,-882.5,1096.8
-425.4,-752.4,1068.3
-511.1,-630.2,960.3
-585.7,-528.6,841.3
-554.0,-447.6,733.3
-498.4,-401.6,641.3
-379.4,-327.0,568.3
-282.5,-260.3,631.7
-298.4,-181.0,765.1
-350.8,-22.2,842.9
-454.0,125.4,888.9
-557.1,250.8,912.7
-630.2,327.0,919.0
-685.7,400.0,769.8
-665.1,412.7,811.1
-582.5,428.6,844.4
-401.6,385.7,860.3
-255.6,307.9,936.5
-303.2,331.7,969.8
-449.2,454.0,941.3
-498.4,541.3,985.7
-527.0,588.9,1019.0
-684.1,707.9,1039.7
-782.5,790.5,1042.9
-638.1,795.2,1074.6
-382.5,717.5,1111.1
-54.0,-155.6,1114.3
181.0,406.3,1120.6
177.8,327.0,1020.6
136.5,363.5,941.3
79.4,434.9,896.8
-50.8,884.1,888.9
-198.4,682.5,920.6
-123.8,687.3,946.0
 1.6,584.1,941.3
260.3,460.3,1015.9
406.3,333.3,998.4
487.3,231.7,1012.7
501.6,177.8,934.9
428.6,173.0,793.7
307.9,254.0,788.9
125.4,379.4,888.9
-19.0,431.7,965.1
100.0,360.3,1068.3
309.5,209.5,1049.2
487.3,49.2,1068.3
585.7,-95.2,993.7
563.5,-142.9,892.1
461.9,-131.7,844.4
352.4,-120.6,809.5
228.6,-98.4,795.2
106.3,-101.6,814.3
33.3,-96.8,885.7
-,-,-
81.0,431.7,909.5
101.6,503.2,947.6
79.4,581.0,1012.7
77.8,585.7,947.6
101.6,588.9,942.9
149.2,554.0,893.7
179.4,509.5,819.0
260.3,454.0,768.3
333.3,387.3,809.5
431.7,284.1,888.9
515.9,201.6,961.9
604.8,57.1,1036.5
714.3,-49.2,1112.7
758.7,-125.4,1100.0
730.2,-146.0,1195.2
657.1,-146.0,1250.8
490.5,-104.8,1220.6
385.7,-95.2,1123.8
279.4,-123.8,1017.5
212.7,-228.6,973.0
134.9,-333.3,1015.9
58.7,-433.3,1039.7
84.1,-611.1,987.3
131.7,-758.7,938.1
147.6,-804.8,960.3
52.4,-809.5,1011.1
-79.4,-760.3,1095.2
-257.1,-711.1,1042.9
-379.4,-712.7,1076.2
-458.7,-763.5,961.9
-482.5,-792.1,785.7
-484.1,-834.9,634.9
-382.5,-834.9,633.3
-374.6,-761.9,604.8
-450.8,-606.3,815.9
-554.0,-460.3,1038.1
-660.3,-325.4,1147.6
-717.5,-220.6,1095.2
-701.6,-130.2,1038.1
-633.3,-23.8,934.9
-550.8,52.4,819.0
-530.2,173.0,836.5
-561.9,260.3,861.9
-611.1,311.1,909.5
-781.0,433.3,861.9
-906.3,514.3,860.3
-854.0,585.7,1047.6
-830.2,561.9,1142.9
-677.8,541.3,1149.2
-396.8,401.6,1025.4
-204.8,260.3,917.5
-169.8,209.5,846.0
-298.4,301.6,836.5
-354.0,354.0,885.7
-501.6,531.7,990.5
-587.3,609.5,1095.2
-533.3,630.2,1093.7
-433.3,582.5,1049.2
-227.0,488.9,995.2
-4.8,358.7,936.5
49.2,304.8,860.3
98.4,350.8,863.5
30.2,457.1,869.8
-125.4,584.1,887.3
-306.3,744.4,946.0
-331.7,769.8,966.7
-103.2,663.5,887.3
103.2,511.1,866.7
301.6,409.5,868.3
312.7,331.7,893.7
330.2,307.9,893.7
282.5,300.0,865.1
257.1,333.3,890.5
185.7,354.0,860.3
122.2,365.1,885.7
160.3,312.7,841.3
276.2,230.2,834.9
360.3,109.5,863.5
450.8,25.4,887.3
465.1,-28.6,895.2
485.7,-69.8,917.5
431.7,-81.0,939.7
350.8,-77.8,968.3
184.1,-46.0,936.5
 7.9,47.6,960.3
-76.2,57.1,1015.9
-98.4,31.7,1046.0
-4.8,-50.8,1044.4
181.0,-182.5,1012.7
261.9,-306.3,944.4
-,-,-
27.0,455.6,896.8
57.1,479.4,892.1
98.4,504.8,915.9
96.8,512.7,934.9
161.9,536.5,987.3
257.1,515.9,993.7
306.3,460.3,919.0
365.1,384.1,834.9
401.6,274.6,766.7
458.7,225.4,819.0
504.8,158.7,1023.8
558.7,107.9,1277.8
617.5,-3.2,1293.7
641.3,-104.8,1222.2
582.5,-152.4,1073.0
452.4,-206.3,936.5
306.3,-182.5,860.3
234.9,-177.8,860.3
171.4,-203.2,915.9
133.3,-258.7,1065.1
181.0,-396.8,1223.8
201.6,-487.3,1277.8
174.6,-665.1,1146.0
158.7,-782.5,992.1
100.0,-1147.6,885.7
22.2,-842.9,868.3
-93.7,-785.7,911.1
-176.2,-738.1,966.7
-276.2,-788.9,938.1
-304.8,-857.1,846.0
-331.7,-803.2,792.1
-298.4,-881.0,717.5
-247.6,-861.9,693.7
-228.6,-784.1,757.1
-661.9,-682.5,839.7
-460.3,-558.7,1012.7
-200.0,-409.5,1217.5
-258.7,-250.8,1352.4
-27.0,-123.8,1350.8
-461.9,-20.6,1266.7
-550.8,104.8,1147.6
-577.8,200.0,1019.0
-736.5,255.6,888.9
-473.0,277.8,885.7
-482.5,284.1,920.6
-533.3,365.1,1015.9
-630.2,431.7,1063.5
-688.9,509.5,1100.0
-712.7,555.6,1095.2
-663.5,558.7,1049.2
-512.7,503.2,963.5
-358.7,403.2,871.4
-223.8,330.2,839.7
-131.7,303.2,898.4
-228.6,360.3,966.7
-381.0,531.7,1065.1
-531.7,693.7,1115.9
-555.6,736.5,1093.7
-450.8,684.1,1038.1
-247.6,590.5,1023.8
-27.0,501.6,995.2
98.4,438.1,988.9
128.6,454.0,912.7
73.0,503.2,866.7
23.8,514.3,839.7
-3.2,560.3,819.0
-120.6,663.5,861.9
-176.2,719.0,841.3
-23.8,665.1,842.9
174.6,558.7,868.3
306.3,460.3,936.5
404.8,361.9,966.7
430.2,284.1,942.9
452.4,258.7,893.7
431.7,203.2,814.3
312.7,233.3,744.4
206.3,279.4,758.7
111.1,306.3,820.6
79.4,301.6,884.1
128.6,233.3,938.1
187.3,131.7,939.7
274.6,31.7,965.1
306.3,-54.0,895.2
309.5,-122.2,858.7
207.9,-120.6,819.0
150.8,-96.8,815.9
47.6,-77.8,807.9
-25.4,-117.5,847.6
-,-,-
136.5,531.7,961.9
131.7,561.9,969.8
130.2,561.9,987.3
176.2,512.7,922.2
233.3,481.0,946.0
285.7,409.5,912.7
381.0,354.0,892.1
387.3,274.6,893.7
430.2,250.8,917.5
436.5,228.6,919.0
455.6,379.4,966.7
431.7,109.5,993.7
484.1,46.0,988.9
514.3,-123.8,971.4
587.3,-252.4,973.0
619.0,-281.0,1023.8
563.5,-277.8,1147.6
454.0,-298.4,1239.7
311.1,-336.5,1222.2
263.5,-479.4,1095.2
284.1,-681.0,1041.3
185.7,-817.5,1042.9
 3.2,-909.5,1019.0
-181.0,-958.7,1012.7
-357.1,-985.7,973.0
-477.8,-992.1,963.5
-766.7,-971.4,920.6
-555.6,-942.9,963.5
-576.2,-887.3,961.9
-611.1,-811.1,963.5
-681.0,-677.8,1011.1
-784.1,-506.3,1038.1
-834.9,-360.3,998.4
-865.1,-257.1,965.1
-741.3,-195.2,841.3
-625.4,-104.8,661.9
-500.0,-27.0,563.5
-376.2,69.8,658.7
-533.3,227.0,758.7
-768.3,365.1,836.5
-885.7,511.1,934.9
-869.8,587.3,996.8
-881.0,642.9,985.7
-834.9,684.1,847.6
-652.4,617.5,757.1
-409.5,463.5,793.7
-323.8,458.7,885.7
-431.7,533.3,892.1
-638.1,634.9,866.7
-733.3,711.1,960.3
-768.3,758.7,998.4
-717.5,757.1,942.9
-655.6,738.1,842.9
-528.6,746.0,736.5
-203.2,665.1,784.1
30.2,560.3,841.3
127.0,504.8,871.4
46.0,538.1,863.5
-157.1,663.5,868.3
-352.4,790.5,858.7
-250.8,812.7,871.4
-20.6,693.7,934.9
182.5,581.0,912.7
336.5,434.9,869.8
403.2,361.9,884.1
284.1,382.5,842.9
185.7,414.3,846.0
161.9,434.9,819.0
23.8,506.3,865.1
-54.0,509.5,888.9
79.4,406.3,871.4
228.6,307.9,892.1
306.3,249.2,915.9
338.1,157.1,919.0
330.2,109.5,912.7
306.3,74.6,896.8
274.6,30.2,896.8
234.9, 0.0,915.9
158.7,-3.2,934.9
96.8,-20.6,966.7
31.7,-19.0,1017.5
49.2,-52.4,993.7
82.5,-98.4,987.3
103.2,-147.6,971.4
134.9,-181.0,947.6
-,-,-
47.6,509.5,917.5
181.0,479.4,941.3
231.7,455.6,941.3
255.6,303.2,919.0
300.0,381.0,888.9
285.7,328.6,892.1
355.6,307.9,919.0
409.5,279.4,987.3
463.5,234.9,1017.5
514.3,200.0,1049.2
561.9,125.4,1068.3
511.1,54.0,1015.9
517.5,-42.9,936.5
514.3,-103.2,885.7
461.9,-155.6,861.9
434.9,-198.4,911.1
381.0,-196.8,971.4
282.5,-274.6,1012.7
228.6,-373.0,993.7
257.1,-506.3,946.0
187.3,-636.5,887.3
584.1,-755.6,811.1
250.8,-865.1,768.3
231.7,-907.9,842.9
249.2,-920.6,1015.9
276.2,-944.4,1190.5
247.6,-985.7,1277.8
103.2,-984.1,1292.1
-28.6,-914.3,1228.6
-146.0,-841.3,1142.9
-249.2,-782.5,1046.0
-336.5,-704.8,995.2
-325.4,-658.7,969.8
-304.8,-661.9,939.7
-306.3,-631.7,968.3
-250.8,-574.6,993.7
-276.2,-458.7,947.6
-352.4,-330.2,915.9
-460.3,-206.3,858.7
-527.0,-120.6,765.1
-555.6,-3.2,763.5
-561.9,73.0,841.3
-506.3,181.0,990.5
-450.8,177.8,1112.7
-376.2,179.4,1120.6
-384.1,200.0,1041.3
-501.6,260.3,961.9
-627.0,334.9,871.4
-704.8,433.3,865.1
-690.5,490.5,887.3
-633.3,485.7,919.0
-561.9,482.5,966.7
-560.3,479.4,965.1
-476.2,460.3,942.9
-400.0,439.7,941.3
-309.5,452.4,936.5
-254.0,455.6,896.8
-296.8,539.7,946.0
-406.3,692.1,988.9
-427.0,784.1,1023.8
-281.0,715.9,1017.5
-4.8,612.7,1014.3
149.2,504.8,1012.7
231.7,436.5,988.9
274.6,414.3,1039.7
276.2,434.9,1014.3
227.0,488.9,969.8
123.8,555.6,919.0
-23.8,592.1,915.9
31.7,538.1,911.1
203.2,427.0,820.6
328.6,327.0,869.8
338.1,260.3,885.7
357.1,204.8,914.3
350.8,201.6,987.3
338.1,176.2,998.4
377.8,127.0,1017.5
333.3,98.4,942.9
254.0,47.6,936.5
203.2,-49.2,912.7
206.3,-103.2,884.1
209.5,-171.4,844.4
227.0,-206.3,846.0
177.8,-225.4,909.5
152.4,-220.6,985.7
-,-,-
231.7,406.3,839.7
334.9,382.5,866.7
407.9,309.5,865.1
382.5,254.0,865.1
530.2,204.8,846.0
581.0,128.6,892.1
641.3,28.6,938.1
684.1,-50.8,1071.4
709.5,-104.8,1203.2
685.7,-222.2,1220.6
682.5,-331.7,1093.7
615.9,-454.0,922.2
465.1,-531.7,833.3
281.0,-560.3,782.5
149.2,-603.2,839.7
98.4,-638.1,990.5
33.3,-704.8,1166.7
 7.9,-754.0,1271.4
28.6,-857.1,1323.8
30.2,-939.7,1349.2
-71.4,-917.5,1347.6
-171.4,-888.9,1393.7
-325.4,-830.2,1354.0
-409.5,-836.5,1276.2
-423.8,-915.9,1123.8
-427.0,-958.7,993.7
-331.7,-990.5,868.3
-179.4,-958.7,833.3
-150.8,-869.8,841.3
-301.6,-654.0,939.7
-461.9,-452.4,995.2
-461.9,-304.8,990.5
-504.8,-223.8,839.7
-511.1,-144.4,711.1
-509.5,-68.3,607.9
-477.8,-19.0,506.3
-425.4,54.0,587.3
-373.0,125.4,812.7
-379.4,206.3,1022.2
-533.3,365.1,1042.9
-685.7,504.8,985.7
-785.7,588.9,895.2
-858.7,609.5,768.3
-868.3,615.9,682.5
-760.3,592.1,665.1
-588.9,581.0,738.1
-531.7,563.5,873.0
-528.6,592.1,946.0
-531.7,619.0,971.4
-560.3,679.4,944.4
-588.9,714.3,885.7
-512.7,738.1,796.8
-358.7,707.9,784.1
-225.4,660.3,790.5
-130.2,638.1,766.7
-28.6,612.7,757.1
-19.0,588.9,769.8
-46.0,663.5,788.9
-120.6,736.5,793.7
 0.0,717.5,865.1
134.9,611.1,893.7
287.3,534.9,869.8
377.8,458.7,836.5
414.3,387.3,812.7
414.3,355.6,834.9
328.6,382.5,871.4
127.0,482.5,936.5
76.2,514.3,1041.3
181.0,457.1,1139.7
358.7,303.2,1074.6
517.5,150.8,965.1
557.1,22.2,846.0
487.3,-3.2,817.5
412.7,-28.6,838.1
334.9,-27.0,885.7
282.5,-46.0,941.3
284.1,-93.7,1065.1
303.2,-146.0,1100.0
311.1,-196.8,1092.1
327.0,-230.2,985.7
282.5,-258.7,914.3
-,-,-
158.7,387.3,946.0
158.7,436.5,942.9
155.6,460.3,915.9
206.3,414.3,912.7
276.2,400.0,892.1
331.7,363.5,890.5
381.0,311.1,887.3
463.5,250.8,895.2
558.7,158.7,944.4
638.1,103.2,1017.5
682.5,49.2,1119.0
682.5,30.2,1196.8
657.1,-28.6,1195.2
665.1,-149.2,1114.3
639.7,-273.0,1012.7
558.7,-347.6,988.9
485.7,-423.8,969.8
434.9,-430.2,988.9
334.9,-454.0,1036.5
304.8,-506.3,1042.9
288.9,-609.5,1020.6
209.5,-712.7,942.9
79.4,-781.0,882.5
-81.0,-804.8,846.0
-328.6,-814.3,793.7
-401.6,-838.1,768.3
-404.8,-863.5,785.7
-403.2,-863.5,860.3
-484.1,-831.7,960.3
-600.0,-754.0,1041.3
-607.9,-679.4,1068.3
-601.6,-652.4,1041.3
-628.6,-584.1,987.3
-655.6,-482.5,919.0
-631.7,-357.1,863.5
-638.1,-273.0,765.1
-612.7,-179.4,687.3
-577.8,-57.1,720.6
-603.2,46.0,784.1
-652.4,149.2,885.7
-684.1,233.3,914.3
-704.8,314.3,868.3
-711.1,352.4,744.4
-634.9,330.2,707.9
-506.3,325.4,666.7
-458.7,334.9,682.5
-507.9,385.7,733.3
-554.0,455.6,795.2
-633.3,484.1,839.7
-638.1,558.7,915.9
-661.9,636.5,966.7
-606.3,631.7,920.6
-477.8,588.9,887.3
-352.4,534.9,865.1
-309.5,579.4,885.7
-298.4,561.9,890.5
-231.7,557.1,965.1
-198.4,565.1,1041.3
-119.0,563.5,1066.7
-47.6,588.9,1071.4
-27.0,554.0,1039.7
 4.8,582.5,1015.9
-19.0,585.7,944.4
47.6,552.4,911.1
122.2,506.3,841.3
157.1,457.1,819.0
179.4,406.3,811.1
200.0,403.2,811.1
182.5,387.3,846.0
209.5,361.9,946.0
209.5,352.4,1019.0
154.0,407.9,965.1
152.4,363.5,939.7
225.4,285.7,847.6
279.4,181.0,814.3
309.5,111.1,831.7
312.7,58.7,938.1
334.9,47.6,1014.3
331.7,25.4,1022.2
307.9,-19.0,1063.5
336.5,-77.8,1038.1
301.6,-122.2,987.3
250.8,-79.4,944.4
200.0,-152.4,934.9