-,-,-
52.5,106.1,971.8
106.5,73.7,951.7
98.9,45.2,954.5
92.9,14.3,979.0
106.2,-21.7,962.8
108.2,-55.5,960.2
144.5,-75.3,958.8
121.6,-64.4,951.3
96.2,-58.0,960.3
135.4,-76.5,967.6
151.0,-74.5,974.9
149.4,-61.9,993.1
169.2,-61.8,995.6
167.2,-54.7,1003.9
169.1,-35.9,1010.3
152.1,-24.4,1007.8
110.9,-26.6,999.7
97.9,-43.9,981.0
85.4,-58.0,961.6
34.3,-63.5,966.8
-21.0,-72.4,953.7
-17.0,-97.9,955.1
-7.4,-118.1,948.3
-70.0,-89.8,936.1
-101.5,-59.8,968.7
-92.3,-54.1,973.8
-128.2,-15.5,965.6
-139.4,33.5,951.4
-155.1,58.4,932.8
-197.5,85.6,931.6
-172.6,90.0,911.9
-174.3,95.6,921.1
-185.2,106.5,921.8
-138.4,105.4,900.4
-148.2,137.6,916.4
-135.1,153.9,926.9
-78.6,153.8,959.4
-68.7,177.3,962.8
-76.0,203.4,964.8
-31.8,168.7,990.8
-21.2,136.9,938.3
-38.5,133.7,924.0
20.4,99.5,925.2
 5.0,116.4,928.9
35.3,109.6,957.2
58.6,93.0,935.9
51.5,108.5,933.6
95.4,87.5,937.6
105.1,65.8,962.2
140.4,15.4,997.3
133.3,-6.3,977.4
104.0,-7.2,974.0
97.4,-14.3,985.1
72.9,-14.8,972.8
76.3,-28.9,964.8
73.7,-37.7,958.0
70.8,-53.4,955.7
73.3,-61.0,949.8
65.5,-77.4,966.1
-,-,-
76.1,215.7,975.7
112.0,164.3,970.3
115.4,118.6,948.8
125.5,74.2,929.7
117.7,50.7,903.8
77.8,51.3,919.2
107.5,37.1,975.8
176.9,-0.5,1002.3
163.7,-13.5,982.1
162.9,-16.4,956.5
194.5,-35.1,967.5
194.4,-37.4,988.0
194.5,-22.6,1018.9
219.3,-15.5,1059.2
220.9,-4.6,1061.2
185.1, 7.6,1052.2
157.5,-20.2,1038.5
132.0,-51.1,1003.6
60.6,-64.0,965.0
-2.6,-85.1,944.1
-24.6,-103.8,932.1
-64.8,-98.1,922.0
-123.4,-59.3,929.3
-186.5,-13.9,925.8
-208.3,14.8,940.5
-149.4, 8.7,956.0
-155.4,24.9,926.0
-192.0,51.2,911.0
-143.6,53.2,905.0
-136.5,79.3,903.3
-162.5,107.7,901.4
-150.0,108.9,901.8
-156.7,130.1,907.4
-179.6,157.8,921.5
-147.7,144.8,926.0
-131.4,153.0,946.8
-128.8,185.5,978.2
-99.7,193.6,966.1
-72.0,195.5,969.1
-29.2,175.6,936.8
17.7,139.4,928.3
47.7,110.8,942.8
21.9,132.1,933.7
50.8,125.3,958.3
103.0,79.0,937.2
50.4,104.0,937.7
95.8,89.6,957.0
96.7,81.7,951.7
34.8,106.7,967.6
75.3,85.0,985.1
66.4,83.6,994.0
66.3,60.3,978.3
111.1,16.7,955.2
81.8,29.3,963.0
110.6,25.1,974.9
128.5, 9.1,962.3
88.0,20.0,956.4
105.9,-1.3,947.6
95.0,-15.4,895.7
97.1,-50.8,907.5
-,-,-
51.9,202.2,980.4
65.9,177.1,980.2
78.8,142.8,954.8
116.6,90.7,933.2
130.2,54.1,935.4
140.7,34.2,919.5
128.7,50.0,929.6
163.3,55.8,976.9
184.6,57.0,1020.0
147.3,65.6,1023.6
157.3,50.9,1002.8
187.3,25.2,991.4
186.8, 8.7,969.2
191.5, 9.5,967.3
198.3,11.9,983.4
176.5,24.7,1019.8
166.9,21.8,1037.7
151.2, 1.7,1038.0
115.8,-12.7,1024.8
100.9,-39.0,989.0
45.9,-51.7,959.4
-10.3,-53.6,930.1
-31.3,-59.0,938.1
-65.7,-50.3,928.1
-116.9,-9.6,901.4
-166.3,31.8,914.6
-177.0,49.9,910.3
-199.3,79.4,902.7
-204.8,92.5,915.8
-168.8,92.4,938.0
-160.4,110.0,938.6
-162.4,133.8,922.6
-156.8,164.2,922.8
-170.5,197.4,943.2
-173.9,216.4,958.0
-155.0,215.1,965.9
-140.2,208.9,956.3
-155.7,232.8,942.6
-96.1,223.9,927.6
-60.1,206.9,921.3
-3.2,175.8,916.7
44.9,151.7,918.1
44.3,162.7,938.7
103.2,131.4,958.2
106.8,113.7,972.0
115.3,93.3,958.2
131.3,69.3,944.4
124.3,49.6,953.9
119.9,32.5,952.3
89.3,37.9,964.8
91.6,22.0,988.5
74.6,10.5,977.1
79.8,-14.1,962.0
113.5,-55.5,944.3
103.4,-74.8,934.8
-,-,-
58.6,139.0,969.5
85.8,97.3,968.1
111.3,70.7,962.8
146.9,44.4,948.5
184.8,24.6,942.3
180.2,23.0,954.5
181.5,17.9,957.2
186.9,11.7,946.4
187.4, 7.1,951.9
213.2,-1.4,972.1
223.0, 3.4,982.5
212.5,28.6,986.4
220.7,42.1,1000.7
213.9,22.4,1016.2
172.8, 2.1,1013.8
167.8,-34.8,1002.8
150.4,-93.2,969.8
119.7,-122.8,955.0
114.1,-133.2,992.6
56.8,-139.1,1000.2
 2.5,-143.2,976.6
-44.5,-130.0,944.6
-105.8,-88.8,915.6
-149.6,-40.9,922.4
-184.3, 2.5,927.8
-190.9,27.1,918.2
-183.1,29.5,927.3
-166.9,18.1,916.4
-158.9,25.0,914.7
-144.9,32.3,911.3
-109.8,35.2,873.8
-115.5,67.7,903.7
-118.4,99.1,920.0
-95.8,117.4,909.3
-91.4,153.8,975.5
-85.1,181.8,1035.3
-35.2,164.9,1037.8
-26.3,162.5,1026.3
-33.1,168.9,986.8
-24.7,174.5,948.5
-30.4,184.6,938.0
-8.8,174.8,923.9
 9.9,170.3,923.8
69.5,150.3,931.9
55.2,156.2,934.9
78.7,146.9,953.7
194.1,85.5,954.5
183.0,81.0,956.0
215.0,63.3,955.0
202.2,60.6,960.0
189.8,60.2,964.9
234.4,26.2,963.6
179.4,29.9,967.7
175.2, 9.1,958.4
192.7,-21.5,963.3
140.5,-31.0,967.7
134.3,-59.4,957.0
155.6,-99.3,964.8
-,-,-
80.7,143.3,957.9
118.3,111.6,935.9
131.5,84.7,926.9
152.3,56.2,953.3
163.3,39.5,974.7
165.8,27.7,965.7
190.1, 9.6,958.6
228.4,12.4,959.9
220.5,30.3,968.0
155.0,45.1,968.9
177.6,24.9,976.6
213.6,-12.8,974.0
177.8,-28.0,947.6
207.9,-54.1,966.2
220.3,-70.6,975.5
167.7,-41.9,980.8
161.7,-42.0,1037.1
143.0,-69.1,1032.8
81.2,-84.4,997.0
57.6,-103.6,1004.7
44.7,-123.6,984.5
-4.8,-105.9,955.9
-53.3,-91.1,952.6
-75.9,-79.3,919.3
-102.5,-52.3,887.1
-115.2,-20.9,913.8
-117.9,23.0,944.8
-126.2,53.7,962.8
-121.3,66.8,964.0
-121.9,81.1,953.0
-129.7,88.1,933.7
-132.8,77.4,902.5
-106.8,65.3,904.1
-66.9,62.6,921.0
-61.8,82.7,912.6
-97.0,138.9,920.0
-106.6,166.9,945.6
-45.7,166.5,996.0
-36.5,184.2,1027.3
-51.6,186.9,1014.1
-20.5,173.7,986.7
-36.2,182.7,963.0
-1.8,167.2,941.3
53.6,140.9,935.3
64.3,134.3,928.8
97.6,118.0,929.4
137.1,94.1,928.1
153.1,83.4,935.0
199.8,44.8,943.4
176.6,41.7,949.4
151.5,58.8,976.3
185.9,28.8,982.5
139.5,35.5,962.8
154.1,26.0,969.0
194.0, 0.2,940.3
147.5,16.4,947.9
180.1,-0.8,953.6
214.5,-23.6,942.9
204.8,-35.6,954.0
189.3,-62.0,952.6
-,-,-
88.2,124.9,959.8
128.2,87.8,935.8
131.7,77.6,933.1
123.7,71.0,947.8
140.4,54.5,969.1
131.6,53.4,971.4
134.7,35.8,972.2
157.6, 5.6,963.1
161.6,-11.9,957.3
168.6,-10.1,979.5
172.6,-12.2,975.5
167.5,-7.9,965.1
199.3,-0.8,997.8
211.6,-13.5,1015.0
187.2,-23.3,995.2
156.7,-29.7,994.5
110.2,-36.0,1003.0
103.3,-44.2,1001.5
108.9,-57.7,990.1
92.8,-53.0,963.8
99.6,-44.3,946.9
121.5,-42.4,945.0
105.8,-42.7,929.5
50.0,-33.9,929.7
14.0,-26.9,948.4
-8.2,-23.6,960.0
-55.5,-12.2,957.7
-78.0,-3.3,933.5
-82.5, 7.6,927.1
-96.0,23.4,953.7
-95.0,29.7,968.8
-104.7,34.5,951.7
-99.1,34.6,933.3
-81.3,28.8,937.4
-81.8,27.3,954.0
-43.1,29.6,967.2
-25.9,49.0,972.8
-12.7,63.4,966.1
 3.6,79.2,977.4
 4.6,118.4,1012.1
24.1,134.7,992.6
21.8,139.3,983.2
49.5,123.9,979.9
67.7,108.1,953.0
62.9,112.4,962.6
95.8,99.7,940.9
95.9,105.1,939.7
129.7,92.8,967.7
143.0,87.8,955.3
138.7,91.0,951.9
183.7,57.4,931.8
167.1,60.3,936.4
186.2,63.2,951.1
245.8,30.5,931.8
236.7,14.5,935.9
227.8, 3.6,955.4
244.1,-12.6,973.0
232.2,-19.0,984.2
214.9,-25.1,971.9
215.2,-40.0,951.8
198.9,-50.3,943.2
188.5,-67.5,944.0
192.5,-94.3,942.5
181.8,-105.7,939.1
166.3,-115.9,931.2
-,-,-
156.5,76.6,954.4
176.6,53.1,940.6
180.0,47.1,935.0
174.4,41.8,945.1
170.1,30.5,951.2
202.2, 4.6,952.7
228.6,-7.5,963.0
238.2, 1.1,978.0
252.0,-0.8,985.7
217.1, 8.3,975.8
203.2, 7.0,991.5
191.6,-15.1,991.0
173.5,-44.5,969.1
237.5,-88.2,992.4
216.0,-104.1,1014.1
145.7,-93.0,1007.0
155.4,-106.5,999.1
100.9,-106.1,959.6
54.7,-96.0,940.1
38.7,-101.5,945.6
-52.3,-80.9,927.7
-66.6,-66.8,934.7
-71.0,-50.1,941.8
-131.2,-6.1,928.3
-104.2,10.4,943.5
-95.4,22.5,938.2
-100.1,32.0,917.7
-68.0,36.2,933.4
-61.4,58.6,948.9
-45.8,74.4,960.6
-40.7,88.4,972.1
-35.9,103.8,975.1
-12.5,114.2,984.6
 6.1,107.6,1003.4
 8.7,99.1,993.1
 8.6,91.9,980.9
14.9,85.3,977.0
28.2,92.1,958.4
41.1,106.4,966.1
57.9,109.7,945.4
68.0,113.4,922.7
80.5,122.3,955.4
121.7,116.4,939.9
143.6,107.2,936.5
186.6,86.0,944.2
209.9,62.1,921.2
199.2,64.1,933.5
255.4,40.6,933.4
262.9,31.1,923.7
264.6,28.7,943.2
282.3, 8.4,961.7
242.7,11.9,969.2
241.1, 3.9,977.4
232.7,-0.7,973.6
203.5, 4.3,970.5
201.3,-15.1,956.1
209.5,-46.0,934.5
233.3,-82.6,936.4
-,-,-
127.6,127.4,937.8
170.1,89.9,941.4
190.6,69.8,953.4
188.6,58.0,952.3
192.9,39.5,948.6
199.3,23.3,953.8
225.6, 3.4,944.5
237.8,-8.6,939.5
206.5, 9.3,945.1
208.4,17.7,954.0
245.9, 1.5,975.9
251.3,-11.7,972.4
255.9,-31.3,983.1
249.1,-54.3,993.5
230.5,-78.1,984.3
213.8,-108.4,989.0
168.6,-126.6,969.5
117.7,-135.9,961.0
91.3,-152.8,976.2
68.5,-160.1,960.2
29.2,-148.0,949.9
-7.3,-136.0,938.1
-54.4,-112.3,888.3
-69.1,-90.1,903.7
-27.7,-79.1,957.2
-4.9,-59.3,962.3
 1.6,-20.9,984.1
41.3,-3.0,1046.0
39.2,14.8,1029.1
25.0,34.4,983.9
15.2,39.3,986.5
15.2,30.9,959.1
44.7,18.1,946.9
16.8,52.8,962.7
-18.7,97.1,964.4
-2.4,111.7,972.3
 1.7,133.0,1001.3
18.7,146.1,992.6
54.1,145.7,973.7
76.6,137.4,944.9
74.2,145.2,930.8
123.4,127.5,947.5
182.8,92.7,898.0
196.2,86.1,928.5
264.7,41.6,943.4
248.8,30.5,881.9
227.9,40.3,927.3
231.6,32.5,946.3
176.8,67.9,976.2
249.8,37.0,982.2
229.6,33.4,960.6
207.6,41.6,948.3
245.8,15.9,936.4
196.9,31.5,967.0
223.1,10.3,958.4
244.9,-11.1,933.9
222.0,-15.2,940.3
236.0,-36.0,933.2
214.6,-34.2,924.6
-,-,-
101.9,186.4,934.6
127.0,155.7,919.2
152.5,125.0,935.9
182.5,89.9,965.0
214.5,43.8,959.2
203.8,19.3,956.4
196.1, 4.3,952.4
217.6,-10.3,942.0
200.9,-5.1,955.5
163.7, 2.4,951.3
193.8,-10.6,954.4
226.9,-33.2,946.8
202.8,-38.3,923.0
222.8,-52.3,968.7
257.4,-85.1,991.9
231.4,-81.7,983.2
226.0,-76.0,1032.5
228.3,-101.8,1032.4
177.3,-128.0,988.6
129.7,-133.5,971.0
64.9,-115.7,972.2
 7.9,-120.6,954.8
 4.0,-116.8,935.4
-17.0,-84.3,957.1
-33.8,-62.6,957.9
-55.4,-23.1,950.5
-45.0,-8.9,946.6
-3.2,-12.7,932.7
-31.7,24.9,969.9
12.1,32.1,973.4
43.7,46.5,949.0
25.0,72.6,998.9
54.2,77.8,1006.1
18.6,113.8,999.6
-6.3,127.0,1016.6
27.7,102.8,996.5
37.1,97.5,957.5
36.8,104.9,942.0
63.6,102.8,919.7
82.0,113.6,928.5
130.9,117.3,943.3
128.8,125.3,931.3
125.6,150.7,968.5
225.7,127.0,936.3
266.0,117.4,911.2
304.6,103.4,955.5
351.9,66.2,934.7
312.5,63.3,941.4
303.9,46.9,937.3
285.1,39.4,931.8
251.5,40.2,942.3
248.2,24.2,935.5
227.9,12.5,959.7
229.5,-17.2,955.6
224.3,-47.9,938.8
201.1,-58.6,961.8
196.1,-75.9,959.0
-,-,-
105.7,142.0,963.5
134.2,130.9,948.0
147.8,121.0,948.8
181.1,101.8,956.6
188.0,82.5,948.1
187.0,63.3,951.2
203.1,41.7,963.6
209.7,27.9,969.0
209.7,24.7,960.6
206.9,17.7,947.1
201.8,15.5,960.1
214.6,-9.8,973.2
224.3,-30.2,973.2
215.3,-47.6,977.0
185.6,-72.9,965.7
163.8,-75.1,985.7
176.0,-81.9,1012.4
166.8,-85.6,986.9
122.4,-80.8,972.0
101.0,-97.9,962.0
72.7,-101.8,977.7
31.5,-92.6,1010.2
10.6,-82.6,976.8
-31.4,-53.9,933.0
-74.9,-23.6,925.2
-89.5, 4.2,924.4
-92.7,24.3,943.5
-75.7,22.9,957.8
-55.2,19.0,962.9
-40.1,25.0,940.1
-42.7,59.0,908.6
-56.1,92.1,920.1
-47.4,120.3,948.0
16.9,135.5,1016.0
42.6,134.9,1053.5
35.7,128.6,1021.8
62.3,116.2,988.4
61.6,120.9,956.6
93.9,106.6,931.0
135.0,83.5,930.5
148.8,84.4,924.6
163.8,94.7,929.6
167.6,104.2,946.7
173.4,106.8,941.4
181.7,118.3,955.1
211.8,112.3,953.4
210.9,111.8,932.2
198.7,124.0,962.6
243.2,101.1,960.9
234.9,92.7,949.2
239.8,78.5,966.5
265.3,51.3,966.7
228.6,44.3,964.4
223.8,21.6,942.6
246.8,-7.5,938.6
215.2,-6.8,953.7
195.9,-13.4,939.1
191.6,-38.4,919.4
187.2,-62.5,920.4
-,-,-
119.9,168.0,936.0
155.7,149.0,925.0
182.2,129.0,951.7
204.2,100.6,967.2
206.5,82.6,945.9
218.9,60.8,949.8
259.6,23.0,937.1
259.5,10.7,920.7
237.6,15.9,941.8
268.6,10.7,973.8
284.0,21.3,998.6
266.1,41.1,1002.4
247.9,33.9,982.9
229.5, 0.8,965.0
212.1,-37.3,950.9
196.8,-79.1,944.9
174.3,-122.1,939.5
147.3,-171.5,937.3
121.9,-189.1,944.8
67.5,-152.9,956.0
20.3,-126.9,962.2
 2.6,-92.4,980.0
-13.5,-43.8,998.1
-8.2,-12.0,1005.4
-22.0,22.4,1011.4
-24.7,47.6,988.5
 6.9,53.1,965.0
-5.5,68.2,961.6
12.4,72.1,969.4
29.8,80.7,992.1
25.4,96.0,994.2
41.4,101.3,977.2
69.9,89.1,987.9
102.4,74.8,952.1
92.8,101.2,936.2
103.8,126.4,953.0
113.1,140.8,939.7
123.8,168.6,939.2
155.9,188.6,947.0
183.4,203.4,944.8
233.1,192.9,964.0
257.5,176.1,965.7
253.7,178.1,948.9
280.9,159.2,940.4
289.1,134.7,915.8
261.2,121.6,907.4
262.9,98.5,908.3
269.3,83.1,923.6
233.3,83.3,940.6
234.4,65.5,941.5
225.2,49.8,947.5
203.0,21.3,941.0
216.4,-24.9,937.9
226.9,-78.8,968.7
-,-,-
63.6,240.0,947.2
114.0,234.1,938.9
140.0,213.3,923.8
156.8,189.0,928.6
176.2,158.0,945.9
206.2,116.3,974.9
230.5,67.5,963.5
249.4,14.4,936.1
265.2,-20.8,927.6
260.9,-26.3,948.4
266.3,-17.2,977.7
269.9,-17.1,956.1
266.4,-13.4,965.8
269.4,-5.9,986.5
254.9,-2.8,972.6
244.2,-11.4,990.6
248.1,-48.8,997.9
214.9,-84.0,957.2
147.4,-104.8,948.1
99.7,-114.9,973.7
34.1,-113.5,1000.7
-24.6,-114.9,969.0
-44.9,-125.4,918.8
-79.1,-109.5,929.2
-106.5,-67.8,938.3
-107.4,-36.4,942.6
-110.6,-3.3,951.1
-113.5,30.0,1004.2
-72.6,35.9,1018.1
-33.1,15.5,987.8
-6.9,-12.3,974.4
 8.9,-5.5,942.7
-13.1,30.6,969.5
-17.8,46.6,989.0
32.0,36.0,973.7
55.6,27.0,959.8
72.1,47.4,931.7
93.6,76.8,949.2
116.5,101.8,944.7
127.2,135.9,946.4
150.5,150.7,946.0
139.2,186.7,939.4
157.6,209.5,967.2
226.3,180.5,953.9
234.7,172.1,967.0
258.9,155.1,969.4
269.0,130.2,963.1
259.1,109.7,950.9
240.1,102.6,949.4
221.5,82.9,965.5
214.0,56.9,954.2
203.1,42.6,940.0
208.8,23.0,957.8
219.7, 2.6,942.3
194.7,-1.0,940.6
-,-,-
137.9,214.8,941.7
160.7,184.9,941.9
190.5,140.3,924.9
230.2,89.4,927.4
241.7,39.0,945.3
259.9, 5.5,949.5
226.6,10.6,943.7
194.8,13.8,955.7
241.5,-16.4,976.5
229.0,-13.4,960.7
198.0,17.7,979.5
237.9, 3.6,999.6
227.0,-3.7,978.3
210.6,-4.6,996.6
218.1,-28.6,1002.5
176.6,-50.6,969.1
130.3,-62.0,989.5
118.0,-98.8,990.1
75.4,-131.4,955.1
31.1,-122.6,971.4
10.8,-101.2,989.5
-67.0,-49.9,963.3
-127.7, 7.6,960.9
-144.8,46.9,954.9
-160.9,69.2,924.7
-147.3,79.8,933.7
-105.4,70.8,951.1
-91.7,55.2,936.1
-72.7,45.4,909.5
-36.9,49.1,928.0
-26.0,56.3,953.8
11.5,59.2,954.5
62.2,59.4,994.4
63.8,71.6,969.9
30.4,122.1,971.4
50.5,136.5,976.5
47.9,145.5,944.8
34.0,172.0,967.3
99.6,162.0,960.1
125.6,171.6,958.3
140.6,173.0,970.0
194.5,153.2,949.0
235.5,150.2,944.0
278.6,129.9,940.1
290.9,113.8,946.1
236.7,125.0,969.2
225.2,110.1,962.7
245.3,73.2,940.1
212.6,66.0,951.7
204.9,48.7,940.4
199.9,27.1,916.5
178.3, 5.2,925.0
200.5,-42.8,925.6
214.2,-86.8,947.7
-,-,-
152.1,228.2,983.9
185.8,193.3,979.9
191.8,164.1,959.6
228.9,107.7,949.4
240.8,61.6,951.3
223.3,38.9,942.5
240.9, 3.5,931.5
262.7,-28.6,919.4
256.7,-34.5,926.5
230.8,-18.3,945.6
258.7,-13.9,969.4
278.8,-12.1,983.1
246.4, 7.6,991.8
252.2,-16.2,987.8
246.8,-48.5,969.3
212.2,-47.8,981.3
183.1,-59.6,1009.3
146.1,-81.8,996.1
104.1,-100.4,980.4
58.8,-116.0,974.6
 5.2,-131.0,946.2
-38.7,-124.5,943.0
-69.4,-103.2,965.4
-114.4,-60.7,946.8
-124.7,-13.7,927.9
-94.7, 1.4,974.4
-50.8, 1.7,1004.9
-34.0, 5.4,964.0
-45.9, 9.2,953.0
-26.8,-3.3,965.9
 4.9,-2.9,942.1
-31.5,35.5,948.3
-25.9,56.6,959.9
 5.8,60.7,977.1
-34.0,99.2,1008.9
-2.1,104.1,991.4
38.0,90.9,980.6
42.1,103.9,982.7
92.4,101.2,916.0
88.7,122.1,911.8
119.0,133.3,924.8
145.6,153.8,940.0
189.3,154.8,968.9
256.2,127.4,956.8
266.0,121.2,979.0
315.8,84.5,963.0
300.8,68.0,942.1
277.4,57.7,952.9
279.8,38.5,955.3
229.3,49.0,970.4
225.5,26.0,954.0
233.3, 6.3,953.8
208.7,14.5,970.2
202.8,-0.0,936.5
184.5,-9.5,937.1
153.5,-18.8,961.0
157.9,-64.6,949.8
-,-,-
156.0,149.6,951.2
187.3,115.4,938.8
196.4,96.8,946.3
205.1,73.2,932.1
214.0,54.3,922.5
234.1,33.9,922.4
270.8,12.9,922.3
289.3, 9.5,989.6
249.7,18.3,1009.5
214.5,23.7,986.6
250.4,-18.9,981.1
254.0,-44.6,974.7
224.5,-49.0,1004.4
224.5,-85.0,1013.4
183.1,-101.2,997.1
126.6,-123.5,986.7
77.0,-149.8,943.5
22.2,-160.9,925.4
-41.9,-154.8,925.1
-111.2,-119.9,934.5
-139.5,-93.6,943.4
-157.3,-63.5,934.2
-157.5,-30.1,955.7
-133.2,-9.7,953.8
-160.5,25.0,938.5
-161.7,46.6,954.5
-123.7,50.8,948.5
-132.8,73.8,940.3
-103.9,80.4,951.6
-51.9,82.4,969.7
-36.5,100.7,1000.8
-21.8,111.5,1018.9
11.0,112.8,1002.6
49.5,112.8,1006.7
62.8,102.8,990.2
84.4,88.8,917.8
62.0,115.0,917.6
114.5,114.5,926.8
196.0,96.8,929.5
205.0,93.8,959.2
223.8,88.4,945.0
241.9,81.6,982.0
289.0,39.5,965.2
252.1,40.3,946.3
189.4,60.9,966.0
190.9,57.1,952.1
181.5,59.0,958.1
161.7,61.7,948.5
149.8,64.9,950.1
164.0,43.4,953.8
161.6,36.7,947.9
155.3,37.6,944.8
165.2,24.8,947.1
157.5,22.0,970.1
136.4, 5.1,966.0
135.8,-43.7,956.2
-,-,-
102.9,127.1,961.6
156.1,71.5,957.2
183.8,30.6,956.7
181.0,11.5,948.9
198.6,-7.6,956.5
225.2,-22.3,982.5
212.1,-11.6,992.3
203.8,-12.9,996.9
207.9,-31.5,997.1
207.9,-44.2,969.5
203.1,-58.8,973.3
171.0,-64.3,972.3
149.8,-77.7,949.1
127.1,-101.3,955.1
78.8,-116.3,960.8
50.8,-149.1,958.3
19.3,-173.2,940.3
-25.4,-182.3,940.7
-55.2,-183.7,957.4
-96.9,-171.1,929.5
-129.9,-147.2,931.4
-165.4,-101.2,956.6
-187.8,-61.1,920.9
-179.1,-34.3,926.2
-179.3, 1.8,964.5
-129.8, 3.4,965.4
-100.8, 2.5,990.6
-91.2, 5.7,995.8
-34.0,-10.7,984.3
-32.3,-2.6,985.0
-49.6,31.9,970.1
-37.5,51.9,983.7
-21.6,65.5,998.2
-16.0,83.9,990.1
-13.7,100.4,997.7
 2.7,107.9,971.4
11.8,117.1,939.3
20.5,136.9,946.5
54.9,137.3,943.1
76.0,123.0,930.9
92.1,109.7,929.5
198.4,57.7,940.9
250.9,34.2,937.4
243.5,44.5,941.8
302.7,11.0,948.8
253.7,26.9,950.2
195.8,54.0,970.6
210.5,44.8,960.7
167.6,57.0,966.7
181.4,35.0,966.2
182.9,15.8,949.1
153.7, 7.9,944.9
188.1,-21.2,948.5
163.6,-27.2,939.7
157.3,-47.1,945.7
162.3,-74.4,950.6
-,-,-
124.7,211.2,944.6
164.0,166.5,943.5
190.7,127.7,944.7
233.1,65.0,928.2
270.8, 4.4,957.3
272.1,-18.1,967.8
269.8,-27.6,949.3
275.7,-36.4,942.3
260.4,-28.6,952.1
269.1,-33.9,974.3
260.8,-30.7,982.3
247.0,-21.0,1001.3
247.9,-29.9,995.6
225.8,-44.2,964.0
200.7,-56.0,943.5
162.5,-67.3,948.8
122.3,-87.2,965.5
107.8,-107.0,981.4
80.3,-121.4,969.3
44.7,-135.1,942.1
35.4,-149.2,927.7
11.2,-152.1,915.3
-17.4,-134.9,904.5
-35.1,-107.7,922.8
-63.6,-56.6,981.8
-73.4,-29.3,1000.1
-80.8,-30.9,947.2
-55.9,-37.8,972.3
-8.1,-45.7,1027.9
17.8,-50.1,987.7
29.8,-38.9,981.0
 7.1, 1.4,979.4
-8.0,39.1,947.5
 9.0,60.4,948.2
-4.1,92.8,970.8
38.6,93.9,972.6
82.6,87.2,979.1
113.4,86.7,970.5
74.5,118.3,935.0
27.9,155.2,939.7
138.4,124.9,961.8
220.0,103.7,962.2
230.1,104.0,960.9
252.0,98.3,951.2
262.9,103.0,937.3
270.3,88.7,922.3
273.6,70.1,919.1
274.5,60.8,935.7
246.9,56.6,958.1
244.7,39.3,947.8
247.3,29.2,960.8
221.0,33.5,974.8
224.3,10.0,952.6
212.5,-8.1,960.6
196.6,-24.0,952.6
187.3,-43.3,938.0
185.9,-65.0,947.2
184.6,-91.2,948.0
-,-,-
169.6,107.0,971.0
179.2,85.7,962.0
175.2,72.4,937.3
185.3,54.7,933.5
179.6,47.8,958.9
176.3,49.0,972.8
169.6,45.5,957.0
161.0,42.9,939.7
166.9,40.5,948.8
182.3,34.9,961.6
184.0,39.7,951.8
186.5,50.4,960.5
203.1,56.7,997.2
225.6,40.6,997.2
223.3,28.8,997.9
187.5,12.2,983.7
165.0,-24.8,953.5
129.0,-36.0,982.4
98.7,-47.9,990.3
74.4,-56.2,965.0
29.1,-52.1,986.4
-15.7,-46.6,973.9
-35.2,-49.3,935.6
-65.1,-51.2,926.8
-130.8,-20.3,889.5
-163.0, 7.1,902.0
-149.9, 6.1,940.9
-149.5,13.5,931.9
-139.1,23.3,973.2
-95.4,13.2,974.2
-108.9,39.4,936.3
-104.0,63.0,976.6
-63.7,60.9,967.5
-57.9,69.6,957.3
-16.4,64.5,988.7
19.4,79.0,986.9
14.2,110.7,995.1
27.9,122.2,1014.8
85.0,109.0,994.7
115.5,103.0,968.6
112.5,119.3,942.9
154.1,120.3,940.8
136.4,133.2,960.2
136.2,125.6,959.2
183.4,90.1,966.3
173.1,81.7,947.1
170.2,76.9,939.0
177.9,69.0,953.3
165.6,68.6,964.3
152.1,66.5,963.2
142.6,65.2,956.9
143.4,53.5,973.0
162.2,29.8,965.7
149.7,27.8,959.3
137.2,26.8,968.7
129.5,20.7,967.2
109.6,11.6,953.1
111.7,-27.2,934.8
126.1,-71.6,936.6
-,-,-
64.6,212.2,969.6
107.8,180.6,953.1
143.7,141.4,941.4
155.3,115.8,946.3
198.5,73.7,967.0
229.3,34.6,952.0
234.6,24.6,919.1
217.7,48.2,945.5
152.8,100.7,978.5
127.5,117.1,995.7
157.7,77.1,991.1
177.1,45.9,979.5
215.1,-1.6,984.2
221.2,-51.7,951.9
196.0,-60.3,978.2
181.3,-69.1,1014.4
126.8,-78.1,978.8
85.4,-101.8,965.7
95.5,-136.6,959.4
65.2,-138.8,971.4
10.1,-137.4,987.4
-13.3,-132.7,983.5
-58.5,-103.3,985.5
-108.6,-73.1,965.1
-136.0,-45.9,919.4
-146.8,-19.5,928.7
-142.0, 2.0,935.8
-143.2,26.3,917.5
-120.9,27.5,924.3
-80.0,20.3,941.4
-86.7,60.1,962.5
-97.9,100.0,960.3
-65.2,104.0,954.2
-63.7,122.4,965.4
-34.8,134.0,976.3
-17.4,149.2,973.7
-36.7,187.5,986.3
43.5,166.3,976.6
66.8,147.4,955.1
62.4,154.3,949.2
132.6,118.5,943.5
122.1,114.1,925.0
104.1,132.7,963.6
139.8,114.0,979.4
162.6,86.8,970.5
144.3,92.8,982.4
134.7,95.1,976.0
119.1,94.8,974.2
100.0,87.8,976.6
142.2,39.3,930.9
159.9, 5.9,915.4
145.6, 2.3,946.6
139.9,-8.8,959.8
120.7,-24.6,973.6
95.3,-43.6,977.5
96.0,-81.1,964.2
-,-,-
53.1,236.1,974.7
103.7,182.3,960.5
133.8,131.2,961.8
157.3,80.8,961.7
178.3,25.8,964.1
193.2,-17.4,956.2
195.7,-41.8,950.6
175.3,-34.7,965.2
191.4,-40.6,956.6
202.9,-57.7,943.3
168.4,-37.1,950.8
169.1,-16.9,971.7
188.8,-5.9,1009.3
176.7,-0.6,1014.3
158.9,-21.6,970.6
135.0,-43.5,969.3
79.5,-65.5,971.3
31.5,-95.7,940.2
14.6,-132.1,953.0
 3.8,-172.0,962.9
 4.0,-197.8,963.7
-17.9,-200.2,956.8
-66.5,-188.6,921.4
-89.3,-165.8,917.2
-97.9,-151.4,953.3
-85.5,-143.4,976.8
-85.4,-125.7,974.9
-79.1,-107.8,957.9
-46.7,-94.5,936.4
-52.3,-60.1,957.2
-43.2,-33.8,989.3
-38.3,-14.7,985.3
-65.6,24.3,989.7
-47.5,38.0,980.9
-74.5,69.8,975.1
-119.3,115.7,974.8
-92.9,120.8,944.1
-86.4,133.9,948.7
-39.6,130.5,960.2
-18.9,139.7,928.3
-6.7,159.8,945.4
100.7,117.5,938.8
110.1,121.2,906.5
124.7,126.1,942.7
187.0,107.5,946.8
155.1,131.3,963.6
197.6,97.5,992.2
193.7,85.2,958.1
155.4,91.0,974.5
225.1,36.9,960.1
164.2,41.1,939.5
135.0,36.4,962.4
145.0, 9.6,969.6
108.6,-11.9,967.3
136.7,-63.5,960.2
-,-,-
110.6,88.6,959.9
148.2,59.9,955.5
142.6,42.8,949.6
165.5,18.2,959.3
188.0,-3.3,978.8
197.0,-18.6,980.8
178.2,-31.0,975.7
175.8,-41.7,998.3
178.6,-56.4,1002.5
128.4,-55.2,978.6
148.1,-73.8,981.3
156.0,-93.5,958.0
114.0,-83.8,932.3
109.8,-82.9,958.2
83.5,-70.0,962.0
60.7,-61.3,948.4
65.3,-68.0,959.1
54.2,-87.4,971.9
43.3,-124.2,947.4
41.2,-142.7,939.5
10.5,-140.6,993.4
-19.0,-153.4,986.1
-74.8,-158.4,932.1
-113.5,-145.0,924.8
-110.0,-129.1,947.5
-143.6,-101.0,950.3
-166.2,-72.1,937.4
-129.6,-65.1,938.7
-140.6,-35.7,951.5
-138.5,-12.5,933.8
-98.6,-19.8,925.2
-101.6,-0.5,944.3
-93.3,30.6,964.3
-59.8,47.1,957.0
-51.4,62.1,956.1
-26.4,71.8,967.9
-7.1,84.1,967.6
-5.2,102.9,987.3
54.3,82.6,994.8
43.3,92.3,959.1
 2.3,136.1,972.7
43.3,134.3,978.3
74.1,126.4,935.8
110.5,112.5,982.3
149.4,81.3,1013.7
156.5,58.4,962.2
158.1,46.5,960.9
142.1,45.6,941.7
105.5,59.7,937.3
95.0,66.5,959.6
99.5,58.8,976.0
92.1,53.8,977.5
95.7,37.1,976.8
113.9,22.6,968.3
113.4,13.0,964.9
106.5, 0.2,950.7
109.4,-4.3,969.9
114.0,-14.1,975.8
94.1,-20.0,952.1
77.5,-36.6,936.3
-,-,-
55.6,144.4,950.3
89.5,96.3,946.9
122.4,53.4,933.8
144.2,18.0,931.0
155.5,-1.0,943.7
168.6,-13.5,955.2
185.3,-21.3,937.0
192.9,-8.8,930.8
140.4,19.5,969.6
90.3,36.4,1005.2
128.4, 4.0,1030.4
150.6,-35.8,1031.0
131.0,-72.1,978.4
146.2,-130.9,949.5
158.9,-160.2,988.8
145.4,-154.7,1004.8
133.8,-136.9,1012.8
142.1,-134.3,1068.3
139.2,-156.3,1016.8
88.9,-153.4,922.7
43.9,-157.3,923.6
19.4,-175.8,931.8
-1.2,-169.5,898.4
-32.6,-142.5,900.7
-65.1,-123.4,926.8
-86.2,-93.7,911.3
-86.7,-65.2,919.2
-72.2,-39.7,959.0
-78.6,-11.5,975.6
-62.2, 1.5,962.0
-21.0, 9.6,971.5
-40.5,37.4,969.1
-38.3,46.9,960.8
 7.0,37.3,973.1
-6.6,69.8,962.1
-13.3,104.9,947.7
10.8,116.9,951.9
28.6,146.1,966.1
62.2,160.9,978.9
57.3,166.8,965.1
94.0,162.3,962.9
132.1,157.6,956.2
111.6,159.5,919.5
179.0,118.8,916.8
189.8,112.4,927.3
188.7,118.2,957.4
248.0,86.4,966.1
197.6,100.3,953.7
217.5,91.3,978.2
221.1,76.4,959.2
147.9,95.1,959.2
202.5,54.9,971.1
188.1,40.0,957.9
130.4,49.1,974.2
165.1,20.7,976.9
149.5,11.1,974.7
135.4,-1.9,968.0
152.5,-29.9,951.6
155.5,-65.8,944.2
-,-,-
128.3,107.5,967.1
143.7,83.8,954.1
155.6,59.3,947.5
183.6,24.6,947.2
203.1,-18.7,929.7
203.7,-25.9,935.1
192.0, 6.8,971.5
183.0,37.4,979.7
189.7,56.8,982.7
166.6,79.5,997.8
128.0,110.3,982.7
163.2,79.5,930.9
216.4,10.1,898.3
222.6,-12.4,935.0
217.8,-10.5,988.4
215.8,-32.9,995.4
189.3,-67.2,972.8
185.5,-95.6,977.6
167.3,-114.7,976.7
107.7,-108.8,966.9
80.8,-124.5,983.8
72.9,-147.3,978.5
25.6,-158.6,948.3
-14.6,-179.9,932.6
-41.6,-177.3,941.9
-85.2,-153.2,980.0
-96.4,-142.5,962.5
-116.8,-113.4,922.9
-150.3,-72.3,933.0
-125.1,-58.3,922.3
-115.0,-26.9,934.3
-131.8,20.8,954.7
-130.4,55.4,938.4
-149.2,82.6,949.1
-137.8,98.9,946.9
-121.5,121.8,964.6
-105.6,109.1,984.0
-56.8,69.0,927.7
-61.2,86.5,924.6
 4.2,68.8,918.5
44.3,75.2,873.3
32.9,132.4,926.9
113.6,139.4,998.1
104.2,164.0,980.5
102.7,161.4,993.4
143.5,119.4,971.7
125.3,115.3,940.3
154.4,102.1,946.5
172.7,90.3,947.0
138.5,106.5,962.6
149.4,100.0,971.0
145.9,83.3,984.7
121.7,71.7,969.1
112.0,57.2,970.0
123.5,34.6,984.1
123.7,12.3,967.2
129.4, 1.1,978.9
142.2,-15.6,983.9
145.1,-44.4,958.3
145.1,-76.5,950.3
-,-,-
135.7,83.3,974.4
152.1,60.8,978.5
164.6,38.9,964.4
187.6,10.7,968.6
186.4,10.3,986.5
195.9,-0.4,977.7
161.4,-7.0,911.7
139.3,-12.9,902.9
160.6,-37.8,926.4
170.5,-47.1,932.2
191.4,-41.8,978.7
197.8,-39.6,1005.2
187.7,-39.3,983.0
187.5,-51.0,990.5
184.3,-70.3,1010.1
149.1,-92.1,988.1
115.5,-117.5,952.9
84.3,-133.8,964.4
73.5,-156.0,976.3
47.6,-160.3,975.7
-13.1,-152.2,987.9
-36.1,-165.3,965.5
-63.5,-158.2,939.5
-122.2,-138.8,928.5
-125.6,-164.3,881.7
-137.9,-167.6,859.7
-168.0,-131.6,921.2
-132.6,-125.8,959.0
-125.9,-92.3,955.7
-167.2,-33.3,990.6
-119.9,-37.5,963.9
-97.7,-41.6,945.7
-91.6,-43.1,984.9
-33.7,-49.5,962.9
-39.3,-3.9,923.7
-47.0,38.7,917.2
-22.8,50.7,928.8
-24.7,66.5,929.0
44.7,61.8,933.3
96.3,80.6,994.7
77.1,117.5,1025.5
73.5,146.3,1040.5
61.0,155.4,1006.3
71.6,126.2,935.2
88.2,106.1,927.4
121.5,94.8,913.6
150.1,83.9,938.3
172.7,83.9,980.5
205.4,76.8,979.5
185.7,74.7,975.6
165.1,70.5,972.6
171.9,52.6,963.8
131.6,55.7,965.0
133.2,39.8,972.0
175.0, 3.2,959.1
174.2,-15.5,950.1
177.5,-33.1,950.9
176.5,-56.7,934.2
162.1,-73.7,946.5
-,-,-
104.8,102.7,953.9
138.3,80.5,945.8
156.6,60.3,955.6
174.6,40.8,971.6
193.3, 0.7,945.4
190.1,-28.4,905.7
202.2,-18.6,941.2
190.0,21.7,993.2
145.4,56.3,1010.3
151.8,58.8,987.1
192.2,36.4,955.5
203.1,30.2,956.5
203.4,40.5,963.5
196.1,44.2,973.2
195.9,42.7,979.6
195.4,14.2,991.4
169.4,-22.4,982.0
163.6,-33.6,988.6
217.2,-65.0,1005.7
208.9,-57.7,967.4
115.6,-26.9,933.0
112.4,-57.6,935.5
125.0,-91.3,934.3
65.4,-95.1,933.1
44.2,-107.1,949.4
29.6,-131.9,960.9
 6.4,-149.2,938.7
-11.0,-140.2,934.8
-38.0,-114.6,945.5
-61.1,-70.2,979.3
-79.7,-41.4,966.3
-73.4,-45.1,910.8
-63.7,-24.0,955.1
-55.6,-3.8,964.0
-10.8,-10.5,950.9
12.7,-1.3,997.1
-0.1,32.1,999.8
 1.8,62.1,970.0
-20.3,88.6,977.5
14.8,79.5,970.8
63.5,61.1,935.7
64.9,87.2,974.5
94.3,107.0,981.1
47.5,155.2,968.6
43.5,186.6,995.1
103.2,169.6,949.2
90.1,184.0,941.5
147.7,179.8,980.5
200.1,173.5,936.2
198.0,176.6,915.3
257.5,152.5,904.7
248.9,145.8,885.8
215.8,149.0,918.9
265.5,118.3,934.8
231.9,107.5,944.2
186.4,101.6,959.7
199.9,74.5,953.1
188.6,47.0,949.8
204.4,-1.4,961.5
-,-,-
124.4,160.9,944.2
130.1,138.1,947.2
149.4,115.4,953.9
151.7,99.7,936.0
175.9,72.7,949.9
201.9,37.0,949.7
193.8,23.1,923.8
186.0, 3.2,907.5
185.0,-19.8,916.0
207.2,-37.7,957.2
228.4,-52.8,976.1
230.6,-58.1,979.4
218.5,-57.8,986.6
226.8,-81.2,962.4
223.1,-92.7,958.0
204.7,-72.4,991.7
211.2,-61.4,1011.0
197.8,-56.1,974.5
180.6,-53.5,977.6
179.6,-66.3,985.5
138.6,-87.5,932.9
91.1,-115.6,906.2
105.1,-144.1,946.9
79.2,-158.7,970.6
30.3,-163.2,971.3
32.9,-152.5,987.0
-15.1,-120.8,958.7
-42.0,-112.6,895.6
-26.8,-94.0,904.0
-72.9,-24.0,965.5
-72.6, 7.8,968.1
-64.5,26.7,988.2
-81.9,40.4,1030.2
-55.5,34.5,976.8
-58.5,40.8,941.3
-40.2,41.5,949.4
-11.8,56.6,935.2
-8.7,88.6,933.0
18.6,109.1,946.9
57.5,122.2,967.5
71.1,141.3,983.5
79.5,150.8,988.7
100.6,142.4,967.4
86.9,158.1,960.3
104.0,159.5,975.7
128.6,150.1,975.2
133.7,141.1,965.3
173.8,111.8,949.2
201.8,88.4,945.5
237.1,60.4,939.3
221.3,60.4,939.5
207.8,64.8,943.1
214.3,48.8,938.2
187.0,41.4,952.5
188.8,21.1,965.9
182.8, 7.5,954.3
151.9,13.5,951.0
170.4,-16.9,972.9
189.0,-63.1,979.1
-,-,-
122.9,141.5,938.9
126.4,125.6,917.9
155.3,98.4,929.6
191.7,72.3,957.9
196.3,42.9,944.2
210.5,10.2,932.9
209.1,13.7,968.0
195.6,15.5,977.0
221.3,15.6,984.9
242.6,18.2,1009.7
215.5,18.8,979.6
178.0,11.1,932.4
173.8,-19.6,942.5
174.6,-47.2,961.2
153.0,-54.0,948.0
160.7,-74.2,963.7
176.5,-104.7,975.1
138.2,-103.8,956.4
113.1,-105.9,966.6
115.4,-123.3,975.7
69.8,-124.0,959.7
49.5,-146.6,949.5
60.8,-162.4,949.9
-0.3,-139.2,969.4
-26.9,-137.0,951.8
-30.8,-119.4,910.1
-90.4,-49.3,968.4
-77.1,-18.5,1005.9
-58.4, 5.0,993.5
-67.2,32.0,981.3
-45.0,42.0,965.9
-44.6,70.0,973.7
-39.0,90.7,957.9
-31.4,107.8,931.3
-78.7,138.4,970.8
-28.9,120.8,982.2
11.0,105.6,984.2
 0.1,114.8,999.9
54.9,81.6,965.0
69.6,70.8,946.4
60.7,88.3,979.1
90.3,81.2,951.1
60.2,103.6,950.6
85.3,94.8,956.9
123.4,75.2,932.3
118.1,84.4,958.3
170.4,53.7,963.8
165.0,51.4,942.1
153.5,54.6,964.1
172.8,37.0,967.1
140.7,43.2,955.6
152.5,33.7,954.7
142.2,37.6,948.3
118.7,35.4,968.9
130.5,13.2,966.7
130.7, 0.1,951.4
150.7,-28.3,961.4
169.4,-52.1,956.9
145.8,-69.0,964.8
-,-,-
28.7,129.5,949.2
63.5,124.4,948.3
77.1,114.9,945.8
87.0,97.1,944.8
110.7,64.9,909.8
130.2,51.7,893.5
168.2,36.7,957.2
170.8,20.8,1003.6
165.4, 8.5,1004.0
176.6,-3.9,991.1
169.9, 4.1,967.1
171.6,11.7,983.1
185.0,12.0,998.2
170.7,17.5,992.8
166.9,-4.6,955.6
200.6,-30.9,963.4
211.0,-53.6,1010.2
170.2,-57.2,1008.5
152.3,-70.0,1007.0
157.6,-105.2,995.7
132.9,-122.9,975.3
92.8,-131.6,953.4
53.7,-132.3,923.7
 6.1,-124.6,951.8
-45.5,-110.3,971.2
-87.3,-92.3,926.7
-135.7,-51.7,912.1
-129.8,-4.4,958.6
-129.8,38.2,974.9
-160.9,70.7,970.9
-118.0,74.5,970.5
-119.8,100.3,952.4
-159.6,124.5,934.3
-117.4,114.6,941.2
-93.5,121.0,954.9
-61.9,116.5,975.1
-8.3,108.3,948.4
-11.3,127.8,959.3
30.6,116.1,978.8
58.0,116.4,950.8
52.5,135.9,930.0
86.5,137.5,932.0
110.5,151.7,937.7
156.7,139.3,951.3
175.5,120.5,962.0
170.5,114.7,977.2
209.6,68.2,975.9
180.5,44.7,922.9
120.5,67.0,944.3
137.5,58.8,1012.0
138.5,47.1,1005.8
146.7,38.2,999.3
169.0,17.4,984.4
147.4, 1.1,969.4
154.6,-29.3,952.0
171.0,-72.6,941.9
151.7,-120.5,956.9
-,-,-
74.0,150.2,975.6
89.2,134.5,953.7
87.4,119.6,965.5
116.1,85.0,979.6
121.1,59.4,963.7
138.1,22.4,948.4
162.6,-11.2,949.2
156.6,-20.9,957.2
161.0,-26.2,952.5
180.5,-29.5,928.7
163.6,-17.5,926.4
132.6,-24.3,927.0
146.5,-48.7,968.1
176.1,-62.1,1019.3
186.2,-72.5,1001.5
161.6,-70.3,976.5
133.3,-74.0,998.8
153.5,-102.0,1022.5
134.8,-119.0,1022.3
77.7,-140.6,974.7
53.3,-158.8,959.0
30.6,-173.6,988.2
-23.1,-191.1,967.9
-62.0,-200.0,927.2
-101.7,-206.6,926.1
-149.6,-203.1,894.7
-196.7,-179.7,860.8
-206.4,-147.1,867.4
-147.1,-128.7,900.5
-113.0,-64.4,956.4
-129.1,17.8,986.5
-104.2,48.9,999.5
-84.0,68.8,995.6
-85.9,96.9,997.0
-92.6,94.7,1020.9
-100.9,82.8,961.1
-63.6,65.3,939.0
21.4,16.0,965.0
14.7,44.4,905.3
-1.2,98.4,943.6
46.8,102.9,945.5
27.3,146.9,936.5
 1.9,186.4,983.5
13.8,193.5,953.3
37.2,186.4,933.0
83.8,155.8,963.4
131.5,116.6,979.9
190.2,67.7,968.5
167.6,55.8,955.4
142.5,54.6,945.1
130.4,51.5,963.2
93.0,58.8,973.5
105.6,37.2,983.0
129.0, 1.4,976.2
114.3,-12.0,963.6
124.2,-37.9,972.0
135.2,-81.1,957.8
129.1,-120.0,948.8
-,-,-
97.0,148.3,960.3
114.5,114.8,953.8
125.7,69.6,949.3
156.0,23.6,949.7
154.0, 2.1,937.2
150.6,-7.0,975.6
168.4,-24.3,969.6
138.3,-22.7,926.5
111.7,-6.4,943.6
160.4,-12.1,963.6
163.2,-8.6,961.1
119.2,21.9,959.8
133.7,24.5,985.8
154.9,-6.2,994.5
146.6,-15.7,997.6
154.7,-27.6,1014.9
149.1,-47.3,997.5
124.3,-61.1,991.2
118.3,-107.3,988.9
92.6,-131.4,951.1
57.4,-135.0,971.3
36.5,-152.4,991.7
-25.3,-153.6,939.4
-62.1,-163.9,931.7
-92.6,-154.9,944.6
-153.8,-130.2,945.3
-148.7,-136.0,921.1
-123.4,-118.5,900.2
-79.6,-96.6,940.4
-42.1,-84.2,998.5
-14.6,-74.3,999.2
-3.3,-60.2,969.0
-36.1,-7.5,945.8
-38.0,36.6,944.5
-37.4,59.6,991.0
-50.9,83.8,999.7
-36.6,106.1,993.0
28.6,98.5,1006.3
20.8,117.5,947.6
-10.2,154.3,961.8
67.3,137.8,970.2
57.7,158.0,902.9
77.1,168.6,937.0
162.2,140.8,945.4
128.8,157.1,940.7
176.0,131.5,958.2
244.5,87.5,931.7
233.1,71.0,946.8
231.7,40.9,975.3
216.2,13.1,972.2
191.7,-9.1,977.6
181.8,-18.6,959.4
144.6,-13.9,965.4
162.0,-41.3,970.7
169.2,-72.9,942.8
150.2,-103.2,940.7
-,-,-
144.8,107.3,947.4
157.6,86.3,955.3
178.0,57.8,958.3
183.0,36.8,973.6
160.4,35.1,983.9
161.1,22.8,980.9
169.0, 3.6,985.8
154.8,-14.7,970.7
179.5,-37.8,934.1
190.2,-30.9,935.2
157.4,-6.9,944.7
187.0,-4.7,957.5
199.9,-8.6,999.1
172.2, 4.6,1010.1
209.2,-30.3,1001.1
194.1,-61.3,983.3
171.6,-55.7,997.9
149.8,-68.8,1015.5
82.2,-86.1,960.5
41.4,-103.5,929.3
32.2,-154.1,933.2
21.5,-191.5,906.9
 3.4,-184.5,943.5
-33.9,-173.4,970.5
-70.4,-149.1,909.3
-102.2,-87.5,927.9
-117.4,-55.5,942.1
-143.6,-26.3,917.8
-115.9,-3.6,935.2
-67.1, 1.3,944.1
-58.0,17.6,951.1
-16.2,30.2,991.3
 5.3,51.2,973.4
23.8,79.1,956.9
22.5,116.9,964.2
-0.9,174.5,972.5
28.5,208.2,998.5
32.9,231.5,993.1
49.3,254.5,986.6
47.4,274.0,988.4
91.0,244.7,945.3
154.1,192.1,919.7
177.3,168.6,918.2
213.3,151.8,917.6
217.8,139.8,936.8
231.1,117.2,956.7
245.5,95.0,953.4
215.9,92.9,965.2
221.6,71.6,945.0
217.3,43.0,946.5
224.1,11.2,954.7
232.2,-8.8,952.0
214.1,-25.9,957.0
186.7,-43.7,967.5
-,-,-
129.8,121.5,943.6
164.9,74.9,941.6
185.0,44.6,934.4
188.0,20.7,891.8
183.9, 8.0,900.3
191.2,11.5,959.5
188.0,16.0,983.7
202.2,-1.1,982.0
244.4,-39.5,998.7
261.9,-57.5,1008.7
224.8,-36.7,1001.0
224.5,-34.1,986.5
266.7,-66.7,978.2
241.3,-69.4,998.1
200.5,-67.2,1002.5
202.5,-99.8,971.6
178.5,-122.4,957.4
142.5,-119.5,947.9
123.1,-119.7,947.0
85.9,-111.9,960.5
47.8,-109.7,947.0
27.4,-114.7,927.7
-46.5,-65.5,922.1
-133.4, 2.4,950.8
-116.3,15.6,966.1
-125.5,44.1,963.1
-133.6,68.6,990.1
-92.4,66.4,994.1
-67.3,67.7,972.9
-2.8,56.1,966.3
-6.7,94.2,990.4
-24.8,151.4,985.4
-15.8,183.1,992.4
-27.3,201.2,1008.4
 9.5,189.9,966.4
27.0,190.1,938.9
 0.9,199.7,949.1
56.7,172.6,902.5
85.7,159.9,908.3
99.2,143.8,908.5
119.1,142.7,897.2
140.7,162.0,957.7
197.8,149.4,968.2
208.3,144.4,957.3
202.4,134.0,965.5
232.0,102.7,962.7
230.5,71.2,955.7
220.5,45.9,964.5
210.0,22.8,962.8
222.6,-11.1,957.6
209.8,-16.5,961.8
162.1,-4.8,968.8
146.3,-20.2,968.7
162.9,-54.0,957.8
-,-,-
119.3,206.1,961.1
130.1,182.4,959.6
133.9,161.7,962.3
182.1,111.2,946.3
186.9,71.2,965.4
195.6,31.3,967.5
226.4,-20.0,953.7
210.8,-40.2,950.2
210.9,-56.0,941.9
226.6,-61.0,943.7
199.6,-33.0,965.1
172.9,-7.7,966.5
209.5,-13.4,999.6
202.4,-23.0,982.7
177.7,-22.2,944.2
201.3,-32.7,998.2
185.0,-45.7,1006.1
158.8,-51.4,1008.5
149.1,-85.5,1034.8
86.0,-129.8,967.6
16.2,-162.2,921.9
-27.9,-180.9,973.0
-61.8,-220.2,931.3
-117.1,-229.0,876.0
-166.6,-206.9,894.0
-169.5,-195.5,876.5
-187.5,-142.4,883.6
-217.6,-75.9,929.5
-195.1,-45.5,915.9
-173.0,-16.0,944.8
-161.8, 8.7,987.6
-99.2, 2.4,963.9
-78.2,13.6,996.8
-77.7,54.1,990.5
-107.3,108.8,961.9
-99.5,124.7,993.0
-63.3,133.2,967.2
-83.1,181.5,959.2
-31.2,172.9,968.6
-20.3,185.6,933.4
 6.7,190.3,937.5
76.7,162.9,933.4
115.4,147.0,951.0
126.7,140.7,958.2
134.7,135.6,936.4
199.8,98.3,944.7
195.7,86.7,958.1
157.6,100.8,968.6
161.7,84.7,972.3
141.6,57.0,954.9
151.8,28.5,959.5
147.0,14.5,974.4
133.1, 1.1,973.1
158.8,-34.6,972.7
141.9,-53.3,991.0
121.8,-55.9,986.3
129.9,-69.4,971.2
105.6,-77.0,946.3
105.0,-93.5,951.8
111.0,-102.9,980.1
42.9,-68.2,965.8
38.2,-68.6,939.1
-,-,-
89.2,135.1,979.9
115.3,108.9,969.5
147.1,74.5,966.9
157.0,48.6,961.3
152.0,33.8,936.6
158.5,15.0,940.1
164.4, 0.3,970.1
153.3,-2.8,969.1
164.9,-16.5,963.9
178.3,-42.4,955.4
182.0,-57.3,973.2
217.8,-83.1,1022.5
215.3,-92.4,1015.2
174.2,-87.2,1002.4
163.6,-104.6,998.8
133.5,-101.7,986.1
63.3,-87.1,991.6
26.8,-113.8,969.4
 9.1,-151.7,942.4
-44.3,-184.4,915.9
-106.2,-199.5,902.5
-151.4,-179.5,943.5
-206.7,-133.4,967.5
-257.7,-59.1,915.6
-273.2,-8.2,894.1
-245.4, 6.3,886.8
-222.1,35.0,900.2
-196.3,43.4,929.7
-129.1,31.9,933.8
-130.7,55.5,984.7
-123.3,80.7,970.7
-95.0,117.8,966.2
-109.0,152.2,991.3
-68.7,154.7,968.9
-57.4,163.5,1003.7
-24.1,153.2,985.8
-2.0,150.4,937.8
14.7,158.6,931.0
87.4,141.8,901.4
160.6,110.8,941.3
214.4,63.7,947.6
184.2,56.2,920.5
130.9,76.1,971.8
153.1,56.7,966.1
109.0,57.8,959.0
115.2,39.6,980.3
202.0,-13.4,956.2
122.5,12.9,937.9
101.6,28.7,940.7
159.0,-3.3,954.5
161.0,-26.2,972.5
188.5,-68.4,976.0
192.3,-111.6,972.5
190.2,-147.8,975.4
-,-,-
114.0,130.4,961.4
157.7,78.4,973.2
192.2,30.2,964.8
187.7, 1.5,974.6
177.1,-17.5,962.3
176.3,-50.5,936.0
188.1,-81.7,942.3
209.1,-112.3,942.5
191.7,-113.7,929.1
193.0,-100.6,975.5
195.1,-107.2,984.9
149.0,-97.0,952.8
181.2,-112.3,1006.3
229.4,-146.9,1003.8
205.0,-139.6,954.0
171.9,-156.4,965.1
128.5,-180.4,972.2
102.6,-185.1,1009.4
75.3,-195.5,1005.5
-6.1,-203.2,919.1
-56.2,-213.1,904.0
-87.9,-193.6,907.6
-159.2,-137.3,890.6
-147.8,-114.0,932.3
-115.3,-94.4,961.9
-131.7,-50.3,963.2
-94.4,-29.7,974.8
-78.4, 5.1,981.3
-68.8,37.4,959.7
-23.9,60.0,947.6
-37.3,117.0,993.3
-3.2,122.6,976.4
32.5,112.4,971.6
-5.8,127.5,1014.8
-34.1,154.5,995.7
-9.2,154.3,1011.5
-4.0,124.0,989.2
-23.2,128.3,919.5
15.1,105.4,929.5
41.8,80.1,935.9
23.2,92.9,943.0
67.2,70.8,982.4
76.3,46.6,967.1
24.5,63.4,955.2
76.9,29.9,960.6
115.3,-10.7,922.5
82.9,-14.9,941.8
107.9,-45.1,971.2
98.7,-53.3,968.9
56.3,-49.4,978.7
56.0,-70.9,971.4
68.5,-110.0,945.0
-,-,-
120.7,133.1,955.1
140.5,105.5,953.0
165.8,60.4,961.5
169.4,28.6,967.2
207.0,-22.9,962.5
221.1,-67.5,965.7
209.5,-88.1,980.5
213.7,-98.7,969.0
221.5,-94.6,969.4
187.1,-67.4,968.9
160.2,-41.8,931.0
165.9,-25.5,945.5
183.3,-18.7,985.5
217.2,-18.5,990.1
216.3,-7.6,1012.3
197.9,-19.4,1025.6
176.1,-55.5,1010.7
77.4,-86.8,947.8
23.1,-127.8,906.9
35.4,-163.3,909.8
-31.2,-153.1,884.3
-65.6,-145.3,919.6
-63.1,-155.5,1028.8
-98.0,-145.0,1004.6
-135.7,-116.5,934.3
-172.9,-91.6,942.6
-199.0,-59.8,888.4
-196.0,-10.5,877.5
-201.0,33.6,964.8
-166.5,43.7,963.1
-106.9,45.6,958.0
-122.4,66.9,1007.1
-103.2,58.2,1008.4
-51.6,44.8,990.1
-88.9,90.4,992.5
-107.0,126.0,962.5
-103.6,145.0,947.7
-105.9,169.6,955.0
-82.1,178.2,943.3
-33.8,153.9,943.3
-15.4,126.8,939.1
17.4,115.1,923.9
45.1,100.0,932.5
58.9,80.8,920.6
107.1,32.1,917.6
119.2, 0.2,927.1
78.0,17.0,959.0
82.2,19.0,999.4
58.0,21.9,1018.1
22.8,30.8,1013.5
24.1, 9.1,998.1
12.3,-14.2,976.7
38.9,-59.2,954.2
52.6,-110.1,907.6
-,-,-
-20.4,166.8,952.3
-4.5,156.5,953.4
44.3,116.2,948.3
50.5,95.5,937.5
111.1,42.5,942.4
137.1, 0.4,932.5
120.7,-15.6,929.0
151.7,-44.7,943.3
137.6,-42.3,975.7
103.8,-20.7,1001.1
121.9,-24.7,1005.2
104.2,-20.1,988.2
90.1,-21.5,980.7
105.4,-30.2,990.2
108.9,-33.0,980.6
102.3,-32.8,972.8
82.0,-23.2,994.9
95.8,-20.5,1012.7
103.6,-37.8,970.6
71.9,-28.2,956.6
70.5,-28.0,993.1
57.4,-41.0,978.5
30.8,-58.5,970.0
31.7,-86.2,981.7
 5.6,-110.0,944.8
-46.2,-123.8,922.5
-69.1,-134.9,907.0
-88.2,-124.4,901.8
-123.9,-80.7,938.3
-137.4,-47.7,956.4
-119.9,-15.9,976.0
-95.0,14.9,981.8
-74.9,27.4,975.5
-90.6,47.2,993.9
-89.9,56.9,970.4
-75.1,61.1,945.1
-82.7,81.3,958.1
-62.2,96.8,945.5
-42.6,134.3,979.3
-30.3,160.7,1016.5
-3.4,165.4,969.5
-46.4,204.6,984.6
-51.8,210.5,975.9
-45.9,212.8,924.8
-53.2,227.4,941.8
-18.4,204.6,916.4
 4.8,195.9,900.8
87.7,170.1,933.1
149.3,128.2,939.6
197.9,84.9,951.4
203.8,55.1,972.3
178.0,44.0,978.7
182.4, 6.5,963.6
152.2,-21.0,958.0
146.4,-25.8,927.9
158.8,-45.1,926.7
170.6,-70.0,979.2
170.5,-106.3,994.0
166.7,-144.4,987.7
-,-,-
65.5,60.8,954.0
76.5,47.7,962.6
83.1,47.3,966.7
96.5,32.0,954.7
112.1,-0.6,933.7
106.3,-34.6,924.3
117.9,-54.1,935.8
156.4,-64.7,981.8
134.6,-54.2,978.1
102.9,-17.5,969.1
131.6,-14.9,982.1
155.8,-15.1,979.9
140.0,-0.4,1007.4
126.3,-2.6,1009.8
99.5,-10.5,993.7
77.5,-28.7,978.4
89.1,-49.9,970.8
100.6,-67.9,985.0
84.5,-75.7,996.1
75.7,-89.5,1002.2
82.9,-140.6,996.9
57.5,-198.4,943.1
 3.5,-193.4,901.4
-43.3,-159.0,924.5
-66.3,-130.8,929.3
-100.4,-74.2,910.6
-118.8,-19.9,940.6
-91.6, 8.2,957.3
-96.6,44.3,972.4
-101.7,62.8,987.6
-66.8,55.2,965.1
-43.4,56.5,961.4
-21.4,62.7,964.9
-17.2,95.9,968.4
-35.1,139.1,991.4
-34.6,157.8,993.9
-45.0,184.1,1014.3
-38.0,187.1,976.7
-21.2,178.4,932.3
-17.1,159.7,933.5
-7.0,138.4,906.1
18.3,136.2,941.8
52.8,126.2,972.3
45.4,115.6,985.6
85.2,79.6,978.4
77.1,62.8,961.2
57.6,59.4,965.7
81.6,37.6,950.6
66.4,32.5,974.7
94.5, 7.1,979.5
116.5,-14.4,955.1
113.3,-25.1,942.2
101.0,-56.8,899.0
108.7,-101.7,888.7
-,-,-
38.7,120.2,968.7
60.6,88.3,974.9
72.3,56.0,973.0
53.7,34.9,986.3
80.1,-0.5,979.3
78.1,-32.0,936.6
50.9,-35.0,903.5
69.0,-40.2,934.3
117.8,-55.1,969.7
92.6,-47.9,967.0
58.4,-33.2,956.1
116.9,-51.6,966.1
138.9,-54.2,989.3
117.6,-25.5,1002.6
127.8,-35.4,1012.3
128.5,-45.2,1040.7
62.7,-71.6,1013.7
-1.3,-127.5,925.8
-4.9,-141.8,952.7
-12.4,-157.1,982.3
-22.5,-155.6,965.4
-37.5,-144.4,987.9
-42.4,-162.2,949.5
-51.3,-182.2,933.1
-103.0,-189.7,941.6
-131.7,-197.6,916.4
-152.2,-197.9,908.8
-174.7,-192.5,893.0
-182.9,-176.9,856.3
-181.7,-140.9,862.5
-163.6,-107.5,907.3
-135.1,-87.0,911.1
-80.2,-64.5,953.2
-55.6,-39.9,991.9
-62.6,-11.0,995.0
-59.8,19.6,1019.1
-69.0,44.6,1002.5
-80.9,79.8,980.3
-97.2,121.6,1006.3
-107.0,150.1,962.0
-129.6,194.3,938.1
-94.6,204.8,985.5
-51.1,198.0,946.8
-72.0,208.7,951.1
-58.1,198.9,927.9
-32.1,206.0,897.5
87.8,151.3,930.6
160.8,94.1,929.0
159.1,80.8,944.0
223.8,24.8,960.2
198.8, 6.2,966.8
155.8, 4.5,978.5
128.3,-10.9,960.6
56.8,-1.9,1008.1
74.6,-43.5,991.2
148.3,-114.2,956.5
166.7,-156.1,1022.1
-,-,-
35.5,129.1,963.7
35.1,119.9,954.6
58.2,97.3,971.4
97.5,68.7,962.9
91.3,45.5,963.1
106.9,13.1,968.8
122.9,-1.3,952.9
93.6,-1.3,955.3
82.5,-3.2,951.5
76.3, 7.0,957.7
58.1, 7.8,983.3
85.3,-13.9,966.2
86.9,-13.8,975.5
84.0,-20.5,994.6
127.0,-55.8,969.8
104.0,-56.6,972.7
66.3,-46.2,972.3
59.0,-48.1,965.2
38.7,-72.1,978.0
52.3,-112.2,971.7
32.9,-111.5,998.9
 5.8,-124.9,1001.6
 9.0,-164.3,913.7
-26.0,-157.9,898.3
-107.9,-75.3,956.2
-139.5,-15.4,961.6
-93.5,-13.6,965.6
-64.4, 9.1,1000.8
-54.1,28.0,969.0
-77.3,47.0,942.9
-60.8,54.2,987.7
-9.9,33.2,965.5
-22.7,46.0,945.8
-26.8,74.6,982.6
-19.3,100.0,989.9
-32.1,130.5,989.7
-16.0,152.0,992.7
 7.3,163.1,983.5
32.4,169.5,959.3
36.7,187.9,974.9
40.3,187.8,938.1
49.3,185.4,930.7
95.2,162.5,953.1
105.6,145.1,935.2
127.3,132.1,969.4
194.0,89.4,944.8
171.4,86.2,929.2
192.2,63.6,948.9
200.4,37.6,948.1
174.7,22.6,975.3
180.5,-14.5,975.9
152.0,-29.8,962.2
152.1,-51.9,975.1
141.4,-82.5,972.0
114.6,-115.7,979.6
