-,-,-
70.7,-68.0,970.7
71.2,-59.6,959.1
65.1,-49.9,963.5
41.5,-14.9,970.8
12.7,59.3,985.4
-28.4,182.6,958.7
31.0,316.1,961.7
206.5,363.1,1004.7
338.9,308.1,1007.7
448.0,202.5,1022.9
569.5,51.4,1026.5
591.6,-83.4,977.3
586.9,-232.3,933.1
542.2,-411.3,838.7
397.7,-532.1,789.1
168.0,-566.0,844.4
-37.7,-616.8,869.2
-315.1,-490.6,880.4
-548.3,-279.5,868.8
-543.1,-162.8,854.5
-457.6,38.4,906.9
-422.5,248.6,937.3
-380.8,358.4,980.3
-354.1,414.9,1011.7
-316.8,459.7,1032.3
-156.5,449.0,1030.4
-67.2,489.5,1018.9
140.3,470.3,1044.6
254.1,460.2,972.9
239.2,514.2,950.5
268.5,500.1,996.1
308.8,399.4,941.3
347.8,245.6,866.1
257.3,154.1,856.2
249.8,76.7,908.5
250.1, 8.5,980.7
-,-,-
67.6,14.7,986.6
31.2,123.4,992.4
35.5,238.8,981.7
91.5,348.9,1021.6
231.4,385.5,1041.9
357.6,332.6,1014.3
462.1,233.8,982.4
583.1,60.7,910.3
692.0,-147.1,898.7
797.7,-376.7,914.7
749.3,-546.2,852.9
502.3,-627.6,755.3
172.4,-644.6,715.0
-244.2,-559.0,817.5
-389.2,-504.1,955.4
-330.2,-434.6,1003.1
-344.3,-209.7,980.0
-388.2,122.3,997.8
-347.7,343.9,1007.5
-415.2,444.4,970.8
-393.4,423.0,963.3
-243.9,333.3,930.1
-287.6,464.2,948.0
-122.9,522.6,938.2
91.2,515.8,931.3
172.8,589.5,936.3
343.3,533.9,946.4
390.0,524.9,980.2
510.6,424.7,988.3
512.9,234.1,905.8
441.2,84.9,863.2
454.7,-115.9,881.7
379.1,-228.1,967.1
-,-,-
90.1,-52.0,961.7
-4.4,27.9,967.9
-115.2,169.6,978.4
-132.3,345.0,1001.0
-29.2,467.2,975.4
223.3,432.7,982.3
390.1,365.8,1024.1
494.9,274.7,1036.9
598.9,110.7,1012.6
637.0,-26.9,1009.2
721.4,-239.3,932.7
706.9,-471.7,849.8
556.6,-594.7,802.7
230.8,-604.9,731.8
-178.8,-576.6,748.1
-495.4,-533.4,763.3
-672.7,-393.8,768.9
-616.1,-222.1,883.1
-465.9,-73.1,949.4
-409.2,142.9,1042.5
-329.2,276.2,1112.1
-299.1,259.7,1032.3
-282.0,282.7,1025.9
-176.8,342.6,997.8
-49.5,435.6,961.3
90.9,474.8,919.4
211.0,494.0,926.5
311.1,502.0,1000.1
333.8,468.1,1005.0
399.6,404.0,1015.8
509.1,206.5,920.7
445.2,71.0,876.1
452.3,-82.4,869.6
453.1,-254.4,867.6
390.9,-308.8,942.3
-,-,-
83.4,-4.5,978.9
30.4,81.1,1003.1
 3.1,180.5,1009.4
18.1,307.5,1033.5
112.4,366.4,1011.9
205.5,366.7,981.9
332.6,321.3,994.8
470.6,204.9,988.2
560.0,45.0,947.9
711.1,-128.2,940.2
788.8,-294.8,917.1
736.8,-418.7,884.4
521.0,-446.7,854.1
287.3,-484.4,845.8
-43.5,-552.4,768.6
-339.4,-608.2,757.8
-509.6,-519.0,795.1
-642.0,-260.2,846.9
-513.5,-6.8,995.2
-473.8,248.4,1048.7
-464.1,384.0,1057.8
-401.9,312.1,941.2
-411.5,264.1,903.7
-377.5,326.6,990.3
-393.5,517.5,1022.2
10.9,498.6,1017.6
279.4,434.7,868.1
324.7,488.7,853.8
588.8,379.1,905.7
540.3,300.3,919.4
490.5,232.4,942.5
495.3,92.2,917.2
363.0,12.9,933.0
423.1,-147.9,937.7
-,-,-
102.3,-3.5,962.5
54.1,103.1,976.9
31.6,282.6,983.0
102.5,484.8,1015.6
225.2,571.1,1065.5
347.2,472.8,1010.8
568.7,220.6,936.4
722.9,-8.3,924.0
750.8,-170.9,912.3
707.9,-330.9,909.3
548.0,-479.9,857.5
263.6,-573.9,825.7
19.0,-668.0,809.4
-306.7,-590.9,809.0
-476.1,-441.1,899.8
-380.6,-275.1,1022.8
-316.3,-25.1,1062.1
-275.5,218.8,1128.6
-277.1,376.4,1146.6
-351.9,402.7,1043.9
-342.7,344.7,940.1
-316.8,339.8,907.9
-263.6,403.5,916.8
-138.6,483.6,966.2
40.2,537.9,978.2
247.8,479.1,931.6
250.5,481.0,890.3
330.4,506.9,992.4
491.5,342.8,987.2
430.5,217.4,955.2
436.2,39.9,925.5
395.2,-130.1,872.9
349.2,-218.7,904.1
-,-,-
76.2,35.7,996.9
41.1,108.3,1023.9
11.4,208.3,1004.2
 8.3,375.5,1029.9
116.1,477.5,1022.6
231.8,448.0,948.0
322.5,373.6,946.3
465.0,267.5,991.1
612.9,76.4,958.9
756.5,-79.9,938.4
871.2,-303.6,858.5
849.9,-555.3,784.5
545.9,-624.7,795.2
142.4,-616.4,903.9
-183.0,-588.8,894.9
-493.6,-488.0,812.8
-625.2,-349.5,849.6
-563.3,-152.6,939.1
-479.1,68.1,973.5
-447.3,316.3,1000.8
-513.6,445.5,1057.1
-442.5,285.5,977.6
-278.9,174.7,914.8
-228.4,249.0,905.3
-87.8,308.4,891.8
87.6,373.6,910.0
216.6,396.7,882.3
341.7,397.8,862.9
336.4,455.1,993.6
413.9,355.9,1036.3
359.6,221.5,900.2
302.7,161.2,904.6
320.8,47.0,922.7
369.3,-93.2,926.6
-,-,-
157.5,-80.4,975.0
132.4,-96.6,930.6
111.1,-68.4,953.6
76.2,22.4,995.8
-17.5,162.8,1002.2
-69.0,318.9,1004.0
44.0,394.9,987.7
164.8,418.6,991.6
305.3,360.1,993.5
389.1,261.8,961.5
436.9,171.3,938.9
562.2,36.0,926.7
625.8,-78.2,928.8
709.2,-181.2,933.9
698.1,-297.3,931.7
541.8,-390.2,984.1
309.2,-482.0,926.5
-7.3,-490.0,834.8
-337.7,-370.9,962.9
-445.9,-432.1,921.0
-325.6,-418.0,903.9
-216.3,-60.3,1100.6
-263.8,228.2,1071.6
-355.2,404.7,1058.8
-387.3,471.5,1033.6
-368.9,396.7,883.8
-362.3,431.6,915.7
-204.6,449.3,935.9
-55.8,456.6,922.5
110.8,460.8,947.5
232.9,436.3,957.3
301.9,386.3,986.7
413.3,284.8,1023.8
443.4,180.0,1025.1
456.5,35.8,954.3
390.6,-71.4,901.2
-,-,-
69.3,-30.2,986.7
57.7,-11.6,972.9
 9.4,49.6,994.6
-62.2,170.8,972.2
-58.2,296.6,955.4
79.3,357.2,991.2
253.0,347.1,987.6
326.2,331.8,1000.4
377.4,277.4,1003.7
444.9,168.6,969.9
502.1,59.4,975.2
586.9,-87.2,974.3
631.5,-238.0,983.2
592.0,-379.3,928.3
475.9,-507.7,881.4
284.6,-629.4,902.4
16.9,-678.1,834.2
-259.9,-584.2,825.6
-442.3,-416.4,872.3
-467.5,-218.1,912.9
-428.5,-43.1,908.5
-417.0,89.2,926.3
-398.7,196.2,977.2
-307.3,203.0,971.9
-291.3,208.0,981.0
-289.2,248.9,942.3
-156.2,293.4,917.0
 6.0,373.0,964.5
153.0,413.4,946.8
247.5,453.7,956.3
265.3,524.6,985.7
295.3,565.9,1062.5
414.3,430.8,1029.0
479.8,188.2,936.0
432.7,-0.6,896.9
-,-,-
45.1,-47.5,959.8
28.8,-18.0,977.2
-28.7,59.6,989.2
-59.5,162.7,962.7
-7.8,273.1,992.6
101.5,343.8,1014.2
198.6,368.9,1015.3
274.0,359.6,1014.2
379.3,287.4,1010.6
463.8,167.0,994.7
555.0, 7.0,945.4
635.1,-167.9,921.0
635.3,-290.2,920.1
589.8,-357.2,933.8
430.9,-417.3,930.1
191.5,-490.7,832.6
-79.0,-503.2,827.1
-343.8,-491.3,882.7
-487.1,-473.2,836.4
-549.4,-367.3,816.6
-467.3,-297.1,904.5
-377.1,-186.1,995.3
-250.8,-5.8,1137.3
-277.4,112.7,1160.7
-278.6,129.8,1051.5
-222.7,101.0,917.2
-289.0,141.4,826.9
-213.6,265.9,884.2
-161.8,389.1,936.2
-39.0,469.1,980.5
44.4,524.3,999.6
142.4,510.8,1003.3
291.1,402.9,1005.0
302.0,333.4,1004.0
388.1,188.8,1014.6
-,-,-
27.3,-36.5,978.9
-9.9,33.0,1012.3
-73.4,181.4,1019.6
-94.8,378.8,1046.3
51.0,458.8,1041.7
162.7,390.1,913.6
223.2,347.3,927.6
365.4,261.5,995.3
490.7,104.9,937.7
626.7,-57.3,914.6
744.8,-228.8,900.4
632.4,-229.0,984.8
492.0,-234.3,1076.8
374.2,-372.3,1021.2
122.4,-424.2,974.3
-126.8,-481.9,970.9
-345.9,-496.5,879.9
-528.6,-382.7,813.3
-484.4,-235.9,918.8
-493.2, 5.9,979.5
-367.4,157.5,978.2
-217.6,196.1,1027.0
-362.2,261.6,961.9
-338.1,219.9,896.4
-296.1,208.2,944.5
-261.2,220.4,930.2
-142.3,277.8,878.7
-110.8,426.7,912.7
 2.3,461.7,923.1
56.2,529.7,941.6
129.5,566.2,979.8
288.3,487.3,989.7
303.1,435.5,983.8
421.7,248.4,937.3
455.1,48.9,893.4
426.3,-90.7,925.1
-,-,-
49.4,36.5,996.4
-0.1,155.1,1012.1
-40.1,279.8,981.8
56.9,351.6,996.5
201.5,366.3,991.3
281.5,376.3,983.5
377.5,341.9,982.1
467.5,283.7,949.7
563.7,168.8,883.7
726.4,-40.9,869.5
766.7,-270.4,816.6
704.0,-445.9,813.8
599.3,-553.7,901.2
376.8,-578.0,925.0
106.0,-550.9,996.5
-175.2,-498.2,1014.9
-377.5,-426.5,964.4
-282.8,-375.6,964.5
-253.0,-139.4,967.2
-294.3,167.1,1063.4
-190.3,274.3,1117.2
-202.0,335.2,1125.8
-196.2,301.1,1027.6
-228.8,255.4,888.8
-223.8,268.1,841.2
-143.4,337.8,879.7
-42.3,402.5,919.5
64.0,429.7,929.0
146.4,444.6,943.0
256.8,386.7,926.3
245.0,390.7,951.3
339.1,308.6,962.4
355.5,182.5,903.6
300.1,87.5,937.4
-,-,-
54.8,45.0,977.1
-1.7,132.5,993.2
-23.7,242.6,1010.1
-13.1,360.5,1045.3
96.2,380.1,1056.3
209.5,314.7,985.4
277.7,259.3,960.1
367.0,186.1,949.7
425.0,101.8,896.1
518.6,10.3,898.3
614.3,-76.3,909.5
651.6,-153.7,894.0
629.7,-226.8,917.2
521.7,-295.7,1016.7
308.2,-397.7,972.6
53.5,-555.1,808.1
-102.9,-664.4,736.5
-279.2,-568.1,762.8
-462.9,-365.7,905.5
-475.0,-244.4,970.8
-448.3,-89.0,1024.8
-378.8,64.0,1027.1
-293.8,113.6,954.4
-379.8,173.4,995.3
-310.5,160.9,1018.9
-196.3,136.2,932.5
-328.2,273.7,876.4
-233.4,339.0,826.1
-51.2,375.1,867.4
47.9,465.6,913.8
196.4,489.3,948.3
267.1,477.4,987.0
394.3,358.8,1022.5
418.3,206.5,1037.5
366.4,38.3,950.3
439.2,-201.7,871.6
436.2,-330.1,843.8
-,-,-
110.5,-54.2,952.2
101.6,-45.1,964.2
113.1,-52.2,970.9
83.8,-25.9,980.6
38.1,58.0,991.1
-46.9,219.6,1000.8
-47.5,399.1,1054.0
80.7,464.6,1026.9
295.1,332.3,889.8
451.4,180.5,873.4
510.9,107.2,942.6
522.0,49.9,972.6
503.3,-4.9,983.9
516.7,-47.4,1025.3
549.7,-154.5,1003.6
513.2,-267.0,952.5
383.7,-383.5,960.0
204.4,-457.4,943.5
-31.8,-414.5,910.0
-259.5,-358.3,961.1
-426.6,-326.0,906.0
-511.7,-257.8,829.1
-484.9,-133.6,886.0
-379.5,48.1,993.4
-320.0,238.9,1068.3
-343.7,267.9,982.3
-340.7,204.9,858.0
-239.3,209.0,848.6
-125.0,243.6,823.9
-70.4,371.3,917.3
62.1,446.6,995.1
87.0,501.3,947.6
134.5,603.8,995.5
203.2,571.2,967.3
207.8,516.5,977.0
395.6,306.5,982.0
519.1,-1.5,918.4
510.7,-193.4,934.1
-,-,-
54.5,16.5,994.1
33.3,58.4,993.6
 0.5,128.0,987.7
-75.5,251.6,963.5
-51.5,375.9,974.9
84.3,398.3,984.0
173.7,333.9,927.5
242.6,259.6,923.8
310.4,191.6,981.0
383.2,101.6,1011.4
473.7,-0.4,1026.6
547.9,-112.6,1005.3
550.8,-190.8,955.3
492.7,-265.5,921.3
373.0,-374.2,826.0
158.2,-397.1,841.5
-15.0,-424.2,1013.6
-162.3,-488.5,992.4
-343.7,-412.6,987.9
-418.9,-237.4,1035.1
-465.0,-108.9,855.3
-405.3,62.7,816.9
-339.7,300.7,1018.2
-380.9,420.4,1064.7
-294.9,356.6,1020.1
-237.1,312.1,1046.2
-120.5,257.7,903.2
-29.6,299.9,848.2
27.5,401.5,880.0
160.3,445.6,895.3
228.4,486.1,931.8
301.0,469.9,945.5
368.8,379.7,923.2
381.4,249.1,907.4
432.7,67.7,936.9
386.3,-84.8,933.6
330.0,-209.2,958.2
375.4,-325.8,991.9
-,-,-
113.2,-34.1,964.0
98.5,-22.2,965.5
70.3,22.5,985.0
24.2,97.2,979.4
-26.0,223.5,967.5
21.8,320.9,952.0
153.2,365.8,968.1
263.9,383.9,1024.4
373.3,319.9,1016.9
444.2,254.9,994.6
477.5,201.1,988.9
522.1,71.9,902.6
594.2,-117.7,876.8
624.8,-276.0,902.7
531.2,-384.7,865.9
409.2,-476.2,911.8
216.4,-492.3,1025.6
-110.3,-485.9,1029.3
-337.8,-524.1,933.8
-402.5,-468.7,883.7
-464.4,-283.9,896.6
-397.1,-129.5,925.0
-293.2,28.9,1016.8
-174.4,162.6,1078.9
-213.1,250.3,1066.4
-323.4,329.4,1043.4
-180.0,267.9,964.9
-158.4,315.2,892.4
-21.9,413.9,878.1
122.2,496.1,877.6
222.0,546.5,912.7
324.7,488.0,930.6
252.6,471.5,940.0
331.6,343.9,896.9
361.6,175.4,889.4
388.1,29.0,938.8
446.0,-148.3,972.0
363.9,-241.9,986.5
-,-,-
68.9,35.8,992.6
15.1,108.9,989.1
-25.6,206.1,971.5
-9.8,306.0,969.2
72.3,353.8,957.4
164.9,378.9,950.7
309.9,338.2,946.2
443.6,241.6,976.3
515.8,154.9,984.8
573.8,52.6,947.9
600.9,-33.9,943.9
633.9,-134.6,953.6
587.0,-274.5,896.7
490.7,-401.7,792.4
342.1,-502.4,710.0
122.5,-533.1,767.0
-48.1,-516.8,962.5
-126.9,-552.4,1050.8
-224.3,-489.8,1036.0
-327.0,-280.9,1081.7
-227.0,-146.5,992.3
-180.8,22.8,1008.4
-156.9,180.6,1144.6
-148.7,193.0,1044.4
-253.5,202.8,941.2
-213.5,174.6,901.9
-148.0,215.6,882.7
-175.4,379.7,940.4
-6.0,407.3,904.6
64.1,462.5,917.4
123.3,522.2,946.3
302.9,435.4,900.3
333.7,390.9,944.8
435.9,255.7,942.2
482.3,43.3,896.8
401.3,-78.5,925.2
354.1,-157.4,987.2
-,-,-
-20.3,189.7,975.1
20.1,263.8,968.7
115.6,297.8,954.7
190.9,348.2,989.0
293.8,331.8,976.5
383.0,284.5,953.8
464.0,233.7,979.5
542.4,121.9,962.5
575.5,-25.3,906.3
598.9,-170.0,870.1
569.9,-253.8,917.4
432.2,-305.9,956.3
322.0,-436.7,929.6
203.7,-570.8,910.6
14.6,-634.6,981.9
-134.6,-672.7,929.6
-351.0,-538.6,848.6
-441.7,-296.4,983.0
-335.9,-172.0,959.4
-309.3,-41.4,835.2
-284.2,80.9,907.1
-246.4,144.8,980.0
-236.3,180.0,925.6
-168.6,189.8,887.4
-85.5,235.4,886.6
 8.3,340.9,894.7
87.4,474.0,967.5
213.2,478.5,933.4
273.3,459.5,922.5
382.4,415.9,989.2
515.2,235.4,953.8
443.4,114.8,915.0
316.9,92.4,939.4
240.1,60.7,992.4
280.6,-75.4,969.5
-,-,-
110.9,-8.6,958.7
84.5,-4.8,954.2
48.6,46.3,975.4
-11.6,154.6,966.8
-36.9,311.2,992.1
76.9,392.8,1015.2
219.4,385.4,964.6
304.9,378.6,948.5
398.0,326.3,973.5
488.2,217.2,966.6
560.7,96.1,967.4
612.7,-12.6,955.5
626.9,-141.2,891.9
578.2,-297.0,805.0
486.8,-409.3,810.4
340.8,-465.1,877.7
163.2,-492.6,984.0
-29.4,-530.1,1008.7
-239.3,-521.8,884.2
-320.2,-426.1,947.1
-269.0,-316.2,1010.3
-370.6,-119.0,935.7
-308.6,11.7,991.2
-169.1,50.7,995.5
-241.1,153.0,1008.1
-234.5,159.6,984.4
-165.2,142.4,912.9
-70.0,233.7,899.3
-62.0,381.1,880.7
12.4,468.3,899.5
133.9,510.0,918.0
222.0,562.3,973.0
359.7,505.9,1017.0
381.9,402.8,959.4
409.2,267.1,958.0
405.9,125.6,942.9
338.8,36.2,936.8
423.0,-170.4,903.7
-,-,-
36.1,65.7,951.6
-2.6,205.4,963.2
-1.6,366.3,1016.4
85.5,423.8,1036.8
207.7,396.5,997.8
286.5,353.2,959.3
356.1,276.5,929.3
412.0,191.0,903.0
478.0,84.1,902.3
561.4,-64.8,886.5
570.3,-166.7,883.3
536.3,-255.8,897.1
493.4,-359.0,926.0
334.2,-423.9,969.1
151.5,-524.7,885.4
-70.4,-478.7,862.3
-180.6,-406.4,995.5
-158.4,-411.1,1099.1
-265.4,-315.2,1122.6
-299.6,-244.9,1075.2
-277.3,-173.6,978.2
-300.4,-37.6,893.7
-254.4,50.0,832.4
-313.9,164.3,869.7
-313.5,223.9,904.0
-273.6,260.4,887.5
-283.3,373.0,929.1
-118.8,388.7,898.0
-19.7,466.0,943.9
127.9,485.7,956.2
331.1,387.7,893.6
341.0,418.1,932.2
421.2,344.0,927.0
423.8,275.3,972.6
385.8,197.9,1021.0
374.1,42.3,1032.9
361.1,-62.9,1033.5
-,-,-
54.9,81.5,991.4
22.5,170.9,978.1
-6.1,317.2,954.4
57.9,394.4,958.0
135.2,410.3,959.4
240.3,403.8,969.1
401.6,309.7,957.4
508.3,208.6,920.9
569.2,107.0,909.2
565.8,11.3,878.5
532.8,-78.4,870.5
576.4,-238.9,920.0
578.1,-421.6,931.7
481.4,-571.7,850.4
352.5,-630.2,873.2
176.3,-590.8,938.6
14.9,-541.3,992.5
-151.5,-426.0,1035.8
-288.2,-311.5,1022.7
-282.5,-226.6,929.7
-276.2,-40.4,954.5
-245.3,84.7,964.8
-241.6,95.1,764.3
-342.3,216.0,828.8
-320.2,269.8,981.8
-181.3,295.2,1006.9
-99.9,409.6,1013.0
59.7,379.4,902.5
200.8,362.1,890.0
231.5,428.0,896.3
335.3,377.6,828.1
319.4,413.8,935.1
286.4,421.8,993.3
401.2,232.8,891.0
492.7,95.2,889.7
444.8,68.7,886.4
321.9,124.2,918.8
313.1,95.8,966.3
342.2,-29.8,902.3
-,-,-
56.6,274.9,1020.6
72.8,387.3,980.7
192.3,375.9,928.8
262.3,390.7,958.7
358.7,360.2,961.3
509.2,230.9,925.3
578.1,137.0,901.4
656.5,64.8,921.3
719.8,-64.7,877.0
715.9,-173.3,853.2
635.8,-276.9,857.7
492.5,-384.8,855.6
321.5,-510.0,913.0
106.5,-658.9,830.7
-104.0,-604.1,860.7
-259.9,-399.7,1057.3
-329.8,-289.5,1008.6
-331.4,-166.6,983.4
-333.8,-23.0,942.9
-349.9,31.5,834.4
-325.6,210.9,993.4
-215.4,371.1,1079.9
-106.3,398.9,1033.6
-95.2,471.4,1026.1
52.0,421.5,879.4
223.1,407.6,844.2
306.7,521.9,882.9
472.7,511.2,933.7
504.1,471.1,982.9
528.1,372.6,973.0
571.7,175.9,959.9
462.6,20.7,891.0
399.7,-129.5,866.6
-,-,-
105.2,276.5,988.1
175.6,345.7,965.7
259.4,374.1,961.7
374.1,308.2,952.8
474.6,191.9,931.0
526.5,104.3,932.2
601.3,-20.6,926.5
645.0,-142.7,917.3
649.7,-240.9,907.7
583.3,-338.5,869.4
481.6,-436.7,883.5
364.2,-500.1,919.9
142.1,-540.4,842.9
-113.1,-511.7,847.4
-264.8,-495.7,888.8
-298.1,-503.4,829.1
-371.4,-396.3,868.5
-357.9,-287.0,884.6
-287.9,-93.5,878.9
-220.8,206.1,997.2
-115.9,283.1,1005.7
-83.4,286.5,1052.2
-96.5,388.4,1134.0
-94.6,399.1,1019.5
-0.6,424.9,988.2
103.8,482.0,957.0
201.4,510.5,875.3
248.4,550.4,886.1
375.4,479.2,913.2
490.5,319.1,927.0
538.8,160.3,973.0
522.5,14.4,970.7
452.8,-138.6,908.4
-,-,-
-162.7,357.0,960.9
 8.1,386.5,943.3
239.0,365.5,1018.2
393.5,287.9,961.9
397.9,253.9,903.0
377.5,249.3,916.3
411.1,176.9,887.1
409.1,143.6,902.7
496.9,45.4,961.5
576.0,-113.1,938.2
531.9,-201.7,903.1
473.9,-279.0,881.6
395.3,-337.3,848.4
247.0,-335.4,927.4
117.3,-331.6,1002.8
54.0,-426.5,1014.6
-30.0,-460.5,1087.0
-102.9,-442.1,1048.3
-184.0,-403.9,951.1
-294.3,-248.1,945.6
-278.8,-147.9,881.3
-296.5,-37.9,897.3
-326.9,59.9,959.5
-279.5,83.0,938.5
-245.4,135.4,1001.1
-211.9,196.1,980.6
-183.6,246.6,879.3
-71.8,321.4,925.7
133.3,378.0,974.6
349.6,368.0,1025.4
336.0,445.4,986.1
365.9,496.6,994.3
525.7,367.6,955.7
432.8,311.6,892.6
406.9,250.2,884.1
452.5,91.2,870.8
437.8,-40.3,896.7
391.2,-131.0,952.3
-,-,-
117.1,19.5,986.7
60.5,123.3,997.2
20.9,274.8,1005.6
91.3,335.3,981.8
207.5,340.2,946.2
303.3,342.1,947.5
397.9,294.7,947.6
450.4,234.7,934.8
474.8,192.6,955.6
528.8,93.6,930.3
566.9,-11.0,903.2
612.3,-125.1,930.6
608.6,-239.0,918.2
575.1,-375.8,820.7
498.9,-519.9,825.7
309.9,-611.0,931.7
51.3,-572.4,1002.9
-180.9,-498.2,1034.0
-349.3,-372.1,1064.1
-358.0,-223.0,1021.9
-332.2,-17.2,1039.7
-276.3,120.4,954.8
-233.1,207.3,873.4
-273.7,333.4,939.1
-231.2,347.8,979.7
-240.0,336.0,973.4
-211.8,350.0,940.1
-81.1,368.7,936.4
30.9,412.2,908.1
194.1,402.7,888.1
275.7,443.5,951.4
391.1,405.5,990.3
480.0,301.7,1005.8
419.0,249.8,963.1
420.5,129.9,940.9
413.0,-57.8,865.3
345.4,-178.6,845.9
305.2,-206.5,964.4
-,-,-
12.1,121.3,974.8
-60.8,262.7,962.7
-2.1,403.2,980.1
201.3,453.6,1006.6
312.2,438.8,958.9
399.7,373.2,921.4
517.0,253.6,889.3
544.2,167.6,870.2
596.9,61.3,898.7
640.2,-72.1,887.4
668.9,-194.9,902.1
673.5,-363.6,920.4
513.1,-522.4,809.7
265.9,-583.9,836.4
-40.2,-568.9,1014.2
-232.3,-576.8,1037.0
-361.1,-429.4,1060.1
-415.6,-190.9,1119.9
-353.0,-11.0,1069.8
-336.7,145.4,941.3
-263.8,235.1,898.1
-274.3,310.1,949.0
-262.4,308.8,983.1
-171.9,224.2,913.8
-101.3,260.8,903.8
-5.4,374.5,930.1
82.5,493.8,934.6
159.7,611.2,998.5
254.8,605.7,961.9
332.5,507.8,878.8
386.7,421.0,927.7
451.9,268.4,947.7
435.9,124.8,932.9
347.0,42.0,904.5
291.5,-25.5,930.5
261.4,-79.0,965.3
-,-,-
47.8,-37.8,973.3
-34.0,41.3,972.2
-102.0,171.5,943.4
-70.6,307.3,926.6
65.5,416.9,943.0
295.4,428.3,986.3
437.8,388.4,1014.6
459.1,346.4,987.9
505.3,261.5,958.8
529.8,178.9,939.1
595.2,53.9,925.1
668.0,-110.5,902.8
626.9,-293.6,849.7
615.6,-529.4,833.0
549.2,-642.3,855.9
308.0,-651.7,804.5
38.9,-622.0,809.1
-223.2,-532.6,916.9
-412.6,-455.4,975.3
-421.7,-330.3,1072.7
-328.2,-187.5,1076.8
-268.9,-58.4,922.5
-253.1,148.2,882.5
-305.8,348.3,871.1
-398.1,434.8,919.0
-337.2,416.5,991.5
-245.3,446.8,982.0
-100.8,482.5,982.2
71.2,492.2,1001.3
133.5,523.5,973.5
305.1,443.4,926.7
323.9,399.6,939.7
355.3,309.0,930.0
438.3,120.7,927.2
312.8,46.8,932.2
290.1,-34.7,981.5
317.0,-188.4,987.0
-,-,-
76.7,-40.3,981.2
55.7,-30.8,970.9
29.1, 5.8,962.2
-47.7,102.2,954.3
-119.4,278.2,939.4
-57.5,441.2,986.4
163.4,463.1,993.7
319.0,439.8,991.6
462.5,350.4,988.1
562.0,213.6,959.8
557.3,128.2,912.5
589.5,21.9,855.3
616.3,-87.0,854.0
646.8,-209.6,877.4
639.6,-351.2,917.4
540.0,-468.5,910.0
332.7,-496.5,943.4
118.9,-537.5,994.3
-110.7,-558.5,981.5
-249.7,-470.9,1049.5
-246.9,-294.5,1122.0
-272.5,-71.5,1078.3
-276.5,144.6,1009.6
-232.1,280.2,1018.7
-292.8,334.6,1025.1
-298.7,242.3,880.6
-292.9,202.2,846.7
-286.3,264.6,852.6
-191.6,324.3,837.3
 6.5,369.8,903.2
167.5,412.5,983.2
245.7,474.3,1027.7
335.5,419.8,969.9
376.8,340.4,923.5
383.5,305.9,943.9
427.5,220.1,956.6
389.0,104.2,907.1
385.3,-45.8,894.4
-,-,-
110.3, 5.9,952.6
102.3,33.6,981.3
66.3,68.9,962.7
-14.9,160.2,960.5
34.4,263.9,977.2
152.4,330.9,934.1
183.2,395.8,878.3
255.4,394.1,898.6
355.4,327.5,958.8
417.5,243.5,963.0
472.9,138.3,953.8
519.6,35.1,956.0
553.3,-84.2,898.1
606.3,-228.4,894.9
582.1,-300.7,876.4
445.3,-343.5,859.3
349.8,-403.6,910.8
228.3,-452.1,973.8
106.6,-485.8,1083.4
11.3,-517.4,1073.3
-189.3,-420.0,1024.9
-344.5,-241.8,918.6
-352.1,-48.4,883.7
-400.4,134.5,852.6
-409.2,224.3,810.0
-462.8,308.4,919.2
-413.0,328.1,1023.0
-268.1,320.6,1014.6
-111.4,332.9,1007.8
64.5,341.0,987.4
147.7,389.9,900.9
285.5,464.7,965.8
347.1,507.0,960.2
408.0,484.5,1013.8
513.5,306.2,989.2
370.6,201.3,883.5
345.3,68.5,913.4
340.9,-93.9,796.4
286.8,-159.5,825.2
-,-,-
85.0,-12.7,957.7
44.8,37.5,994.8
 9.1,116.0,1001.3
-20.3,227.6,959.1
34.1,317.9,949.0
123.4,388.2,970.5
233.1,355.7,954.3
318.2,306.7,968.3
413.5,252.3,982.9
501.4,121.3,921.1
509.2,41.6,902.0
518.8,-7.5,980.3
551.1,-89.4,1005.9
579.0,-232.8,959.8
575.8,-390.1,915.4
497.4,-519.1,816.6
340.6,-548.9,832.5
65.4,-495.1,905.8
-224.4,-395.3,921.5
-397.7,-223.2,997.7
-402.4,-131.7,954.4
-357.7,-27.5,936.2
-235.6,171.3,1094.3
-229.9,306.1,1066.5
-288.3,352.1,1027.7
-237.2,308.7,994.9
-162.6,247.7,985.5
-117.6,285.8,1047.9
-67.8,369.5,1026.3
55.2,407.5,1023.0
133.7,451.4,963.1
223.2,457.2,912.2
289.7,446.7,943.5
338.7,401.4,934.0
431.7,253.4,885.3
413.7,106.8,883.4
359.3,-51.2,861.4
318.2,-187.0,838.8
-,-,-
142.3,-63.7,995.8
14.1,65.2,953.3
-73.6,198.7,980.4
-100.7,296.4,944.2
-45.2,345.5,898.2
94.1,393.5,965.5
254.3,411.5,1004.8
322.1,386.9,976.2
362.3,328.4,951.4
423.6,232.9,930.9
480.0,143.5,940.3
568.1,13.4,952.8
583.9,-117.5,892.5
592.8,-224.9,895.4
560.1,-340.2,889.9
398.5,-384.5,876.4
252.6,-392.6,962.8
137.3,-451.7,972.1
22.4,-464.3,995.3
-57.0,-384.2,1098.8
-167.2,-274.1,1096.8
-321.3,-101.1,1019.0
-334.0,31.3,974.3
-319.6,169.4,872.4
-356.4,340.5,880.6
-256.5,396.3,1058.0
-259.2,373.1,1040.0
-207.1,327.9,941.3
-155.3,434.1,949.8
-42.1,559.7,936.1
101.9,662.4,1003.4
211.6,720.3,1031.3
393.8,625.0,1024.8
454.5,449.4,961.6
511.4,219.6,889.9
547.8,-42.3,840.0
396.9,-167.9,813.4
-,-,-
79.4,-11.3,975.1
95.4,-37.0,956.6
99.0,-64.7,956.3
70.6,-57.2,960.5
-84.0,105.7,1015.2
-161.6,258.7,971.5
-38.2,321.9,895.0
235.7,306.2,950.9
433.9,222.8,936.9
425.7,240.3,967.8
430.8,215.0,996.8
457.6,165.1,1017.5
493.0,148.9,1063.7
504.8,80.1,971.7
547.4,-86.2,830.8
610.9,-279.8,846.1
530.9,-391.2,860.9
405.4,-473.7,824.2
262.0,-516.4,907.7
70.7,-514.4,928.9
-133.1,-506.7,890.4
-392.2,-384.2,971.8
-493.2,-267.5,976.3
-433.8,-114.0,952.0
-350.4,178.0,1033.8
-311.6,367.0,1105.0
-323.1,355.3,1042.5
-305.4,327.1,947.8
-238.7,348.6,844.0
-20.1,377.0,924.4
147.6,463.5,1127.9
189.1,516.1,1152.7
267.9,473.2,1026.8
310.2,467.7,953.6
441.7,319.0,885.7
393.9,197.2,867.2
308.7,157.9,942.9
321.5,12.7,922.8
287.0,-97.3,876.2
349.7,-266.2,886.1
-,-,-
71.4,23.2,988.9
72.6, 9.1,962.8
71.6,18.1,966.2
81.2,32.5,975.7
54.4,99.4,992.0
 5.2,260.8,1065.9
 9.0,381.4,1055.1
80.0,401.9,968.8
197.5,342.4,911.0
314.2,241.1,900.9
403.7,128.3,905.5
486.3, 5.2,886.4
587.4,-86.9,925.0
707.0,-176.2,948.2
739.0,-278.6,967.7
579.9,-345.3,999.4
385.2,-458.5,905.8
193.0,-529.3,827.4
-18.2,-496.3,899.6
-366.6,-212.2,1109.1
-684.8,131.4,1173.6
-600.6,144.0,935.1
-505.1,140.3,822.2
-389.7,198.2,919.0
-267.5,261.9,970.3
-335.8,324.2,969.9
-287.0,230.0,928.7
-195.3,230.8,908.8
-117.3,352.3,962.6
-25.5,446.9,1010.7
95.4,478.0,1001.5
209.5,505.1,966.7
437.7,409.1,940.6
491.8,292.3,859.9
405.8,304.8,918.5
472.4,129.8,891.2
411.3,-63.4,863.3
366.7,-180.2,908.0
-,-,-
117.1,-59.5,957.5
90.4,-44.9,965.1
20.1,56.4,1019.1
-72.1,225.1,1016.9
-125.9,464.3,1020.2
121.0,476.6,1028.1
404.9,277.3,920.7
477.6,172.0,873.3
544.4,113.0,924.6
570.6,68.7,945.2
540.7,35.0,953.7
516.0,-38.6,945.6
425.2,-105.1,959.5
419.3,-252.0,944.0
431.5,-450.8,899.6
280.0,-534.0,845.5
148.2,-537.0,882.2
10.0,-535.7,946.6
-212.4,-453.4,945.5
-307.1,-299.5,1002.7
-373.6,-110.7,1054.4
-391.7,-34.0,985.2
-293.8,-19.8,991.3
-249.7,81.0,1028.0
-253.7,124.9,947.9
-220.1,134.4,931.8
-183.6,212.3,929.2
-120.8,360.2,990.0
 9.6,422.1,1013.6
73.1,507.3,1025.1
154.2,556.3,1045.9
232.3,502.2,972.6
313.6,395.4,902.3
432.2,249.2,889.8
376.3,184.5,957.2
321.3,66.7,946.8
313.1,-110.1,883.4
-,-,-
17.4,65.0,962.5
-27.2,179.9,965.2
-78.4,333.2,976.5
-15.0,416.9,972.3
160.2,382.4,961.6
278.7,327.0,969.9
384.2,221.6,941.2
472.8,94.2,907.6
542.1,30.0,962.3
608.6,-40.7,950.1
594.4,-111.1,913.8
576.5,-160.8,979.2
533.7,-260.2,972.8
383.8,-367.4,958.0
131.5,-419.9,960.8
-116.9,-495.6,920.5
-316.7,-508.4,908.8
-370.7,-444.4,907.7
-442.1,-296.8,858.4
-473.7,-69.2,913.4
-339.4,84.8,955.4
-274.9,224.3,1015.3
-183.2,297.0,1065.3
-129.8,305.7,995.9
-154.4,345.9,952.4
-83.6,393.8,962.3
19.9,433.8,955.9
122.6,509.3,988.5
278.4,497.0,971.3
424.5,420.1,942.5
388.3,405.5,917.3
416.8,304.8,897.9
511.0,92.2,895.7
376.2,-21.5,866.4
278.5,-97.7,921.7
-,-,-
64.5,78.1,1024.6
-24.9,234.7,1029.8
-53.2,376.6,964.8
68.3,408.6,954.6
219.6,370.8,976.9
352.3,284.9,942.1
489.5,189.4,948.2
550.4,100.6,942.9
579.1, 7.3,911.4
605.2,-95.5,933.8
635.2,-252.5,947.0
612.9,-467.9,890.0
475.7,-608.4,814.6
250.4,-627.6,834.7
37.4,-624.7,893.4
-188.0,-582.0,977.0
-408.0,-411.9,1140.4
-446.3,-236.4,1083.4
-341.3,-115.1,1055.7
-379.7,59.4,975.2
-219.7,138.2,866.1
-180.6,266.3,969.1
-389.8,409.3,974.3
-278.0,393.1,928.3
-219.6,491.5,995.1
-53.0,535.5,962.0
 9.8,604.5,969.6
69.2,736.7,1029.9
333.8,662.2,1000.7
491.0,539.2,1003.5
654.6,283.0,925.0
650.0,14.2,794.0
513.7,-123.8,768.9
414.0,-225.8,818.9
-,-,-
47.5,18.3,970.2
10.1,101.7,1012.9
-7.3,179.2,999.8
 1.6,296.6,979.1
71.9,383.9,964.0
222.1,342.4,951.7
295.9,289.2,917.7
405.9,233.4,914.5
451.5,177.3,948.4
391.9,145.0,1004.7
399.7,86.3,1051.9
407.9,-18.4,1003.4
461.6,-222.3,996.3
508.1,-431.7,982.4
365.1,-487.9,1016.0
147.8,-498.9,981.4
-146.8,-454.3,911.5
-345.0,-379.8,962.3
-412.1,-244.3,980.3
-415.3,18.0,1073.4
-366.7,212.2,1081.5
-284.7,292.4,1022.4
-214.9,264.5,926.7
-302.7,281.0,801.4
-293.0,318.2,846.8
-254.1,398.8,976.6
-115.1,475.0,1000.8
41.7,587.6,1045.1
235.7,589.8,1103.3
376.4,459.2,1002.9
271.9,463.8,959.7
355.7,343.2,917.1
370.2,169.8,841.2
346.6,33.1,834.0
353.1,-96.6,880.2
294.3,-169.0,895.5
-,-,-
-8.4,156.8,1007.6
-46.7,327.7,977.8
50.3,404.1,971.6
254.6,319.7,965.6
313.8,280.2,904.1
343.8,265.3,889.5
463.6,154.6,910.2
537.7,54.2,943.3
578.9,-54.3,945.5
630.1,-211.9,976.1
623.8,-431.5,946.8
464.1,-622.7,863.0
283.9,-734.1,956.5
80.7,-773.9,910.8
-284.5,-636.4,791.7
-465.3,-502.6,822.3
-510.9,-369.9,887.5
-387.9,-259.7,945.6
-277.2,-125.4,878.2
-261.3,135.8,914.4
-188.9,302.0,1023.3
-227.8,379.9,1049.2
-182.4,396.3,1082.6
-93.7,434.7,1092.8
 1.2,499.4,1057.2
166.4,507.6,981.1
326.0,462.0,931.3
368.6,426.0,916.3
420.6,359.6,934.0
570.4,143.3,870.8
474.5,34.5,808.2
391.2,-38.1,818.7
371.6,-161.1,853.3
352.7,-237.0,903.7
-,-,-
137.7, 5.0,955.4
131.6,25.1,969.6
91.6,90.3,986.0
16.5,222.0,968.3
58.8,304.8,941.9
175.3,367.1,954.8
295.1,400.9,943.3
398.3,359.8,910.1
428.9,318.5,914.0
501.5,208.4,923.3
611.3,31.0,938.3
667.4,-104.0,958.8
667.3,-232.0,949.7
608.5,-396.0,867.7
424.1,-514.8,832.7
152.2,-500.0,916.5
-38.1,-509.0,1007.2
-173.6,-447.3,1017.3
-314.7,-253.6,1025.9
-332.3,-100.1,1125.6
-301.3,28.7,1094.2
-244.3,101.7,985.4
-175.8,163.8,949.9
-95.1,180.3,946.7
-71.1,212.0,959.8
-32.1,312.8,1015.7
 1.0,450.6,1065.8
133.0,479.0,1095.9
284.7,409.7,1105.0
223.2,462.8,1045.7
167.4,480.5,887.5
217.0,428.6,810.6
280.5,369.4,873.3
327.4,200.3,841.8
346.5,30.3,810.9
345.5,-83.1,878.2
351.9,-213.7,905.9
-,-,-
30.9,59.4,987.5
-1.2,120.5,957.9
-37.2,216.8,946.6
-39.4,336.8,986.7
81.6,356.9,1012.5
198.2,339.2,990.9
301.4,306.1,916.4
419.8,201.2,854.2
468.8,121.8,854.2
539.2,49.6,949.1
572.2,-16.9,1029.6
537.8,-78.3,1014.3
537.4,-349.6,962.0
499.5,-559.9,947.4
307.2,-466.1,984.9
132.1,-450.1,928.0
-34.6,-410.5,875.1
-241.7,-236.8,972.9
-344.3,-151.2,972.5
-450.4,-29.0,942.2
-418.4,94.1,974.9
-340.2,193.3,988.5
-330.2,279.1,967.2
-251.8,285.6,992.0
-169.2,292.8,1047.0
-113.6,329.3,1008.6
 1.4,366.9,1000.5
78.8,448.6,1005.8
208.7,470.0,904.2
391.9,434.0,894.0
377.7,422.9,892.1
373.5,321.2,862.4
426.8,139.6,868.8
396.1,19.3,904.9
474.6,-160.9,943.2
-,-,-
101.8,-34.8,985.6
42.7,48.7,987.8
-13.9,161.8,960.9
-60.7,295.0,912.9
45.9,425.0,998.4
307.4,408.0,1114.5
427.2,288.3,1045.1
476.0,151.9,951.0
490.4,55.0,931.2
480.0, 8.4,902.4
539.5,-83.5,903.1
544.8,-166.6,872.7
532.0,-237.7,882.6
574.9,-378.7,908.1
526.2,-520.6,897.6
268.9,-540.0,902.3
-65.6,-486.3,916.3
-234.7,-505.7,919.4
-319.3,-446.2,942.1
-405.9,-310.3,945.1
-469.8,-173.3,871.4
-407.8, 1.9,880.9
-232.0,197.5,966.9
-186.8,359.7,1047.7
-136.2,401.5,1067.5
-99.2,397.2,1038.9
-53.2,406.9,994.4
108.8,438.8,952.0
191.7,568.8,991.8
280.6,591.5,1049.7
395.5,407.8,932.2
408.5,276.5,835.9
482.0,104.7,800.2
436.4,10.8,788.1
406.7,-43.2,886.0
413.5,-152.7,925.1
336.8,-207.7,930.2
317.8,-296.4,927.9
