-,-,-
-128.57,-452.38,1047.62
-322.22,-487.30,1019.05
-553.97,-123.81,1039.68
-350.79,361.90,1177.78
-103.17,490.48,1098.41
131.75,807.94,1092.06
511.11,657.14,1041.27
487.30,565.08,947.62
563.49,301.59,869.84
484.13,80.95,738.10
488.89,-226.98,739.68
326.98,-273.02,690.48
257.14,-528.57,785.71
184.13,-385.71,711.11
58.73,-703.17,885.71
-106.35,-538.10,942.86
-176.19,-531.75,1098.41
-457.14,-460.32,869.84
-46.03,-179.36,1250.79
-79.36,-28.57,1117.46
276.19,258.73,1317.46
431.75,260.32,1203.17
363.49,176.19,1068.25
-,-,-
7.94,-428.57,1114.29
-130.16,-455.56,1061.90
-303.17,-376.19,1071.43
-325.40,204.76,1196.83
-203.17,409.52,1147.62
388.89,742.86,1088.89
761.90,666.67,1066.67
788.89,455.56,1042.86
741.27,200.00,711.11
534.92,-66.67,715.87
436.51,-146.03,612.70
403.17,-426.98,812.70
350.79,-538.10,806.35
303.17,-561.90,936.51
50.79,-706.35,861.90
7.94,-526.98,1144.44
-130.16,-487.30,939.68
-152.38,-357.14,1068.25
-55.56,-153.97,1142.86
31.75,-47.62,1168.25
309.52,103.17,1092.06
488.89,255.56,1014.29
-,-,-
57.14,-326.98,1015.87
-98.41,-357.14,942.86
-147.62,-252.38,1147.62
-157.14,134.92,1219.05
103.17,461.90,1192.06
211.11,301.59,1177.78
407.94,428.57,1085.71
536.51,428.57,1049.21
509.52,249.21,861.90
479.36,155.56,811.11
460.32,-101.59,787.30
411.11,-104.76,584.13
460.32,-479.36,717.46
453.97,-561.90,763.49
261.90,-587.30,736.51
73.02,-711.11,865.08
-52.38,-709.52,1011.11
-203.17,-561.90,946.03
-73.02,-358.73,1273.02
-71.43,-169.84,1168.25
80.95,76.19,1200.00
377.78,131.75,1071.43
461.90,79.36,1093.65
385.71,157.14,1017.46
249.21,23.81,963.49
-,-,-
6.35,-330.16,993.65
-47.62,-531.75,1023.81
-122.22,-431.75,1096.83
-130.16,-49.21,1171.43
57.14,80.95,1368.25
-44.44,531.75,1093.65
258.73,377.78,1061.90
258.73,466.67,1014.29
360.32,365.08,968.25
388.89,231.75,788.89
453.97,80.95,795.24
484.13,-223.81,739.68
453.97,-403.17,785.71
257.14,-474.60,628.57
253.97,-630.16,844.44
50.79,-655.56,787.30
-101.59,-714.29,844.44
-3.17,-604.76,1192.06
-246.03,-433.33,1073.02
-180.95,-184.13,1174.60
-95.24,-128.57,1200.00
-52.38,6.35,1171.43
200.00,258.73,1011.11
300.00,250.79,1087.30
274.60,184.13,1019.05
-,-,-
-52.38,-479.36,992.06
-198.41,-660.32,1044.44
-325.40,-326.98,896.83
-300.00,-1.59,1265.08
-203.17,533.33,1149.21
76.19,592.06,1114.29
363.49,477.78,1277.78
477.78,531.75,1073.02
487.30,285.71,1096.83
533.33,200.00,866.67
404.76,-71.43,663.49
482.54,-193.65,584.13
436.51,-482.54,796.83
328.57,-433.33,738.10
253.97,-709.52,939.68
125.40,-552.38,938.10
84.13,-634.92,998.41
26.98,-503.17,1093.65
-250.79,-504.76,1074.60
-80.95,-406.35,1220.63
-196.83,-223.81,1114.29
-120.64,-55.56,1122.22
125.40,33.33,1066.67
304.76,101.59,1115.87
382.54,160.32,1065.08
249.21,225.40,914.29
200.00,49.21,987.30
-,-,-
-25.40,-350.79,969.84
-119.05,-612.70,1050.79
-253.97,-334.92,1014.29
-331.75,9.52,1071.43
-250.79,355.56,1328.57
77.78,788.89,1168.25
365.08,611.11,1203.17
485.71,763.49,961.90
669.84,334.92,1049.21
742.86,203.17,885.71
507.94,-101.59,714.29
328.57,-196.83,587.30
311.11,-449.21,763.49
330.16,-625.40,841.27
-47.62,-576.19,911.11
25.40,-736.51,936.51
-279.36,-458.73,839.68
-173.02,-561.90,1149.21
-223.81,-423.81,1039.68
-120.64,-73.02,1146.03
-100.00,3.17,1169.84
233.33,352.38,1125.40
382.54,287.30,1122.22
334.92,261.90,1076.19
228.57,252.38,966.67
-,-,-
-23.81,-457.14,944.44
-79.36,-560.32,971.43
-252.38,-171.43,1112.70
-180.95,130.16,1252.38
26.98,352.38,1293.65
206.35,734.92,1071.43
458.73,515.87,1250.79
539.68,693.65,1036.51
668.25,438.10,968.25
490.48,250.79,685.71
582.54,-198.41,587.30
458.73,-352.38,509.52
558.73,-653.97,890.48
330.16,-685.71,604.76
252.38,-712.70,1022.22
-17.46,-711.11,717.46
-3.17,-665.08,1139.68
-258.73,-561.90,922.22
-77.78,-455.56,1252.38
-206.35,-206.35,1071.43
-257.14,-119.05,1293.65
1.59,76.19,1088.89
153.97,177.78,860.32
331.75,255.56,969.84
326.98,358.73,944.44
-,-,-
31.75,-204.76,1012.70
-73.02,-377.78,1046.03
-231.75,-353.97,1015.87
-253.97,-71.43,987.30
-357.14,76.19,1098.41
-146.03,180.95,993.65
434.92,560.32,1068.25
757.14,582.54,1174.60
631.75,679.36,1142.86
641.27,363.49,1095.24
587.30,238.10,919.05
490.48,-19.05,515.87
352.38,-174.60,568.25
412.70,-433.33,742.86
507.94,-561.90,860.32
336.51,-657.14,919.05
79.36,-680.95,912.70
74.60,-704.76,1063.49
-144.44,-582.54,895.24
33.33,-474.60,1092.06
-233.33,-231.75,1203.17
-176.19,-123.81,1088.89
-120.64,131.75,1017.46
73.02,98.41,1246.03
304.76,279.36,817.46
711.11,541.27,1074.60
-,-,-
-128.57,-433.33,961.90
-155.56,-422.22,817.46
-330.16,-355.56,990.48
-119.05,-47.62,1065.08
-15.87,263.49,1222.22
326.98,861.90,995.24
536.51,641.27,1344.44
661.90,711.11,1139.68
453.97,439.68,987.30
384.13,409.52,660.32
555.56,-20.64,768.25
536.51,58.73,587.30
579.36,-385.71,812.70
441.27,-323.81,666.67
538.10,-712.70,1090.48
204.76,-506.35,860.32
104.76,-631.75,1063.49
-23.81,-609.52,966.67
-30.16,-485.71,1177.78
-69.84,-276.19,936.51
-282.54,-195.24,1090.48
-126.98,-93.65,998.41
-22.22,173.02,920.64
173.02,204.76,985.71
-,-,-
-71.43,-409.52,914.29
-52.38,-228.57,990.48
-331.75,-176.19,1165.08
-323.81,155.56,1144.44
-222.22,300.00,966.67
22.22,512.70,1011.11
274.60,504.76,995.24
403.17,507.94,1087.30
561.90,484.13,919.05
663.49,352.38,1046.03
611.11,133.33,846.03
585.71,106.35,711.11
665.08,-252.38,820.64
460.32,-501.59,947.62
377.78,-460.32,968.25
228.57,-428.57,893.65
160.32,-630.16,1023.81
76.19,-555.56,1044.44
-204.76,-607.94,963.49
-146.03,-531.75,965.08
-258.73,-226.98,998.41
-198.41,-157.14,1122.22
-53.97,182.54,942.86
201.59,211.11,1041.27
287.30,106.35,1017.46
-,-,-
31.75,-504.76,1068.25
-71.43,-485.71,998.41
-273.02,-149.21,917.46
-425.40,158.73,1068.25
-303.17,434.92,1147.62
58.73,555.56,1100.00
236.51,631.75,1195.24
557.14,561.90,1093.65
514.29,463.49,1098.41
534.92,250.79,907.94
666.67,233.33,819.05
738.10,-223.81,819.05
615.87,-398.41,887.30
582.54,-585.71,871.43
328.57,-628.57,965.08
152.38,-658.73,896.83
53.97,-526.98,909.52
-131.75,-603.17,1017.46
-77.78,-558.73,1093.65
-300.00,-252.38,971.43
-146.03,-228.57,971.43
-101.59,28.57,1014.29
101.59,185.71,1063.49
101.59,276.19,1039.68
-,-,-
-42.86,-304.76,919.05
-107.94,-507.94,985.71
-155.56,-284.13,942.86
-358.73,-203.17,1115.87
-182.54,352.38,1171.43
31.75,536.51,1042.86
157.14,541.27,1142.86
355.56,641.27,988.89
311.11,555.56,965.08
460.32,465.08,971.43
734.92,304.76,1039.68
666.67,0.00,1066.67
658.73,-93.65,892.06
538.10,-282.54,893.65
465.08,-507.94,733.33
287.30,-612.70,1039.68
174.60,-658.73,868.25
71.43,-612.70,939.68
47.62,-653.97,1141.27
-123.81,-480.95,936.51
-326.98,-195.24,890.48
-252.38,-146.03,963.49
-273.02,182.54,958.73
0.00,233.33,969.84
201.59,276.19,1071.43
133.33,231.75,968.25
-,-,-
-76.19,-407.94,990.48
-95.24,-426.98,933.33
-250.79,-433.33,1017.46
-323.81,104.76,1085.71
-223.81,257.14,1169.84
-25.40,615.87,1038.10
236.51,612.70,1171.43
307.94,688.89,1173.02
507.94,590.48,987.30
566.67,385.71,1095.24
541.27,287.30,885.71
630.16,33.33,842.86
463.49,-103.17,738.10
384.13,-330.16,766.67
433.33,-349.21,868.25
312.70,-576.19,938.10
209.52,-425.40,1092.06
26.98,-555.56,893.65
26.98,-682.54,1125.40
-122.22,-357.14,936.51
-171.43,-426.98,966.67
-144.44,-334.92,1039.68
-157.14,-100.00,938.10
-150.79,-20.64,1065.08
6.35,277.78,942.86
-47.62,174.60,992.06
160.32,176.19,1096.83
273.02,187.30,1088.89
-,-,-
-22.22,-407.94,1087.30
-231.75,-203.17,971.43
-226.98,52.38,1119.05
-226.98,77.78,1168.25
-120.64,431.75,1168.25
31.75,588.89,1117.46
334.92,833.33,1114.29
538.10,579.36,1088.89
612.70,511.11,944.44
636.51,209.52,861.90
704.76,47.62,784.13
636.51,-155.56,658.73
555.56,-360.32,720.64
511.11,-587.30,836.51
284.13,-555.56,820.64
149.21,-782.54,915.87
22.22,-660.32,1117.46
-101.59,-588.89,919.05
-123.81,-550.79,1071.43
-144.44,-226.98,1047.62
-204.76,-174.60,992.06
26.98,-52.38,1166.67
103.17,276.19,998.41
100.00,252.38,1092.06
200.00,261.90,1061.90
100.00,258.73,946.03
-,-,-
-22.22,-220.64,965.08
-100.00,-528.57,996.83
-126.98,-358.73,911.11
-80.95,-360.32,1168.25
-252.38,100.00,1165.08
-204.76,301.59,1092.06
4.76,641.27,1095.24
314.29,668.25,1090.48
584.13,793.65,1020.64
639.68,655.56,936.51
638.10,479.36,871.43
457.14,95.24,836.51
484.13,-30.16,631.75
563.49,-452.38,736.51
506.35,-614.29,817.46
453.97,-811.11,988.89
98.41,-728.57,839.68
98.41,-785.71,1036.51
-104.76,-657.14,1095.24
-28.57,-600.00,1014.29
-193.65,-385.71,1142.86
-195.24,-157.14,942.86
-98.41,4.76,965.08
30.16,160.32,1168.25
107.94,306.35,938.10
204.76,209.52,1066.67
-,-,-
-23.81,-431.75,1071.43
-150.79,-379.36,1038.10
-179.36,-255.56,1088.89
-277.78,333.33,1241.27
-173.02,461.90,1403.17
30.16,607.94,1093.65
304.76,688.89,941.27
585.71,431.75,861.90
717.46,309.52,887.30
887.30,109.52,792.06
706.35,111.11,714.29
733.33,-247.62,719.05
536.51,-253.97,711.11
490.48,-576.19,679.36
223.81,-660.32,966.67
180.95,-730.16,1050.79
50.79,-838.10,961.90
-79.36,-631.75,1219.05
-150.79,-382.54,922.22
-123.81,-449.21,1112.70
-101.59,-150.79,973.02
-153.97,-46.03,1166.67
19.05,209.52,1023.81
126.98,363.49,990.48
250.79,255.56,1092.06
234.92,382.54,946.03
-,-,-
-4.76,-228.57,1092.06
-149.21,-146.03,1011.11
-173.02,-206.35,1139.68
-225.40,-76.19,1093.65
-257.14,158.73,1141.27
30.16,541.27,1069.84
361.90,741.27,966.67
617.46,733.33,1022.22
631.75,633.33,960.32
585.71,430.16,942.86
504.76,176.19,787.30
555.56,-73.02,784.13
557.14,-231.75,606.35
590.48,-679.36,887.30
414.29,-631.75,714.29
387.30,-915.87,1066.67
26.98,-553.97,744.44
130.16,-660.32,1177.78
-201.59,-501.59,1193.65
-125.40,-331.75,1015.87
-176.19,-55.56,1228.57
-150.79,28.57,1049.21
3.17,274.60,1038.10
184.13,333.33,993.65
307.94,279.36,1017.46
257.14,326.98,946.03
-,-,-
25.40,-298.41,988.89
-123.81,-631.75,1044.44
-122.22,-334.92,944.44
-155.56,-3.17,1046.03
-146.03,230.16,1165.08
80.95,460.32,1295.24
228.57,638.10,1087.30
355.56,692.06,1098.41
436.51,526.98,912.70
512.70,533.33,861.90
606.35,285.71,809.52
592.06,155.56,763.49
704.76,-200.00,715.87
590.48,-228.57,715.87
428.57,-487.30,866.67
287.30,-653.97,865.08
236.51,-636.51,1047.62
133.33,-814.29,866.67
126.98,-780.95,1317.46
-150.79,-600.00,760.32
-26.98,-455.56,1215.87
-252.38,-26.98,946.03
-49.21,0.00,1046.03
109.52,204.76,1066.67
74.60,377.78,968.25
234.92,234.92,1069.84
279.36,301.59,1014.29
-,-,-
3.17,-404.76,1044.44
-30.16,-576.19,1049.21
-74.60,-380.95,973.02
-225.40,-100.00,1071.43
-231.75,363.49,1120.63
-22.22,512.70,1426.98
123.81,1038.10,1042.86
565.08,587.30,1123.81
479.36,714.29,838.10
709.52,357.14,836.51
634.92,326.98,692.06
633.33,80.95,769.84
514.29,207.94,592.06
766.67,-301.59,819.05
706.35,-325.40,846.03
744.44,-661.90,806.35
607.94,-636.51,1168.25
284.13,-731.75,1196.83
-230.16,-582.54,755.56
-204.76,-536.51,1196.83
-323.81,-350.79,811.11
-196.83,-258.73,1036.51
-128.57,-68.25,920.64
-100.00,55.56,1069.84
134.92,277.78,1022.22
263.49,303.17,1047.62
-,-,-
101.59,-326.98,1061.90
-17.46,-530.16,1041.27
-77.78,-606.35,1085.71
-226.98,-323.81,917.46
-225.40,179.36,1039.68
-103.17,428.57,1088.89
55.56,714.29,919.05
185.71,936.51,887.30
438.10,584.13,1020.64
431.75,787.30,890.48
511.11,558.73,969.84
588.89,460.32,841.27
657.14,123.81,917.46
534.92,98.41,688.89
668.25,-280.95,941.27
480.95,-458.73,784.13
492.06,-706.35,1265.08
282.54,-706.35,863.49
4.76,-628.57,896.83
103.17,-663.49,1177.78
47.62,-479.36,968.25
-130.16,-252.38,1038.10
-47.62,-128.57,1093.65
-4.76,100.00,1074.60
104.76,280.95,917.46
206.35,201.59,1085.71
228.57,260.32,1012.70
182.54,226.98,949.21
158.73,157.14,963.49
-,-,-
25.40,-425.40,988.89
-79.36,-534.92,869.84
-79.36,-485.71,1015.87
-176.19,-55.56,1017.46
-123.81,255.56,1171.43
0.00,509.52,1177.78
101.59,793.65,1101.59
357.14,966.67,860.32
479.36,560.32,1074.60
606.35,760.32,842.86
636.51,306.35,914.29
811.11,150.79,873.02
917.46,-17.46,915.87
704.76,-260.32,734.92
606.35,-380.95,736.51
604.76,-690.48,942.86
233.33,-612.70,847.62
131.75,-758.73,1061.90
106.35,-611.11,1117.46
-271.43,-533.33,965.08
-144.44,-480.95,1073.02
-173.02,-220.64,1047.62
-247.62,-3.17,917.46
-71.43,153.97,1042.86
123.81,333.33,988.89
234.92,304.76,939.68
-,-,-
147.62,-461.90,1044.44
-52.38,-485.71,885.71
-44.44,-330.16,1038.10
-95.24,-152.38,1123.81
-174.60,282.54,1198.41
-104.76,403.17,1138.10
-1.59,812.70,1050.79
326.98,638.10,1022.22
490.48,758.73,895.24
611.11,434.92,965.08
685.71,403.17,961.90
715.87,255.56,788.89
555.56,-4.76,806.35
438.10,0.00,630.16
533.33,-577.78,868.25
304.76,-385.71,761.90
536.51,-790.48,993.65
228.57,-684.13,1014.29
253.97,-711.11,1092.06
-171.43,-534.92,1088.89
-30.16,-409.52,1279.37
-180.95,-273.02,988.89
-98.41,-26.98,1120.63
-50.79,146.03,842.86
107.94,200.00,1076.19
155.56,352.38,895.24
98.41,330.16,949.21
-,-,-
153.97,-452.38,1092.06
25.40,-684.13,1065.08
-80.95,-460.32,973.02
-125.40,-206.35,1063.49
-177.78,100.00,1147.62
-206.35,514.29,1150.79
82.54,634.92,1049.21
122.22,790.48,915.87
401.59,609.52,836.51
636.51,758.73,814.29
720.64,387.30,771.43
768.25,152.38,898.41
687.30,234.92,820.64
844.44,-273.02,819.05
592.06,-79.36,787.30
666.67,-730.16,793.65
303.17,-577.78,869.84
334.92,-830.16,1041.27
23.81,-741.27,987.30
-47.62,-538.10,1100.00
-179.36,-587.30,1138.10
-130.16,-406.35,1122.22
-382.54,46.03,841.27
-,-,-
-23.81,-582.54,1088.89
-179.36,-511.11,993.65
-331.75,-325.40,944.44
-144.44,180.95,1169.84
46.03,492.06,1123.81
514.29,1065.08,961.90
784.13,811.11,1142.86
534.92,785.71,887.30
634.92,485.71,974.60
692.06,353.97,887.30
634.92,60.32,668.25
715.87,-131.75,838.10
580.95,-358.73,915.87
388.89,-330.16,765.08
409.52,-590.48,1020.64
253.97,-685.71,939.68
131.75,-634.92,998.41
53.97,-576.19,961.90
-125.40,-398.41,922.22
-53.97,-428.57,1169.84
-249.21,-31.75,1011.11
-258.73,23.81,939.68
-95.24,153.97,1047.62
107.94,326.98,1041.27
-,-,-
53.97,-333.33,946.03
6.35,-579.36,1012.70
-53.97,-584.13,1000.00
-69.84,-230.16,995.24
-304.76,153.97,992.06
-180.95,631.75,1141.27
49.21,834.92,939.68
260.32,792.06,1044.44
460.32,812.70,1025.40
568.25,744.44,993.65
633.33,485.71,1061.90
541.27,285.71,888.89
633.33,31.75,892.06
509.52,-93.65,812.70
455.56,-198.41,668.25
515.87,-658.73,1215.87
382.54,-511.11,863.49
109.52,-555.56,919.05
57.14,-626.98,1039.68
-53.97,-509.52,934.92
-76.19,-557.14,1044.44
-149.21,-280.95,1036.51
-277.78,-104.76,987.30
-104.76,-149.21,1019.05
30.16,52.38,1093.65
104.76,280.95,973.02
-,-,-
30.16,-323.81,1020.64
-106.35,-480.95,1042.86
-198.41,-206.35,933.33
-249.21,-92.06,1144.44
-204.76,380.95,1193.65
30.16,666.67,1049.21
330.16,834.92,1046.03
533.33,795.24,936.51
580.95,785.71,1015.87
655.56,482.54,730.16
711.11,212.70,944.44
739.68,23.81,839.68
604.76,0.00,682.54
590.48,-455.56,860.32
506.35,-533.33,819.05
226.98,-663.49,868.25
155.56,-739.68,1039.68
-25.40,-685.71,946.03
-150.79,-717.46,996.83
-225.40,-536.51,1141.27
-255.56,-474.60,1090.48
-231.75,-250.79,1039.68
-100.00,22.22,1041.27
98.41,179.36,871.43
-,-,-
7.94,-450.79,965.08
-146.03,-636.51,966.67
-182.54,-436.51,961.90
-253.97,22.22,1063.49
-307.94,414.29,1244.44
55.56,763.49,1063.49
174.60,866.67,1092.06
515.87,888.89,969.84
477.78,709.52,1171.43
565.08,611.11,869.84
658.73,455.56,1071.43
688.89,196.83,787.30
690.48,-204.76,941.27
490.48,-201.59,658.73
438.10,-687.30,936.51
203.17,-603.17,836.51
209.52,-657.14,988.89
50.79,-634.92,1220.63
-98.41,-536.51,861.90
-201.59,-476.19,1071.43
-233.33,-228.57,787.30
-180.95,-280.95,995.24
-106.35,-1.59,933.33
-73.02,180.95,1009.52
226.98,328.57,1141.27
206.35,504.76,993.65
198.41,385.71,1087.30
-,-,-
-76.19,-450.79,995.24
-93.65,-485.71,1020.64
-182.54,-385.71,990.48
-406.35,-96.83,990.48
-307.94,458.73,887.30
-26.98,806.35,939.68
107.94,763.49,1144.44
355.56,963.49,998.41
487.30,714.29,1071.43
528.57,517.46,938.10
641.27,234.92,995.24
630.16,58.73,815.87
593.65,-428.57,693.65
490.48,-528.57,933.33
304.76,-706.35,858.73
211.11,-739.68,1177.78
31.75,-653.97,1041.27
-46.03,-650.79,990.48
-173.02,-588.89,1269.84
-253.97,-347.62,938.10
-173.02,-226.98,1042.86
-149.21,-49.21,911.11
-177.78,84.13,847.62
82.54,207.94,1092.06
98.41,207.94,936.51
-,-,-
125.40,-252.38,847.62
25.40,-523.81,947.62
-23.81,-711.11,934.92
-26.98,-574.60,1198.41
-171.43,-152.38,1193.65
-152.38,187.30,1325.40
-49.21,515.87,1300.00
23.81,858.73,1014.29
130.16,884.13,941.27
301.59,814.29,890.48
430.16,666.67,834.92
555.56,530.16,809.52
607.94,203.17,839.68
617.46,80.95,711.11
712.70,-131.75,861.90
585.71,-274.60,807.94
533.33,-460.32,860.32
461.90,-352.38,936.51
403.17,-733.33,1203.17
260.32,-552.38,947.62
50.79,-709.52,1063.49
-174.60,-733.33,914.29
-196.83,-553.97,1071.43
-206.35,-257.14,939.68
-223.81,-150.79,1049.21
-96.83,153.97,868.25
26.98,409.52,992.06
-,-,-
49.21,-384.13,1125.40
-95.24,-500.00,968.25
-74.60,-380.95,1044.44
-279.36,-100.00,1117.46
-307.94,331.75,1144.44
-117.46,577.78,1139.68
84.13,890.48,893.65
231.75,817.46,992.06
385.71,734.92,1012.70
360.32,592.06,917.46
530.16,457.14,917.46
612.70,157.14,1019.05
611.11,-25.40,941.27
612.70,-282.54,936.51
455.56,-479.36,817.46
260.32,-426.98,579.36
258.73,-807.94,1044.44
71.43,-680.95,898.41
-101.59,-580.95,844.44
-119.05,-558.73,961.90
-152.38,-460.32,1088.89
-176.19,-298.41,968.25
-195.24,-176.19,1090.48
-126.98,-147.62,1114.29
-69.84,228.57,1012.70
131.75,120.64,1144.44
