-,-,-
174.2,151.1,961.6
247.2,75.1,980.8
273.4, 3.4,982.1
322.4,-77.3,979.5
302.9,-99.5,996.1
255.0,-74.7,1009.3
259.2,-92.4,982.7
180.0,-88.0,967.4
167.9,-99.6,957.2
193.4,-137.6,973.6
136.5,-137.5,983.4
100.0,-152.5,974.6
105.3,-184.6,975.6
42.7,-179.2,949.5
-16.4,-162.4,953.9
-39.0,-143.1,969.4
-103.5,-93.5,966.5
-130.0,-55.1,964.4
-132.5,-33.6,974.7
-118.7,-40.5,950.7
-108.6,-11.7,928.7
-156.5,70.0,925.1
-150.2,114.2,907.5
-136.0,146.8,902.7
-130.2,177.3,914.6
-66.3,190.9,947.6
-30.4,232.1,1015.3
12.0,242.1,999.4
84.0,199.1,966.2
92.7,191.3,966.8
134.7,159.9,937.5
105.2,161.9,916.3
73.2,183.3,950.5
159.4,117.7,967.7
149.0,103.6,978.5
166.0,83.5,1001.8
193.1,32.4,964.7
169.1,19.9,957.1
189.7,-21.8,958.4
159.7,-30.8,945.2
158.5,-37.2,965.3
186.3,-55.3,966.6
142.9,-36.2,953.5
130.8,-52.5,959.1
144.1,-122.1,969.4
-,-,-
96.4,162.3,970.1
176.4,94.4,952.8
211.7,40.9,940.8
242.2,14.2,953.6
216.7,12.9,984.5
191.1,21.7,998.0
269.8,-23.2,997.9
276.9,-52.4,1003.9
264.0,-53.1,999.7
260.8,-77.0,982.9
197.2,-75.3,994.1
203.0,-107.6,995.3
173.6,-150.6,971.4
97.2,-170.0,958.9
53.0,-208.6,938.0
-3.2,-204.7,951.5
-62.0,-176.7,1000.5
-114.6,-151.6,966.2
-138.1,-121.4,920.1
-177.0,-66.4,944.1
-196.1,-22.5,952.7
-164.2,-6.3,919.6
-189.4,47.3,918.2
-174.4,65.7,914.3
-140.1,90.0,922.4
-200.1,169.0,928.7
-190.9,215.4,919.9
-140.0,245.1,938.1
-132.5,274.1,944.4
-32.3,253.1,939.5
20.6,231.3,944.3
49.9,229.1,945.1
119.0,196.6,938.5
126.6,184.1,941.3
159.9,174.2,958.4
197.1,154.3,966.5
199.1,135.4,978.6
224.0,95.8,970.0
213.8,69.5,972.1
201.4,41.2,975.3
191.8,19.0,976.7
199.4, 0.7,974.9
184.3,-24.0,967.0
165.6,-69.7,964.7
-,-,-
103.7,209.0,950.7
133.8,175.1,933.8
165.4,130.8,930.0
221.2,78.9,959.0
275.1, 9.7,994.2
290.8,-36.2,1000.5
289.4,-52.1,996.2
296.2,-71.9,999.6
263.5,-96.7,978.3
210.9,-92.2,977.3
210.4,-107.7,1008.1
202.3,-152.4,972.8
127.9,-165.2,953.4
77.4,-184.7,994.0
28.2,-191.4,1006.2
-45.1,-166.6,993.9
-99.8,-149.2,977.2
-137.2,-115.5,939.2
-171.7,-69.1,924.2
-171.0,-37.9,948.7
-167.7,-11.0,948.1
-177.6,25.6,912.5
-192.4,66.9,903.5
-191.1,95.8,902.6
-159.8,121.4,905.1
-145.6,178.6,926.1
-112.9,237.1,943.3
-81.3,264.9,970.4
-70.7,294.4,990.8
-17.6,287.5,968.6
27.1,259.7,962.1
56.5,249.5,963.0
111.0,213.8,937.2
134.5,186.8,942.1
146.4,179.3,972.6
179.7,157.2,976.5
215.8,115.9,971.1
215.5,73.4,943.7
176.5,64.9,939.3
165.2,39.3,948.9
157.5,16.2,951.3
146.7, 5.7,963.9
132.7,-13.1,984.2
-,-,-
49.3,-6.1,977.3
106.3,-54.8,981.6
149.5,-81.3,991.0
110.0,-73.2,984.4
105.2,-71.0,1001.6
120.1,-80.4,1032.0
115.4,-96.3,1016.9
123.0,-111.9,971.1
69.5,-99.3,978.9
19.8,-99.2,993.1
13.3,-120.0,960.8
-8.8,-126.9,972.1
-26.0,-156.0,999.1
-76.3,-153.2,1002.7
-130.9,-128.6,1023.5
-135.3,-133.3,1006.7
-151.1,-120.2,969.5
-170.7,-97.3,956.8
-166.5,-74.4,983.1
-161.1,-51.7,984.2
-159.2,-11.8,953.7
-171.8,40.6,930.2
-192.5,94.2,931.2
-182.0,137.7,927.0
-172.5,175.0,944.5
-117.9,165.8,968.1
-46.1,125.9,985.3
15.3,87.1,967.4
85.4,35.3,953.1
106.2, 9.2,954.6
120.9,22.1,935.7
127.0,42.5,947.3
108.0,71.8,952.1
125.6,80.5,977.3
130.2,85.1,973.2
135.0,94.9,973.9
179.8,68.4,972.4
148.5,80.6,947.3
147.8,79.2,959.5
199.1,31.8,955.5
129.7,41.3,945.2
106.6,27.7,939.4
110.4,-0.8,950.0
105.9,-29.3,946.3
107.4,-46.0,958.1
82.2,-61.2,974.2
95.6,-97.7,976.0
-,-,-
61.9,127.4,959.7
88.3,91.5,978.3
107.0,59.8,951.7
151.2,15.3,935.9
156.5,-2.0,965.0
97.2,35.4,982.9
118.6,31.2,999.8
154.8,14.7,1006.3
149.7, 1.3,1005.0
188.3,-30.4,1022.9
210.1,-63.5,1028.0
195.6,-83.3,1004.0
147.4,-96.0,995.5
94.6,-104.6,1011.0
38.2,-116.7,993.7
-33.7,-132.4,971.3
-63.1,-170.1,969.8
-92.1,-179.1,968.3
-143.3,-181.4,988.8
-143.5,-192.5,978.2
-136.1,-143.8,927.6
-154.1,-47.4,937.5
-177.9,40.1,973.2
-185.6,89.1,961.5
-161.7,93.9,966.1
-106.2,65.7,956.9
-91.8,59.3,956.1
-93.0,69.1,965.3
-66.7,75.1,953.6
-8.9,61.1,950.7
22.0,48.3,977.7
47.0,54.9,975.5
46.7,53.5,956.4
30.9,63.6,951.1
25.2,93.7,945.4
 4.5,129.9,941.9
-6.5,166.8,962.3
23.7,164.0,961.5
53.6,152.4,948.7
81.7,125.3,964.4
127.9,76.7,943.3
130.0,82.2,940.2
126.9,98.9,977.7
128.8,78.7,996.5
118.9,68.5,998.4
126.0,47.0,969.8
109.6,30.1,947.2
80.5,37.6,961.8
68.4,51.4,975.4
81.1,47.1,971.1
96.6,37.9,964.8
112.5,26.8,965.4
122.7,18.7,954.8
115.1,18.1,948.4
127.4, 0.3,941.1
121.9,-1.2,937.7
124.6,-5.8,949.3
136.8,-20.1,969.8
126.2,-31.9,993.3
-,-,-
111.9,174.4,959.9
114.6,131.8,941.4
117.5,102.9,942.8
139.8,65.6,966.0
139.4,38.5,979.3
156.7,31.9,985.6
171.2,23.6,971.2
149.6,36.5,957.1
155.3,56.7,967.9
173.0,42.7,1001.2
187.7,21.6,1010.0
200.6, 2.3,1001.2
182.1,-8.6,1002.4
162.2,-16.2,1024.9
160.9,-43.9,1016.2
128.9,-79.0,999.6
83.4,-114.6,987.4
42.1,-156.2,942.3
-19.5,-157.9,924.1
-92.8,-134.9,935.9
-164.4,-127.4,914.9
-194.5,-130.6,900.8
-216.1,-120.6,965.7
-211.0,-116.0,1022.0
-189.5,-102.9,997.7
-187.6,-68.3,1003.9
-193.0,-36.7,1010.9
-205.3,-9.8,955.2
-174.8,-12.7,913.4
-147.1, 6.7,902.2
-156.3,68.4,891.6
-126.7,102.5,920.0
-103.8,131.8,948.5
-94.7,142.3,956.8
-9.8,87.8,958.9
25.6,61.6,957.5
10.3,97.5,978.3
36.1,114.8,998.0
50.1,124.6,978.1
77.7,129.8,964.0
104.8,114.9,960.8
93.2,130.8,959.8
157.9,108.5,972.5
210.6,77.0,969.4
221.9,68.1,972.3
242.6,37.0,959.6
189.5,45.6,936.7
190.5,31.9,954.5
194.5,23.8,964.3
126.9,49.4,975.3
151.5,18.2,964.8
151.4, 9.1,962.3
150.3, 5.4,977.2
169.8,-23.5,962.4
129.1,-28.9,954.0
122.0,-51.4,969.0
-,-,-
80.6,153.7,960.1
98.8,120.0,952.6
94.8,108.7,968.4
130.0,73.2,973.6
141.8,39.1,948.1
159.0,24.1,957.4
191.4,10.3,992.0
189.7,-2.3,998.6
187.1,-14.8,1012.6
206.5,-46.8,1028.9
216.7,-77.4,1026.7
171.4,-77.8,1014.9
118.6,-89.1,1006.9
79.8,-113.0,1005.7
40.3,-132.2,996.1
30.8,-167.0,965.6
-32.4,-150.4,975.6
-106.1,-126.2,960.0
-121.8,-109.8,908.2
-173.5,-50.6,945.5
-233.2,12.3,980.6
-224.4,29.1,960.1
-258.9,47.5,960.1
-271.2,52.0,939.8
-232.1,30.4,909.9
-212.8,22.2,916.3
-203.4,39.8,923.2
-153.4,63.1,916.0
-128.4,88.5,947.4
-125.5,106.7,996.4
-103.7,104.5,991.7
-78.4,77.0,986.2
-76.5,70.3,970.4
-72.5,73.2,933.7
-66.9,99.1,950.3
-37.9,109.6,953.2
23.0,97.4,923.2
38.2,113.5,947.7
75.5,114.6,952.4
84.9,130.7,963.4
92.9,140.0,953.8
120.5,125.3,936.7
139.0,112.6,957.1
163.1,86.1,959.1
138.9,86.6,965.2
159.0,63.2,981.3
179.0,29.4,979.5
176.8,16.4,978.7
201.0,-12.3,981.7
163.7,-16.0,970.3
127.4,-22.2,968.6
129.5,-59.5,978.9
123.6,-93.7,971.3
-,-,-
17.1,177.9,962.5
70.7,143.7,968.4
64.1,138.2,950.9
82.2,119.4,946.3
87.8,104.9,950.8
77.4,97.1,950.9
104.1,68.4,964.7
136.8,25.0,963.8
146.0,-6.7,951.7
165.7,-35.9,979.9
188.5,-55.4,1033.6
164.0,-39.1,1047.2
140.6,-36.5,1017.7
114.9,-33.4,1029.0
77.4,-27.4,1044.8
55.4,-47.3,1014.8
29.3,-65.6,987.6
-20.3,-79.2,986.0
-76.8,-86.8,961.1
-131.2,-81.6,940.8
-159.6,-73.8,948.8
-165.0,-58.9,941.6
-158.9,-29.4,920.9
-152.8,-0.3,934.6
-167.2,33.8,963.4
-164.0,56.8,972.7
-138.3,54.0,972.7
-137.9,61.3,976.3
-119.5,70.5,985.2
-116.6,90.1,977.0
-148.3,141.5,973.4
-145.2,153.8,958.9
-122.5,145.3,953.7
-89.6,138.4,935.0
-65.7,145.2,913.7
-36.7,134.2,923.7
 5.2,99.2,920.8
13.5,96.2,929.7
56.1,89.6,943.6
59.2,110.6,981.2
102.7,106.4,1009.3
162.1,81.1,994.6
148.7,93.1,997.5
169.7,63.0,969.9
144.7,64.5,951.0
156.0,48.7,945.9
180.8, 7.1,939.2
119.0,23.7,951.3
135.0, 2.1,953.9
143.3,-17.9,954.4
130.4,-25.0,968.1
125.1,-29.9,987.5
88.9,-28.4,999.7
96.7,-60.9,982.5
94.0,-109.4,949.1
-,-,-
66.5,147.9,955.8
77.6,130.2,966.1
79.2,108.3,984.1
99.0,78.4,994.6
119.4,42.6,980.2
142.8,12.7,975.2
153.6,-8.2,966.9
147.5,-19.6,948.4
146.6,-22.0,976.2
139.6,-17.8,1005.4
141.2,-6.8,1020.0
146.4,-1.1,1035.4
114.8,-7.8,1031.9
69.9,-33.5,1022.8
63.0,-88.9,985.0
46.3,-124.3,962.9
-13.7,-139.1,986.5
-52.2,-148.7,999.6
-122.1,-112.8,986.2
-175.1,-85.2,965.0
-190.6,-61.3,947.5
-232.0,-10.4,913.7
-243.3,24.9,917.8
-243.1,49.0,927.9
-242.1,68.0,895.6
-213.6,83.8,921.9
-220.0,121.1,939.5
-232.9,158.8,922.5
-220.5,186.4,938.1
-194.8,183.7,940.9
-117.8,149.9,945.5
-87.3,147.1,932.9
-90.2,164.0,921.0
-54.2,162.1,935.7
-19.3,157.9,928.3
-20.1,182.9,926.0
 4.9,195.0,941.4
77.4,168.2,936.5
100.5,162.6,953.9
138.1,139.4,977.1
169.0,99.8,979.5
140.0,104.5,959.4
126.3,93.8,969.4
111.4,78.5,976.3
87.8,71.5,975.7
93.7,51.8,982.9
89.8,35.9,979.7
90.0,12.5,975.0
77.0, 1.9,969.7
61.7,-15.7,961.0
64.6,-36.5,962.0
65.5,-54.5,964.6
-,-,-
34.7,179.9,961.3
59.8,160.1,955.8
62.7,146.0,945.4
89.3,113.6,946.8
108.9,83.5,966.1
97.5,69.4,990.6
130.5,33.4,988.8
174.2,-27.4,971.7
168.6,-53.3,988.2
140.6,-51.7,1015.1
135.4,-37.0,1052.4
145.2,-12.1,1061.0
133.3,-11.8,1028.5
81.6,-3.5,1013.8
33.2,-13.9,1008.5
34.3,-48.2,975.6
 2.0,-60.2,959.6
-42.1,-71.1,957.7
-77.6,-76.8,966.0
-134.2,-66.9,964.1
-167.4,-49.7,924.6
-201.0,-10.5,914.9
-210.2,16.5,933.3
-196.6,21.4,941.9
-217.4,43.9,961.8
-209.3,54.0,971.6
-186.7,60.2,959.1
-174.6,82.8,960.0
-145.3,122.6,972.7
-138.5,160.1,983.9
-127.4,175.0,982.2
-94.7,173.1,965.4
-55.0,154.6,950.6
-3.4,125.5,925.2
36.2,111.3,923.7
93.6,85.5,937.0
115.3,69.2,936.4
98.5,78.9,949.4
133.4,58.4,942.0
140.3,40.9,926.4
143.4,23.5,945.3
153.1, 3.1,958.2
140.7,-7.4,955.3
144.4,-21.1,982.2
147.2,-31.5,990.2
138.4,-41.2,988.3
115.1,-35.9,1013.6
103.5,-44.4,1018.8
-,-,-
77.0,169.0,978.3
113.4,133.1,966.6
126.4,100.0,954.2
147.6,61.3,949.2
164.1,16.5,950.8
190.1,-30.3,957.3
175.0,-49.4,963.6
157.6,-60.6,959.3
171.2,-83.8,967.3
175.2,-101.8,983.7
178.6,-113.3,982.7
180.9,-106.1,999.2
170.7,-87.6,997.3
160.4,-68.9,996.2
178.2,-75.7,1011.6
177.6,-80.3,992.6
133.9,-82.1,996.6
99.5,-119.0,991.4
66.0,-154.1,984.4
 6.1,-160.2,999.7
-25.2,-149.9,986.2
-55.9,-117.9,968.1
-144.2,-49.9,959.7
-182.2, 2.5,948.4
-175.7,26.2,935.0
-175.7,41.9,933.9
-177.9,63.6,929.5
-181.4,101.8,945.2
-156.8,124.4,984.2
-129.9,142.4,1018.4
-69.5,126.7,1008.2
-20.1,116.3,979.0
-13.5,125.4,958.7
41.0,96.8,931.9
59.5,93.3,930.4
89.4,84.3,947.5
133.4,71.7,945.8
106.5,103.5,947.0
139.3,98.9,954.4
155.3,92.0,969.0
147.7,96.4,989.0
176.1,57.8,959.1
152.0,42.1,936.3
145.8,22.4,948.5
162.7,-15.4,953.9
145.3,-41.7,979.7
152.4,-91.2,1001.4
-,-,-
57.0,164.6,968.6
83.0,130.3,966.4
124.9,75.8,958.4
151.9,18.5,948.5
146.7,-14.6,955.7
145.7,-28.9,963.2
130.1,-35.7,987.1
136.7,-54.0,1020.1
157.1,-81.9,1006.6
163.0,-98.8,983.9
146.2,-104.1,980.2
103.0,-103.5,992.3
95.2,-143.3,1008.1
105.4,-190.5,989.4
88.9,-197.4,972.0
32.0,-190.9,993.3
-18.8,-195.8,1008.9
-31.8,-195.7,989.8
-69.0,-175.0,956.4
-119.8,-136.6,926.1
-183.1,-84.1,910.7
-228.2,-26.5,884.2
-216.8,-7.1,879.9
-212.8,28.9,891.7
-225.1,72.9,897.6
-182.8,88.8,936.4
-174.0,131.0,976.3
-165.6,175.0,1000.6
-100.4,168.1,1018.0
-51.9,154.3,1008.3
-16.6,141.0,979.1
34.2,118.0,953.5
20.3,143.2,937.2
53.1,142.0,948.3
92.1,135.6,962.4
99.5,155.0,992.9
164.7,121.2,999.3
148.7,131.8,961.9
155.8,133.9,950.2
177.3,116.9,947.8
146.0,134.5,934.3
174.9,98.8,941.7
162.1,70.1,943.1
135.7,53.5,945.7
159.5, 9.9,940.3
130.8,-13.1,952.4
136.9,-60.8,987.5
-,-,-
54.9,184.7,974.2
104.0,114.0,975.0
125.9,63.3,962.3
152.5,15.1,946.0
172.0,-31.8,953.8
184.8,-72.5,966.0
201.0,-106.2,966.8
197.5,-106.3,977.8
176.7,-68.1,1021.5
127.7,-45.6,1029.5
114.1,-56.1,1016.2
146.2,-83.5,1021.6
165.5,-109.9,985.7
161.8,-127.7,945.9
101.4,-126.6,933.9
49.1,-139.4,926.3
-3.6,-155.7,959.4
-55.8,-159.8,990.0
-67.0,-161.4,993.4
-110.6,-109.3,986.5
-154.7,-56.5,976.8
-156.3,-32.6,964.2
-160.6,-4.7,945.0
-164.7,29.8,943.7
-154.5,47.8,919.1
-141.9,53.1,916.0
-75.2,37.9,965.7
-48.3,56.7,967.7
-122.7,129.2,965.0
-123.2,141.3,970.0
-78.9,111.1,975.2
-58.6,109.2,969.5
-48.4,126.9,954.3
-30.9,140.9,959.2
35.5,120.2,959.1
60.7,122.5,946.9
58.5,147.0,966.8
115.7,142.1,971.0
155.3,142.1,976.5
223.3,99.6,969.7
237.3,64.4,949.0
220.5,53.3,950.2
228.7,19.6,951.0
192.4, 5.2,947.1
123.8,-1.0,956.6
95.4,-27.4,960.8
90.9,-65.2,969.6
101.4,-116.0,1017.7
-,-,-
44.1,192.3,958.5
49.3,181.7,947.7
90.0,142.8,960.8
127.9,88.1,968.6
143.9,48.6,978.9
196.3,-12.2,993.1
184.1,-45.4,988.0
142.6,-66.5,971.2
145.8,-86.4,991.1
152.9,-92.2,999.7
141.7,-96.4,965.8
151.1,-92.5,962.2
163.2,-97.5,973.6
171.6,-106.4,984.8
152.4,-105.9,1004.7
115.0,-131.0,960.0
64.5,-183.3,874.7
-8.6,-189.5,897.1
-70.3,-172.3,1025.6
-102.8,-181.0,1063.0
-120.3,-157.6,1032.3
-136.7,-124.3,1040.9
-137.7,-110.3,1015.9
-116.9,-102.9,984.8
-129.8,-56.1,969.6
-145.4,-18.2,936.7
-129.7,-4.7,928.6
-126.4,20.0,943.5
-132.5,52.5,948.3
-127.1,76.7,948.5
-109.3,83.2,965.3
-88.2,80.8,946.2
-87.3,102.2,949.0
-35.7,99.5,945.7
15.1,98.2,927.7
33.7,120.8,928.5
75.4,137.9,924.1
85.5,170.9,950.9
94.3,189.0,979.7
211.6,113.4,980.1
264.0,47.8,966.4
215.1,48.6,945.5
226.9,10.5,972.0
210.5,-15.9,979.6
163.9,-20.7,999.8
138.1,-49.7,979.9
-,-,-
119.9,115.6,967.3
146.9,58.8,977.2
144.6,35.7,964.4
159.5, 3.8,953.4
180.3,-27.9,964.8
170.4,-29.2,965.9
173.2,-38.9,981.2
200.6,-55.5,1018.8
191.5,-59.2,1019.1
176.5,-58.1,1028.3
183.6,-84.8,1021.3
155.1,-97.5,1011.8
113.5,-111.1,1018.1
73.1,-137.9,967.9
37.1,-165.0,950.8
 2.3,-184.8,977.3
-54.0,-161.5,978.9
-115.3,-110.8,979.0
-135.3,-77.4,959.7
-151.1,-22.5,938.5
-189.9,40.7,963.0
-177.4,65.5,953.8
-173.4,107.6,918.5
-193.7,159.2,919.4
-163.9,160.6,958.4
-123.5,155.1,986.6
-93.3,149.0,983.3
-50.3,129.2,966.7
-52.3,142.7,947.4
-34.5,147.1,940.4
-16.7,145.6,922.9
-6.0,156.6,892.9
39.8,156.9,927.4
62.3,178.0,977.7
93.6,189.3,988.8
156.8,166.9,974.4
168.3,160.5,952.5
206.6,126.8,933.1
225.4,96.3,917.2
188.2,94.0,928.9
185.5,66.9,949.5
150.9,74.8,977.3
154.9,55.8,997.4
182.2,16.0,970.3
124.8, 9.4,966.1
89.1,-12.0,978.4
97.4,-54.5,960.6
-,-,-
75.1,191.6,974.7
108.6,116.1,956.4
127.6,59.5,959.9
155.2, 5.9,980.8
154.8,-29.3,982.8
150.2,-61.6,978.5
180.2,-97.4,974.2
190.0,-123.7,979.0
191.4,-140.9,984.6
188.5,-146.7,1000.0
152.2,-139.2,1021.3
126.5,-124.0,1030.3
119.5,-120.7,1024.5
91.8,-126.3,984.0
61.5,-152.1,1001.9
-10.1,-181.2,988.2
-107.4,-171.7,952.7
-131.9,-154.5,988.6
-142.5,-110.2,962.6
-201.3,-38.8,899.3
-230.6, 2.5,887.1
-240.1,31.5,894.6
-228.2,48.1,904.9
-206.7,62.4,911.7
-203.5,95.3,919.0
-202.7,121.8,931.7
-179.7,137.4,942.9
-139.9,150.4,946.6
-92.4,159.8,975.7
-75.7,177.3,968.5
-26.1,155.6,931.6
26.3,135.0,938.4
74.1,131.4,949.8
120.3,103.8,928.0
126.2,98.2,952.5
188.0,81.2,987.3
193.1,83.8,985.2
200.3,71.8,991.3
239.0,24.4,974.4
198.0, 5.8,963.8
195.9,-46.8,966.3
-,-,-
114.1,86.5,980.2
145.1,62.5,1000.0
133.3,31.7,979.2
154.2, 1.4,973.9
180.1,-28.2,973.4
163.9,-38.2,963.2
181.4,-61.4,979.1
178.3,-77.7,998.0
164.7,-75.9,992.6
166.1,-83.0,983.7
138.8,-80.7,985.8
137.0,-85.2,1017.1
139.1,-99.2,1061.2
96.2,-109.0,1008.2
27.0,-128.8,958.8
-37.3,-152.8,996.1
-77.1,-174.4,975.4
-96.6,-185.1,953.6
-143.2,-149.3,933.9
-210.4,-65.6,880.8
-225.8,-4.3,879.7
-244.7,50.0,904.8
-255.9,91.7,901.4
-232.6,95.2,899.8
-228.1,111.9,916.2
-207.2,131.1,900.9
-175.8,155.6,916.2
-155.3,188.2,951.5
-107.5,198.7,978.1
-45.8,187.0,992.2
-43.0,190.8,980.0
-12.6,179.7,950.4
19.8,168.3,939.6
27.7,177.3,962.3
80.9,152.7,952.5
96.0,141.3,931.7
151.1,108.5,925.1
208.0,54.3,922.6
160.3,59.2,947.2
161.4,33.7,980.6
164.5,-2.6,991.3
124.3,-25.1,994.4
110.1,-47.4,984.3
98.4,-52.2,980.0
104.1,-71.8,988.9
105.0,-105.9,989.3
-,-,-
56.7,267.5,926.5
58.2,252.7,960.8
93.1,208.4,993.0
133.5,143.6,989.8
150.8,91.4,979.4
157.7,58.2,981.0
151.2,44.1,986.0
166.9,16.2,984.6
153.4, 5.4,988.4
160.0,-9.9,1014.3
188.2,-35.3,1020.7
167.3,-42.0,1012.7
131.9,-50.1,1012.8
137.8,-77.0,1024.6
99.8,-90.2,1020.0
38.1,-104.2,1004.7
 5.9,-135.3,1000.1
-77.7,-139.7,974.5
-135.2,-134.3,928.7
-178.2,-119.5,908.2
-240.1,-62.9,885.6
-255.3,-20.5,874.9
-265.1,27.0,875.3
-276.1,67.6,877.8
-251.6,85.9,886.6
-231.4,109.1,905.4
-209.3,133.8,911.8
-180.3,153.7,927.6
-160.0,186.9,953.7
-129.0,203.5,976.4
-84.6,188.0,976.9
-81.0,188.7,959.9
-95.4,203.0,953.8
-39.7,168.5,943.2
-4.6,149.1,908.4
13.8,146.7,896.7
43.0,134.3,915.5
27.1,150.8,956.3
98.6,115.3,980.9
97.0,106.1,984.0
106.8,81.4,980.4
152.5,20.2,971.6
92.2, 1.6,985.6
73.9,-46.6,1001.0
-,-,-
-8.0,212.6,971.4
18.2,173.9,978.0
46.0,136.3,961.2
68.1,94.4,962.6
83.3,58.7,963.5
117.2,14.3,976.2
145.9,-22.6,982.7
147.8,-40.3,968.7
155.0,-56.4,977.0
169.5,-80.3,990.8
161.9,-89.1,1005.3
173.1,-90.8,1035.5
149.5,-88.7,1030.0
141.0,-90.5,1035.9
154.5,-119.7,1031.3
81.7,-132.8,997.6
 3.5,-141.0,1019.4
-52.7,-166.2,993.7
-91.9,-176.8,903.1
-142.5,-159.3,883.0
-198.4,-123.3,897.2
-204.4,-90.3,886.8
-216.0,-43.4,881.2
-254.6,-1.0,883.7
-259.1,30.8,903.0
-253.6,66.1,920.2
-243.1,76.7,911.6
-192.4,73.3,921.2
-153.9,90.0,931.5
-146.5,124.9,953.5
-144.0,163.4,959.9
-147.2,202.6,959.5
-87.9,191.1,955.3
-93.2,218.1,946.1
-66.0,241.4,976.5
51.4,185.1,959.4
74.4,166.8,945.0
134.8,137.8,940.5
192.3,112.9,921.8
193.4,101.4,937.7
184.2,74.7,965.9
154.3,49.9,999.4
165.3, 1.6,1001.2
153.7,-46.8,982.6
-,-,-
48.0,198.4,975.1
37.6,175.8,960.3
91.0,125.4,962.7
105.3,99.3,967.5
112.9,86.7,977.5
142.6,59.1,975.2
124.2,57.0,955.4
148.5,26.6,959.6
186.7,-7.7,963.5
189.1,-10.8,953.7
181.1,-12.8,958.4
181.9,-2.0,989.4
205.3,-15.9,1009.9
217.2,-25.6,1021.9
219.7,-33.2,1040.7
194.5,-61.9,992.4
135.3,-84.7,976.6
76.8,-112.6,1014.8
26.5,-139.1,982.0
 3.3,-166.9,959.6
-18.8,-194.9,942.7
-87.4,-174.2,949.5
-167.8,-143.9,949.7
-214.0,-107.5,905.9
-252.5,-54.2,901.0
-247.2,-31.5,902.4
-235.5,-1.7,892.5
-258.5,41.5,896.2
-235.2,54.5,899.7
-195.9,48.6,915.2
-191.2,82.2,922.8
-180.9,123.9,943.1
-128.4,122.9,972.9
-83.2,133.4,992.1
-65.0,151.2,996.7
-23.4,161.2,926.3
-50.7,216.4,926.5
41.1,204.2,978.6
102.3,191.7,954.4
120.4,200.7,974.0
200.3,154.6,968.9
194.2,151.4,944.2
228.3,112.2,953.4
187.8,103.7,934.1
147.0,108.8,950.1
180.3,65.5,962.6
124.3,66.5,946.0
104.5,57.3,938.8
103.6,41.7,947.7
97.9, 1.5,974.6
-,-,-
28.5,170.8,981.9
44.9,152.5,972.3
97.8,110.8,972.5
140.3,62.3,959.3
134.5,45.8,928.1
139.3,18.3,922.5
150.1, 2.5,951.8
146.6, 5.6,990.6
168.5,-15.5,1004.5
205.8,-60.7,1013.4
207.2,-88.5,1000.0
202.5,-108.7,1018.3
204.4,-147.7,1034.0
179.8,-161.9,1018.5
162.2,-172.4,1052.8
117.9,-148.4,1019.9
25.8,-122.8,996.5
-60.1,-167.7,970.2
-176.7,-157.4,904.8
-267.3,-103.9,890.1
-311.2,-61.9,850.5
-349.6,-12.9,838.5
-350.2, 3.6,867.8
-295.9,-3.8,834.9
-277.5,17.0,859.5
-242.7,39.4,976.4
-178.0,55.3,986.1
-136.6,65.7,994.1
-93.0,68.9,1004.6
-111.4,109.3,989.1
-120.4,142.3,962.1
-102.4,150.9,914.7
-64.8,145.0,902.5
-16.2,127.4,891.6
-27.3,158.6,921.6
19.1,149.0,957.6
59.5,144.8,953.6
115.3,139.1,964.9
184.4,110.3,967.7
149.9,124.0,984.6
181.9,88.7,972.8
157.6,79.0,966.5
130.1,80.0,963.6
170.8,36.8,929.9
171.5,27.8,954.2
86.9,58.2,1007.1
59.1,25.9,1011.9
-,-,-
91.8,151.3,977.2
140.4,91.8,983.8
150.5,57.7,975.5
158.7,32.4,978.5
174.3, 2.2,945.3
180.6,-9.5,934.7
194.7,-20.9,988.8
206.3,-42.3,994.6
200.7,-53.0,975.5
208.2,-79.0,967.6
205.5,-97.1,966.9
184.1,-104.6,972.9
167.9,-106.0,1003.5
145.8,-131.6,1017.0
102.4,-152.4,1003.9
47.2,-143.3,1007.1
-7.4,-154.4,980.3
-100.9,-133.5,962.6
-176.7,-103.5,956.6
-224.4,-62.9,899.2
-301.4, 4.8,888.3
-325.4,35.0,899.4
-319.4,55.7,908.8
-306.6,76.2,924.3
-256.5,72.0,939.2
-225.4,71.9,941.6
-199.2,98.3,910.9
-137.9,92.4,895.5
-125.6,108.3,887.1
-130.6,154.7,894.9
-70.6,166.7,908.4
-66.1,218.6,939.5
-23.0,255.4,982.4
53.1,245.7,980.7
66.7,229.4,948.9
123.9,188.3,954.4
140.8,160.9,954.3
146.1,152.4,934.1
157.6,140.1,948.7
151.2,125.9,945.7
159.5,94.9,944.6
133.9,84.8,956.0
120.8,76.0,957.1
149.3,40.3,969.7
143.7,14.0,985.5
121.3,-3.0,986.1
119.8,-16.8,994.6
-,-,-
95.6,137.4,944.0
113.8,96.1,936.5
130.1,65.6,949.0
163.6,39.7,979.9
165.9,32.7,1001.0
163.9,25.1,999.5
165.1,11.4,992.4
185.9,-12.4,995.3
203.9,-36.9,1007.1
193.6,-50.7,1004.6
177.0,-51.0,1006.7
177.2,-71.1,1001.4
164.5,-102.7,981.5
105.0,-120.1,961.5
48.7,-133.3,936.4
-26.1,-141.4,941.9
-81.1,-147.5,946.5
-126.4,-122.5,947.4
-190.0,-69.1,949.7
-226.1,-29.0,929.3
-234.7, 0.9,917.3
-241.0,30.1,907.3
-228.5,57.3,916.5
-217.7,72.4,929.1
-204.5,80.6,943.2
-173.5,72.0,958.2
-154.6,72.3,935.6
-166.6,115.2,944.5
-134.5,146.9,947.3
-126.9,186.3,932.8
-96.2,204.1,955.5
-9.4,174.4,926.3
-23.9,184.9,917.0
22.0,164.2,944.0
77.8,139.0,961.0
65.2,153.4,963.7
111.8,136.0,956.4
124.4,130.5,973.3
161.7,101.1,970.7
188.7,72.5,966.3
167.5,69.6,960.0
170.1,38.7,937.6
145.0,25.6,939.7
113.3,30.3,965.2
134.4, 5.2,969.0
117.7,-4.7,973.0
87.3,-7.2,982.4
96.9,-35.8,967.3
-,-,-
74.6,123.2,959.2
101.0,74.6,972.5
130.3,23.1,980.4
131.7,-2.1,968.2
135.9,-16.8,963.1
171.4,-38.3,962.7
159.8,-31.8,978.4
152.1,-31.1,998.9
168.3,-51.4,986.7
140.5,-49.8,983.1
133.4,-76.1,989.9
132.1,-103.3,999.8
81.4,-117.6,1014.7
20.5,-151.2,1006.8
-42.6,-179.3,969.6
-114.2,-199.8,939.7
-167.4,-201.2,911.6
-241.5,-157.5,873.3
-287.7,-141.2,872.0
-220.1,-140.3,867.6
-227.3,-53.7,878.2
-249.5,24.9,942.7
-227.1,69.2,945.9
-233.9,106.2,941.0
-188.5,95.4,953.6
-147.7,106.2,956.1
-175.6,157.0,931.3
-165.6,175.6,945.5
-144.8,182.3,933.1
-142.5,199.7,914.6
-86.4,191.2,910.1
-78.0,198.6,903.6
-65.5,214.6,926.9
14.7,185.9,945.0
13.5,193.4,946.7
49.2,179.0,970.6
137.1,125.7,955.5
87.4,141.9,926.7
121.1,119.1,936.7
182.3,52.9,937.9
114.5,63.8,947.6
110.7,59.4,961.7
118.5,30.1,972.8
88.4,22.4,990.4
92.0, 1.3,983.7
94.2,-29.1,974.4
-,-,-
49.9,226.8,953.6
85.6,170.4,960.9
107.8,118.7,955.0
115.0,83.4,947.9
126.4,59.1,962.6
157.3,23.8,959.4
159.7,-2.6,944.8
142.0,-8.4,956.6
164.9,-27.4,985.1
191.5,-47.0,1006.5
192.0,-54.9,1025.3
202.4,-87.5,1021.2
174.6,-85.1,1017.1
127.4,-80.8,1011.7
85.7,-92.4,968.5
43.3,-94.1,930.2
-4.2,-116.7,915.0
-92.6,-109.7,925.0
-171.9,-101.0,963.0
-210.3,-95.4,927.2
-266.9,-48.9,879.7
-315.1,-0.7,886.1
-273.6,16.4,872.4
-263.9,52.8,881.8
-277.9,82.8,913.6
-222.0,77.1,952.0
-201.7,103.5,977.1
-202.2,135.6,942.5
-178.7,154.1,963.0
-151.5,167.1,962.7
-154.2,192.1,921.0
-146.5,213.8,899.2
-71.7,205.7,843.3
-85.6,240.2,868.5
-54.9,247.5,944.9
39.9,213.0,953.2
42.6,222.9,959.5
78.4,201.2,970.3
124.2,170.9,972.1
171.9,129.6,963.7
207.0,88.5,962.0
178.7,74.5,957.0
167.8,31.3,947.2
139.8,11.2,948.7
85.9,27.5,963.4
87.2, 8.8,964.0
114.3,-30.3,973.7
-,-,-
28.0,247.9,969.7
76.7,194.7,957.7
123.1,130.9,949.7
161.6,85.0,955.5
192.5,38.1,950.4
191.1,12.6,950.1
193.9,-6.8,955.9
221.1,-41.3,951.5
242.7,-72.0,992.9
231.2,-78.6,1012.2
202.9,-56.2,1010.5
177.8,-66.8,1031.7
139.8,-89.1,997.0
112.9,-115.9,989.8
48.5,-154.4,999.1
-4.8,-176.3,962.3
-27.4,-200.9,937.8
-71.4,-203.9,900.5
-125.6,-172.8,884.8
-181.2,-146.6,908.8
-244.5,-89.2,874.2
-292.8,-22.2,872.7
-265.6,-3.9,934.7
-226.7, 1.5,920.3
-223.6,21.2,909.0
-159.6, 5.2,979.5
-104.8,-1.3,1001.1
-140.1,54.2,983.6
-127.7,95.2,989.4
-102.0,134.7,987.9
-93.0,177.0,972.4
-63.2,199.6,952.7
-71.4,212.1,970.5
-63.0,205.5,941.3
-26.7,201.0,926.8
 8.8,185.0,929.5
34.7,178.3,920.3
75.5,165.7,925.1
123.1,136.5,934.1
146.4,111.1,935.4
135.2,84.9,938.0
117.6,58.8,962.0
118.3,23.3,963.5
119.9,-18.3,969.5
141.2,-68.5,968.6
-,-,-
46.5,190.5,976.3
60.4,180.8,956.5
87.7,145.3,933.7
110.0,101.5,932.1
131.1,68.1,937.5
175.7,25.0,950.7
183.6, 0.7,961.0
188.6,-17.0,973.6
199.3,-43.6,1001.5
202.5,-58.3,1006.2
206.4,-79.9,997.9
183.2,-106.7,973.3
144.3,-117.4,957.4
124.2,-151.5,964.1
93.4,-155.9,986.3
44.0,-138.1,1017.9
11.7,-144.3,989.7
-41.3,-136.7,963.8
-120.7,-118.6,959.3
-179.2,-95.1,911.7
-228.0,-56.4,894.9
-247.0,-20.4,897.1
-251.4,13.3,890.8
-247.2,44.9,908.0
-233.4,56.3,930.2
-225.5,75.3,947.9
-168.3,81.5,947.6
-147.0,105.4,937.0
-171.3,152.3,923.7
-170.2,190.7,919.2
-149.3,201.7,943.2
-106.6,193.9,958.8
-75.4,177.2,963.5
-16.3,145.2,956.2
-7.0,146.2,941.1
14.6,144.0,923.5
28.3,157.2,932.4
67.1,157.8,952.8
166.2,100.3,928.0
117.4,113.3,933.0
125.5,86.8,951.1
163.9,28.8,927.3
91.3,28.0,943.6
95.8,-11.9,965.9
100.4,-59.6,975.1
103.4,-112.7,990.2
-,-,-
80.2,201.1,939.7
75.9,182.9,942.8
128.3,144.1,958.8
156.8,110.0,955.1
153.3,89.8,953.8
182.6,50.7,941.3
189.2, 8.3,912.1
218.1,-28.9,960.3
246.7,-60.8,1001.8
226.6,-48.8,1007.3
204.8,-42.5,1015.4
193.8,-56.9,1018.6
183.1,-80.4,1004.1
138.0,-107.8,958.2
103.5,-113.9,947.3
95.5,-149.3,951.5
26.3,-155.1,938.0
-60.8,-123.6,955.3
-96.0,-118.5,941.4
-115.2,-101.4,924.4
-161.5,-56.9,921.0
-181.6,-23.2,901.2
-185.9, 5.9,930.0
-178.7,24.6,964.5
-139.2,22.9,969.4
-132.8,42.2,975.4
-108.9,59.8,973.6
-79.0,95.2,1011.0
-113.5,166.3,1033.3
-115.4,184.4,988.5
-84.7,178.0,929.7
-87.0,197.1,915.0
-46.2,198.7,890.8
-19.5,203.9,875.0
-8.8,227.3,901.7
67.5,211.5,919.1
89.0,207.0,941.6
104.4,200.8,971.4
161.8,157.6,965.9
155.9,152.2,967.0
176.7,123.2,976.9
184.3,80.3,950.0
166.3,51.7,929.7
171.1,22.1,938.4
154.0,11.3,952.8
154.2,-11.5,955.5
142.7,-26.1,960.5
132.5,-41.6,973.5
137.4,-75.3,976.5
-,-,-
75.2,114.7,959.3
107.9,75.6,949.0
120.7,51.0,951.4
135.5,31.4,953.8
139.1,23.6,945.8
122.5,28.3,957.9
129.0,16.6,959.8
157.6,-13.4,957.5
156.0,-18.6,950.1
148.8,-25.5,954.1
158.1,-38.2,966.8
149.0,-34.9,967.2
159.1,-40.9,991.7
153.5,-49.6,979.3
126.2,-42.8,967.3
132.6,-44.6,988.5
126.5,-50.0,971.6
86.8,-42.2,965.4
87.0,-49.1,972.6
63.7,-55.4,959.5
16.5,-64.0,936.2
-0.8,-70.0,935.4
-10.1,-62.0,961.1
-35.0,-67.3,948.3
-58.4,-61.0,943.1
-77.7,-53.1,956.8
-93.7,-43.5,936.3
-114.7,-18.1,961.1
-117.0, 6.8,961.6
-113.0,27.9,921.4
-128.1,53.2,940.1
-105.1,62.3,946.2
-81.2,63.1,933.1
-82.0,70.6,955.9
-48.6,66.1,972.8
-33.9,76.9,977.2
-54.7,108.0,969.0
-26.3,89.6,956.8
-20.7,82.8,959.9
-104.0,137.2,941.4
-128.8,161.7,921.9
-74.6,150.7,926.5
-52.5,136.2,924.1
-7.8,112.4,925.2
25.0,108.7,931.5
30.8,125.4,948.7
60.5,116.0,981.1
66.5,116.0,976.5
88.3,104.4,954.1
99.0,105.2,954.4
120.4,114.9,979.1
193.2,75.5,963.3
167.0,86.0,934.2
142.4,103.4,944.0
154.6,97.8,939.4
106.1,117.1,947.7
131.2,84.8,943.2
147.7,57.8,935.1
122.4,55.7,938.6
143.2,29.8,962.8
145.3, 2.5,957.7
140.1,-32.7,943.8
-,-,-
86.3,190.3,962.8
101.9,158.3,957.3
135.4,120.8,952.0
149.6,93.8,947.9
158.2,62.2,940.6
204.0,24.2,949.4
213.2, 3.3,940.5
205.7,-5.2,923.5
212.3,-15.5,936.8
202.1,-18.0,948.3
203.4,-25.7,951.1
234.4,-55.4,970.1
218.4,-47.4,983.1
200.2,-35.0,991.2
205.9,-43.6,994.9
181.4,-41.0,991.5
166.0,-51.0,989.9
138.4,-58.9,1001.6
106.3,-77.6,1002.4
85.6,-107.4,979.8
62.3,-127.0,954.7
14.2,-127.3,916.9
-30.1,-126.1,906.1
-46.8,-127.7,923.5
-72.9,-90.7,949.0
-106.2,-39.6,965.7
-134.4,-0.3,942.9
-155.2,28.2,917.6
-134.5,45.8,905.0
-133.8,60.2,904.9
-131.0,72.2,910.2
-100.7,72.8,937.8
-74.6,81.2,972.7
-53.1,98.7,950.5
-60.2,120.6,951.4
-54.7,144.2,982.4
-46.0,165.1,983.6
-28.7,162.1,990.3
-4.1,143.0,989.2
-13.8,138.9,968.5
-22.6,131.2,945.7
-21.0,119.2,915.6
 2.0,95.9,903.6
26.9,79.0,909.3
23.8,85.4,936.6
50.9,74.7,959.7
54.6,86.7,962.4
62.0,103.1,974.0
119.7,81.3,943.2
127.8,99.8,927.4
163.4,89.6,951.2
202.1,57.6,952.9
183.8,61.2,953.2
193.2,46.4,972.2
180.4,32.7,962.4
154.0,21.3,962.9
176.0,-0.6,961.9
170.1,-3.5,944.0
162.1,-14.3,930.2
174.0,-29.4,929.1
135.9,-37.8,946.1
120.4,-62.4,959.7
-,-,-
49.1,174.9,982.3
49.9,151.7,969.1
62.9,125.0,944.1
98.3,94.3,950.6
119.7,64.8,959.8
122.4,42.9,939.7
143.5, 6.8,938.6
143.3,-19.4,936.6
142.3,-25.4,939.1
165.4,-41.1,958.6
141.1,-30.3,949.3
135.2,-12.8,955.5
162.9,-5.2,985.8
175.9, 1.4,976.8
164.1, 1.7,959.0
141.9,23.2,981.2
127.2,29.7,984.3
103.8,17.0,971.6
118.9,-13.9,989.0
107.8,-43.2,959.4
76.9,-75.5,921.0
84.1,-130.4,938.3
53.8,-146.8,956.4
-15.1,-153.3,971.7
-53.1,-149.5,969.6
-30.7,-156.5,967.0
-53.6,-144.4,973.2
-79.0,-113.3,961.1
-58.8,-124.9,957.5
-73.0,-107.1,948.5
-76.9,-76.0,953.8
-81.9,-50.7,961.6
-103.4,-22.7,952.6
-69.5,-21.7,950.5
-55.9,-14.6,957.0
-54.9,-9.2,969.6
-30.6,-3.1,971.2
-34.3,11.6,974.0
-28.2,22.1,971.0
-37.7,57.8,962.7
-56.8,89.3,961.5
-25.6,86.9,953.9
-23.5,97.6,947.0
 3.3,83.3,935.2
47.1,64.0,926.9
38.0,84.7,946.8
79.0,69.3,954.8
60.6,84.4,937.0
23.9,115.9,945.9
60.7,106.2,942.7
64.0,112.5,938.1
118.2,84.6,944.3
170.5,56.0,935.1
187.9,34.9,960.9
186.9,23.4,971.0
154.8,29.9,931.4
133.2,25.8,946.8
123.9,23.1,967.1
139.4,-3.4,963.3
129.1,-28.7,960.7
116.7,-45.8,965.1
134.6,-92.0,962.4
-,-,-
-7.9,108.1,947.9
 0.7,102.8,947.9
-13.7,104.1,949.4
19.0,79.4,958.1
44.1,45.4,960.5
70.1,11.8,951.3
83.9,-9.0,952.9
76.6,-20.3,949.1
91.0,-33.1,956.6
58.4,-15.8,956.2
42.8, 0.1,938.4
71.0,-6.7,944.3
61.6,-4.6,970.0
52.3,-1.5,962.2
80.8,-10.3,990.6
105.9,-26.8,1026.0
89.4,-13.9,993.6
67.6,-8.6,966.7
88.2,-28.9,979.1
91.2,-26.6,980.3
73.6,-34.9,966.5
49.1,-49.7,969.2
 6.5,-65.3,962.3
-4.3,-86.9,976.3
-28.3,-94.3,968.8
-74.6,-89.6,936.7
-90.1,-83.8,945.8
-110.0,-62.0,937.8
-139.4,-27.6,922.6
-158.5,-3.2,914.9
-171.4,24.6,894.5
-180.7,64.8,892.5
-200.2,85.1,898.0
-185.7,96.7,924.3
-149.0,99.3,960.8
-127.4,97.8,964.0
-118.4,102.1,959.5
-116.2,118.3,977.1
-98.3,127.2,990.3
-80.0,132.4,994.0
-60.8,130.6,994.4
-37.7,108.8,976.5
-52.5,94.2,945.7
-47.4,75.6,941.3
-38.7,61.6,917.3
-40.9,69.4,911.8
 6.5,49.2,915.0
 0.1,63.9,914.0
13.5,79.6,955.8
48.0,64.0,956.4
50.7,65.4,935.9
94.6,51.1,941.1
73.5,60.9,939.8
82.4,54.5,936.1
129.4,23.5,949.0
87.8,36.5,961.5
99.3,13.0,969.3
107.3,-8.8,969.4
61.3, 3.9,974.4
42.7, 8.8,954.3
26.0,11.2,951.4
38.2,-2.6,958.0
56.2,-33.3,950.1
58.8,-79.1,956.0
-,-,-
40.8,93.9,966.0
69.1,66.9,966.7
54.0,59.2,958.7
66.2,54.5,951.9
78.2,46.9,958.5
100.8,26.8,963.1
106.9, 8.7,962.0
107.6,-7.5,953.1
132.8,-29.4,955.3
121.1,-30.5,945.7
105.7,-25.8,948.9
113.2,-34.5,960.5
107.9,-45.9,951.1
107.6,-49.9,952.3
119.8,-54.5,945.7
117.1,-53.3,951.5
113.7,-45.3,968.1
113.9,-35.3,969.8
116.8,-36.8,970.1
125.4,-34.8,961.2
128.2,-34.3,963.8
121.0,-41.8,974.3
97.6,-37.1,987.6
88.7,-58.1,990.8
56.5,-72.0,966.9
16.3,-85.4,938.0
12.8,-109.7,931.0
-17.1,-101.0,949.8
-60.2,-71.4,966.8
-75.8,-39.6,969.5
-112.6,-6.3,966.1
-125.6,11.2,945.2
-117.8,30.3,943.0
-121.0,51.9,982.9
-102.9,47.9,987.1
-78.8,36.6,981.2
-41.4,17.4,990.4
-18.0, 3.4,985.4
-28.3,16.9,972.0
-51.9,53.0,942.0
-54.7,64.3,926.3
-25.8,56.1,946.8
-31.6,77.2,970.4
-30.7,93.1,959.1
-35.3,110.2,944.3
 6.4,100.7,944.8
35.9,94.9,939.1
51.0,88.8,946.1
104.1,52.5,922.1
89.1,66.0,932.3
124.6,44.1,943.1
164.7,15.9,932.4
145.6,24.1,972.4
176.0,-1.1,961.9
145.4,11.8,931.0
133.0, 8.5,964.2
161.7,-26.5,966.7
108.2,-22.3,950.8
97.7,-37.9,962.3
107.9,-71.8,958.8
121.6,-117.5,963.4
-,-,-
23.9,140.3,944.8
17.4,132.0,944.0
46.9,97.6,938.7
93.2,50.8,948.3
126.3,11.4,968.8
143.7,-3.9,956.5
113.7, 2.4,936.8
95.5, 1.6,952.9
137.4,-10.3,985.1
119.9, 6.9,988.8
92.8,26.1,970.8
126.9, 5.2,959.6
137.3,-13.8,959.8
131.1,-8.5,964.7
132.4,-6.9,963.9
141.2,-23.4,962.7
141.7,-35.6,971.8
116.4,-47.0,993.6
103.3,-57.0,1017.1
115.9,-60.4,1013.4
108.2,-65.5,978.4
79.0,-60.1,944.2
36.2,-59.5,917.6
 8.0,-85.1,913.4
-6.5,-103.4,964.5
-27.8,-85.1,1008.6
-40.1,-49.2,997.9
-76.7,-0.8,971.1
-105.6,45.5,930.0
-109.8,76.4,897.6
-123.5,107.7,910.9
-116.0,121.8,929.6
-112.1,130.4,931.7
-129.7,141.3,943.2
-118.7,135.9,939.1
-98.6,128.2,947.9
-69.7,115.1,982.1
-62.3,114.8,980.8
-61.5,110.1,978.0
-62.9,97.8,975.8
-64.6,100.3,963.7
-39.0,84.4,959.5
-41.4,91.2,949.2
-22.3,88.3,947.0
 9.2,73.1,941.3
 7.3,91.2,950.5
42.4,76.2,957.3
37.3,65.0,919.0
14.5,78.2,909.3
42.0,73.2,936.8
73.3,70.1,939.9
98.3,66.4,955.8
122.6,46.2,956.7
122.6,38.1,947.9
111.2,40.4,971.6
130.3,19.6,977.7
128.2,-1.2,962.8
98.0,-2.4,969.2
103.3,-19.3,965.4
120.9,-54.3,965.8
111.2,-84.8,963.6
-,-,-
42.1,104.1,970.5
84.1,70.6,975.2
91.4,51.2,967.1
97.9,36.8,957.8
104.0,19.8,958.7
105.2, 2.2,961.4
121.9,-30.4,943.0
112.6,-41.9,940.2
118.3,-46.4,955.4
119.9,-32.0,956.0
102.4,-18.9,960.7
125.8,-31.0,979.6
153.7,-29.5,994.3
143.6,-33.0,986.7
150.3,-38.1,982.5
167.3,-48.5,990.8
150.7,-44.3,974.0
124.2,-35.5,965.0
79.3,-45.3,970.7
27.7,-61.2,951.4
 0.0,-81.7,931.3
-29.0,-89.7,928.8
-74.7,-71.4,935.7
-122.1,-42.4,940.8
-152.4,-9.9,954.7
-163.7, 9.7,937.7
-163.1,32.5,923.4
-137.2,40.1,940.0
-114.2,45.7,936.3
-109.8,67.9,943.7
-112.9,87.0,964.1
-76.9,94.1,1009.5
-40.8,87.0,1038.6
-48.8,81.7,1022.9
-65.5,79.4,993.3
-71.9,74.8,978.0
-65.9,65.5,958.2
-56.7,63.0,925.1
-77.2,88.5,916.1
-54.6,95.9,909.3
-37.7,124.7,921.7
-20.2,136.5,928.4
12.1,126.7,922.8
12.7,138.6,934.3
66.7,106.6,943.3
112.8,76.0,943.5
110.5,79.0,956.6
124.9,72.5,956.7
125.7,65.3,944.4
146.4,37.7,948.2
163.1, 8.2,950.1
152.4,-8.0,952.4
142.9,-16.0,969.6
137.2,-22.4,977.9
143.1,-32.2,989.6
135.9,-35.6,986.4
107.7,-69.9,941.7
-,-,-
112.4,56.0,944.0
133.2,27.1,950.0
110.0,22.9,963.1
147.5,-13.7,971.0
156.8,-27.2,953.4
130.4,-15.7,956.8
142.2,-20.4,964.4
144.7,-33.2,938.1
149.4,-42.7,936.5
161.1,-49.3,951.8
149.7,-25.1,958.1
115.3,-5.9,955.6
116.0,-20.8,983.4
147.8,-24.9,1021.5
147.0,-29.4,998.6
103.6,-25.2,972.7
99.3,-42.0,984.4
90.0,-66.1,953.5
59.3,-68.7,940.7
59.9,-97.2,954.7
26.1,-110.6,951.4
-1.5,-119.4,958.2
-11.8,-120.1,979.4
-50.8,-87.7,963.9
-68.9,-54.7,929.5
-71.3,-27.2,925.4
-72.5,-6.4,947.2
-50.7,10.8,973.5
-59.1,24.2,989.2
-59.9,19.0,987.0
-42.6,17.0,968.4
-44.5,33.1,988.3
-35.1,31.0,996.8
-26.5,23.2,958.0
-53.1,54.1,929.5
-29.8,65.8,922.3
-12.5,70.8,926.9
-6.1,81.3,938.7
13.1,91.4,935.6
11.1,112.6,958.9
34.2,110.4,976.3
48.4,106.5,965.7
68.0,101.4,964.2
105.9,89.1,978.0
93.2,103.9,972.5
121.3,92.9,961.3
165.6,72.2,951.7
160.2,85.3,949.2
199.1,77.0,951.7
213.9,63.5,938.5
202.4,53.2,944.3
205.2,32.2,953.4
180.2,18.5,949.9
166.1,10.4,953.7
161.4, 1.9,953.0
164.4,-12.5,958.3
195.5,-39.2,958.6
179.7,-46.0,953.6
145.8,-36.2,963.2
125.6,-36.9,950.0
105.8,-52.1,945.2
113.2,-94.1,948.0
-,-,-
87.7,129.7,945.6
93.5,107.1,941.4
91.5,85.4,935.7
123.1,45.2,942.5
131.7,18.1,942.3
132.5, 7.5,948.1
152.7,-23.1,950.2
144.6,-38.6,936.9
153.1,-41.6,947.6
167.5,-40.3,950.6
139.3,-16.2,954.0
160.4,-24.2,973.3
188.6,-31.4,1006.9
187.2,-44.9,1018.7
198.5,-81.8,1007.1
193.1,-115.1,1001.4
174.7,-143.8,992.9
132.3,-145.6,984.3
88.3,-147.8,966.1
45.9,-153.9,939.3
12.7,-153.3,958.9
-34.8,-115.4,963.2
-81.6,-67.5,931.8
-101.9,-39.9,935.6
-111.8, 0.2,947.6
-65.4, 2.4,975.3
-57.0,27.1,994.0
-59.7,55.0,974.8
-32.6,44.3,969.6
-34.4,62.3,988.4
-12.4,60.1,970.5
-17.0,57.3,934.3
-22.6,73.9,948.5
30.8,47.5,965.6
29.6,51.5,956.6
16.1,53.5,955.0
51.6,21.9,945.2
32.9,43.0,945.0
42.5,36.4,932.5
75.7,19.4,934.0
76.9,30.1,961.7
110.9,20.4,948.3
88.0,56.4,959.0
96.3,79.4,980.2
125.1,79.2,959.3
124.1,101.4,973.0
161.8,93.6,966.8
150.2,102.7,950.8
139.6,106.4,955.4
159.9,84.3,943.3
165.8,72.5,964.1
198.5,50.6,977.0
196.9,31.0,952.2
196.3,12.7,952.8
191.9, 5.4,942.6
155.8,17.8,943.9
162.2, 4.0,954.4
157.1,-13.4,971.5
140.6,-17.4,968.8
142.3,-29.7,955.1
119.2,-32.5,927.7
115.3,-45.9,915.1
120.6,-65.6,935.9
-,-,-
118.4,111.1,930.1
133.6,80.8,915.6
144.3,51.9,937.5
153.5,25.1,960.8
171.0,-4.0,959.5
180.9,-20.3,942.4
198.3,-47.5,935.6
181.5,-57.6,922.9
162.4,-31.2,940.3
186.4,-20.8,973.6
179.8,-10.0,968.2
185.9,-5.9,991.7
230.8,-22.5,1007.8
214.7,-20.9,991.5
185.4,-37.2,986.0
190.5,-75.8,986.4
176.9,-103.9,989.7
155.6,-132.9,972.6
119.6,-143.2,971.2
78.1,-155.4,968.9
52.2,-153.3,960.3
-4.4,-114.0,973.9
-28.3,-104.5,955.1
-47.7,-85.6,924.2
-96.5,-47.8,933.2
-80.0,-53.6,945.9
-74.1,-38.2,945.6
-60.5,-26.3,951.2
-39.2,-14.6,949.2
-24.0, 5.2,975.2
 4.5,-0.9,1010.9
 7.4, 8.2,994.2
-6.8,27.7,983.1
-14.8,46.2,979.8
-2.4,40.9,955.5
38.2,-2.7,918.8
31.1, 1.2,918.5
13.9,38.3,934.8
30.3,59.5,945.0
56.9,75.8,947.4
55.5,113.8,957.6
57.6,148.8,967.5
96.8,153.6,968.7
118.7,163.8,963.0
143.0,160.5,948.1
183.4,135.6,950.9
190.9,127.5,949.1
202.6,104.9,951.8
212.2,68.6,946.5
180.1,65.4,945.6
197.2,34.1,957.0
214.2, 5.3,959.5
172.1,24.2,967.5
199.7,-4.1,964.3
188.9,-19.5,963.7
161.8,-23.4,948.8
196.8,-62.4,928.7
160.7,-59.3,942.1
117.8,-49.4,936.6
116.8,-74.9,931.3
104.9,-98.3,942.8
-,-,-
150.5,64.8,952.1
166.2,36.3,943.1
165.5,20.0,934.8
166.7,14.5,937.5
175.6, 9.1,940.5
178.4,-0.2,941.2
156.5, 7.8,932.5
166.9,-4.8,951.9
199.2,-36.2,968.5
197.8,-34.8,951.3
225.0,-51.6,970.0
251.5,-69.6,977.4
222.1,-46.3,983.7
232.4,-46.9,1024.2
237.5,-68.3,1020.6
179.2,-65.2,998.0
152.7,-77.3,996.4
128.9,-90.9,985.7
87.8,-86.3,970.7
53.1,-84.5,962.2
-5.9,-71.7,943.1
-25.7,-73.9,956.7
-40.7,-65.9,960.7
-71.5,-32.1,927.7
-72.4,-22.9,927.5
-68.9,-8.8,956.4
-72.2,20.7,971.4
-66.9,33.9,985.8
-76.1,38.4,984.4
-46.4,26.6,956.0
-22.1,27.3,958.7
-33.6,41.8,971.6
-9.1,33.9,967.9
19.1,31.8,970.6
24.2,28.6,956.9
22.0,32.0,944.6
15.8,47.7,926.1
33.5,59.1,917.6
51.7,82.5,935.9
77.2,87.9,932.0
80.1,119.8,954.5
107.7,114.7,1009.1
176.7,64.4,994.4
130.1,88.7,969.3
160.9,60.6,970.9
192.2,40.0,941.1
147.9,82.5,945.8
207.0,52.5,955.2
194.3,58.4,930.3
156.2,92.4,938.1
186.9,77.6,937.8
168.3,87.2,939.2
172.4,69.2,948.2
173.3,49.1,951.0
176.6,39.8,969.1
200.7,14.6,966.2
179.1,11.9,962.9
156.2,10.4,951.7
162.8,-5.3,936.5
161.3,-26.7,932.8
165.3,-55.3,916.3
163.3,-80.6,929.4
149.7,-114.8,939.7
-,-,-
93.2,193.3,957.2
104.2,176.5,954.0
135.4,132.7,953.3
165.8,82.4,960.4
176.0,49.9,956.9
180.4,17.8,947.8
193.0,-32.1,950.3
207.9,-73.1,948.2
213.9,-82.1,960.8
206.3,-78.4,954.6
201.9,-63.7,958.7
216.4,-53.1,996.0
214.8,-33.2,1002.9
161.8,-13.6,979.5
116.7,-20.0,971.7
119.3,-49.1,1004.6
105.7,-81.6,994.3
91.9,-113.1,977.3
94.1,-137.1,993.7
60.5,-146.6,965.9
17.1,-141.8,951.9
-6.6,-129.6,966.3
-43.6,-100.5,941.0
-77.6,-56.3,920.9
-88.9,-24.1,926.3
-111.0, 7.0,912.0
-117.8,34.0,917.7
-99.0,34.7,932.9
-101.1,41.1,939.1
-90.2,39.8,948.8
-55.7,28.9,949.7
-42.2,29.1,967.1
-5.8,19.6,978.3
 3.1,30.4,958.0
-12.4,50.9,959.5
 4.7,45.4,966.6
 4.3,54.0,954.4
15.9,65.2,954.7
48.1,62.3,948.1
24.9,92.4,946.2
28.1,103.7,954.5
66.3,102.9,932.4
78.2,120.2,926.5
107.2,117.0,934.9
102.0,126.5,968.6
138.2,111.4,996.4
185.8,73.5,981.8
153.1,86.1,962.2
158.9,94.9,956.1
165.0,95.4,951.5
148.2,123.6,955.4
197.8,108.3,956.9
230.0,91.3,940.8
220.6,89.1,949.3
251.4,52.3,940.8
211.2,64.6,927.1
173.8,79.0,954.2
197.8,55.8,957.9
181.9,47.9,960.3
191.8,15.9,936.2
213.4,-10.9,927.4
195.5,-10.2,965.6
182.0,-21.3,968.5
173.7,-33.6,944.0
-,-,-
83.5,180.2,962.5
107.1,157.6,959.3
129.2,128.3,952.3
163.8,88.8,957.9
176.1,54.4,956.0
174.7,26.5,971.0
179.2,-26.4,983.0
195.8,-88.3,951.4
201.7,-116.2,916.3
188.4,-110.0,910.0
201.5,-90.2,950.1
203.8,-59.0,969.5
174.8,-10.1,962.5
161.2, 6.0,963.6
150.0, 6.4,964.7
141.6,16.6,979.1
152.0,-1.4,963.7
160.1,-19.1,952.6
164.7,-27.8,978.3
164.8,-51.2,994.6
165.0,-68.5,1003.9
153.3,-94.5,996.2
128.4,-121.0,986.6
107.1,-133.4,978.7
78.5,-136.4,947.3
59.0,-114.8,949.9
-16.5,-61.0,972.2
-75.1,-32.4,951.9
-47.3,-30.9,961.7
-72.4,-11.9,946.3
-54.3,-15.0,912.6
-40.1, 8.1,936.6
-84.7,63.2,964.6
-58.1,76.3,976.2
-63.6,94.4,980.4
-43.7,95.4,989.3
15.2,56.8,986.9
-3.4,67.2,979.3
-7.1,87.4,960.9
18.4,62.5,934.4
25.0,49.7,932.8
31.2,55.3,925.0
26.9,67.9,926.7
27.4,86.4,944.3
39.0,99.9,948.1
66.9,86.8,947.7
72.2,92.5,945.4
103.5,84.2,958.9
125.3,78.3,954.9
121.4,110.7,966.3
177.8,92.5,965.9
204.1,71.1,946.3
218.1,62.9,958.4
224.7,51.6,940.9
200.3,70.6,944.6
196.5,68.0,966.6
187.7,59.5,949.6
181.8,47.2,941.2
199.0,10.1,940.6
185.9, 2.1,947.0
184.9,-13.1,952.4
202.9,-35.2,944.5
160.7,-24.9,935.6
157.7,-30.6,948.5
167.0,-43.3,952.1
147.8,-43.7,959.3
-,-,-
86.4,145.9,975.2
96.7,121.6,956.1
131.2,80.7,944.5
150.5,47.1,947.1
148.7,18.1,950.5
194.1,-37.0,949.6
212.4,-51.6,958.8
209.5,-48.7,937.3
211.0,-57.6,914.1
202.6,-64.4,923.4
196.1,-69.4,941.9
216.0,-88.6,978.5
237.4,-105.2,998.4
229.5,-95.5,1003.0
223.5,-99.8,1007.0
197.3,-100.0,1006.4
154.0,-94.3,994.3
130.7,-108.8,984.7
100.6,-124.6,990.3
54.9,-132.8,961.4
44.6,-158.2,947.3
20.1,-167.6,965.9
-22.0,-152.9,953.8
-51.4,-135.5,919.8
-74.3,-112.0,880.1
-56.4,-105.1,859.0
-82.4,-61.9,896.1
-110.8,-28.7,945.5
-87.7,-34.8,964.6
-108.7,-23.6,975.5
-73.9,-45.2,971.4
-53.3,-53.9,961.1
-83.5,-36.1,968.1
-34.1,-53.9,979.3
 6.7,-67.0,965.7
-7.9,-40.4,963.1
18.1,-12.2,954.6
 4.7,42.0,955.7
-21.8,86.5,963.4
-1.7,91.8,966.4
13.7,89.0,955.6
15.7,92.4,943.0
46.7,76.7,938.5
117.9,46.6,902.2
103.2,82.3,927.5
134.4,69.5,968.8
165.5,33.3,950.4
134.7,55.0,965.7
195.2,18.4,964.4
178.5,33.6,944.4
141.3,86.1,955.9
178.1,86.2,955.1
161.4,108.0,958.0
181.6,103.9,966.4
228.0,76.6,937.8
205.8,80.5,923.9
206.5,61.5,928.3
232.6,25.5,934.8
235.3,-4.9,952.6
226.7,-21.9,956.8
194.4,-9.5,952.6
209.4,-33.6,941.7
221.4,-56.7,947.0
177.9,-49.5,957.1
168.4,-69.2,944.6
-,-,-
165.3,139.0,942.9
191.1,102.5,946.6
217.0,71.4,946.6
221.4,57.2,941.7
218.7,36.3,932.8
199.8,21.8,929.7
209.8,-13.3,929.3
253.8,-74.9,929.9
246.4,-84.1,937.1
228.2,-73.0,946.5
248.3,-81.5,966.2
228.5,-74.5,969.2
206.7,-63.3,963.1
230.3,-80.1,975.5
203.5,-76.8,987.2
181.2,-65.1,1014.5
183.0,-67.6,1018.8
150.5,-72.2,988.5
93.8,-97.1,991.8
53.6,-131.3,976.1
30.5,-145.9,939.2
-11.8,-138.4,940.6
-47.5,-125.2,935.9
-96.0,-97.3,908.7
-147.2,-51.7,914.3
-152.6,-20.6,929.2
-166.3,11.0,933.6
-170.6,29.9,942.6
-165.8,34.6,921.0
-147.6,29.0,898.0
-113.9,21.9,903.0
-87.3,36.5,912.8
-57.9,54.0,932.3
-63.2,88.1,950.3
-39.0,97.2,964.2
 4.8,89.4,961.9
-12.5,120.1,971.8
 7.2,125.4,969.3
 9.2,128.3,947.1
 9.7,133.6,956.5
56.9,101.9,958.8
45.7,103.7,942.1
33.3,123.1,952.1
113.5,81.6,941.1
142.3,62.3,918.8
132.0,74.3,936.3
184.8,51.7,944.0
208.1,45.3,940.8
193.5,52.7,964.2
218.2,36.1,982.8
214.0,14.2,959.5
170.3, 8.8,958.3
147.8,13.2,966.6
142.3, 2.8,956.1
126.6,13.7,960.9
156.6,-14.2,960.9
177.5,-47.1,941.3
139.3,-35.4,949.4
139.5,-48.3,940.5
140.2,-65.2,921.3
136.6,-84.2,930.5
