-,-,-
-69.84,360.32,912.70
152.38,414.29,996.83
309.52,261.90,860.32
352.38,209.52,961.90
558.73,-146.03,1087.30
406.35,-253.97,1066.67
325.40,-422.22,1047.62
225.40,-523.81,1047.62
-122.22,-588.89,769.84
-198.41,-557.14,909.52
-476.19,-423.81,787.30
-428.57,-269.84,807.94
-533.33,-17.46,1038.10
-447.62,-22.22,820.64
-512.70,201.59,1047.62
-473.02,209.52,893.65
-423.81,352.38,947.62
-449.21,528.57,887.30
-28.57,415.87,920.64
-350.79,682.54,923.81
123.81,388.89,812.70
231.75,180.95,871.43
128.57,157.14,746.03
380.95,25.40,1049.21
179.36,-93.65,865.08
-,-,-
46.03,360.32,938.10
233.33,330.16,992.06
326.98,203.17,914.29
404.76,131.75,965.08
434.92,-26.98,1041.27
306.35,-79.36,936.51
176.19,-353.97,993.65
1.59,-604.76,946.03
-271.43,-707.94,871.43
-433.33,-663.49,792.06
-612.70,-358.73,963.49
-476.19,-230.16,809.52
-431.75,103.17,993.65
-503.17,211.11,1023.81
-250.79,234.92,506.35
-358.73,463.49,1087.30
-325.40,541.27,909.52
1.59,606.35,1117.46
-150.79,511.11,860.32
106.35,480.95,1047.62
284.13,107.94,785.71
47.62,255.56,922.22
431.75,-125.40,817.46
57.14,-68.25,836.51
326.98,-195.24,1168.25
-,-,-
-47.62,426.98,919.05
157.14,428.57,869.84
230.16,461.90,861.90
484.13,282.54,817.46
580.95,0.00,1047.62
430.16,-28.57,1019.05
484.13,-485.71,1166.67
277.78,-606.35,1098.41
-53.97,-606.35,1068.25
-304.76,-587.30,1011.11
-333.33,-533.33,841.27
-585.71,-279.36,1012.70
-298.41,-182.54,815.87
-434.92,128.57,1020.64
-428.57,176.19,844.44
-485.71,384.13,934.92
-328.57,411.11,961.90
-334.92,582.54,965.08
-130.16,555.56,961.90
25.40,503.17,819.05
7.94,436.51,838.10
274.60,177.78,811.11
225.40,179.36,963.49
379.36,-50.79,990.48
250.79,-198.41,938.10
-,-,-
69.84,453.97,988.89
128.57,453.97,869.84
280.95,436.51,923.81
514.29,155.56,996.83
407.94,-44.44,946.03
563.49,-298.41,1115.87
482.54,-687.30,992.06
84.13,-604.76,1038.10
-49.21,-734.92,909.52
-382.54,-536.51,993.65
-350.79,-403.17,1141.27
-326.98,-247.62,961.90
-423.81,103.17,1073.02
-374.60,171.43,919.05
-476.19,434.92,1068.25
-257.14,463.49,995.24
-252.38,630.16,995.24
-25.40,565.08,841.27
79.36,606.35,992.06
282.54,307.94,890.48
253.97,225.40,892.06
336.51,-26.98,892.06
209.52,-126.98,920.64
-,-,-
33.33,409.52,990.48
184.13,412.70,973.02
263.49,377.78,988.89
517.46,149.21,1069.84
557.14,-66.67,1038.10
534.92,-353.97,1066.67
407.94,-655.56,958.73
-52.38,-523.81,939.68
-322.22,-484.13,1090.48
-431.75,-360.32,1042.86
-403.17,-274.60,1122.22
-331.75,0.00,1125.40
-507.94,207.94,936.51
-326.98,280.95,988.89
-309.52,428.57,987.30
-355.56,607.94,895.24
-31.75,590.48,1012.70
-1.59,533.33,890.48
25.40,514.29,942.86
228.57,279.36,919.05
180.95,226.98,946.03
336.51,-1.59,963.49
230.16,-123.81,761.90
-,-,-
-42.86,379.36,836.51
182.54,411.11,920.64
276.19,304.76,860.32
452.38,152.38,960.32
665.08,1.59,1071.43
582.54,-258.73,1220.63
434.92,-436.51,1044.44
53.97,-587.30,938.10
-131.75,-603.17,1069.84
-282.54,-666.67,892.06
-379.36,-428.57,920.64
-384.13,-93.65,838.10
-457.14,173.02,912.70
-453.97,428.57,968.25
-387.30,514.29,869.84
-452.38,768.25,1015.87
-179.36,611.11,796.83
-53.97,736.51,1271.43
185.71,536.51,833.33
355.56,338.10,990.48
233.33,155.56,769.84
385.71,-76.19,987.30
311.11,-249.21,966.67
-,-,-
187.30,479.36,1041.27
233.33,439.68,920.64
414.29,304.76,1038.10
684.13,1.59,1220.63
604.76,-203.17,1220.63
457.14,-528.57,1171.43
182.54,-682.54,1169.84
-357.14,-653.97,736.51
-330.16,-614.29,936.51
-501.59,-250.79,1192.06
-379.36,-146.03,912.70
-460.32,149.21,1173.02
-536.51,282.54,960.32
-274.60,331.75,963.49
-530.16,638.10,1122.22
-122.22,512.70,834.92
-225.40,706.35,1047.62
185.71,406.35,1014.29
4.76,482.54,965.08
276.19,225.40,968.25
326.98,-23.81,863.49
100.00,82.54,1065.08
352.38,-196.83,1025.40
-,-,-
-95.24,504.76,768.25
107.94,612.70,834.92
314.29,452.38,731.75
453.97,361.90,834.92
712.70,55.56,1041.27
553.97,-131.75,1015.87
531.75,-500.00,936.51
303.17,-585.71,1017.46
-49.21,-558.73,966.67
-423.81,-612.70,993.65
-273.02,-500.00,1023.81
-326.98,-284.13,890.48
-330.16,-50.79,1012.70
-404.76,122.22,733.33
-371.43,280.95,936.51
-611.11,606.35,668.25
-423.81,736.51,639.68
-3698.41,884.13,717.46
-74.60,893.65,831.75
233.33,585.71,890.48
30.16,588.89,757.14
306.35,406.35,942.86
453.97,82.54,787.30
361.90,-19.05,1012.70
-,-,-
28.57,200.00,873.02
20.64,379.36,868.25
125.40,460.32,820.64
428.57,277.78,833.33
439.68,179.36,946.03
615.87,-47.62,968.25
631.75,-222.22,1141.27
414.29,-460.32,973.02
107.94,-507.94,820.64
-46.03,-638.10,865.08
-153.97,-657.14,771.43
-477.78,-350.79,841.27
-533.33,-130.16,714.29
-663.49,355.56,892.06
-601.59,388.89,761.90
-526.98,638.10,892.06
-277.78,685.71,836.51
-153.97,809.52,860.32
209.52,606.35,912.70
7.94,663.49,811.11
588.89,223.81,1017.46
428.57,85.71,693.65
338.10,-44.44,1063.49
433.33,-347.62,842.86
-,-,-
380.95,461.90,865.08
452.38,387.30,822.22
739.68,-3.17,1139.68
709.52,-503.17,963.49
379.36,-914.29,814.29
100.00,-1349.21,585.71
-507.94,-1042.86,588.89
-558.73,-587.30,863.49
-638.10,134.92,973.02
-665.08,439.68,1165.08
-538.10,617.46,985.71
-406.35,790.48,1014.29
131.75,642.86,939.68
-46.03,792.06,895.24
336.51,541.27,966.67
477.78,182.54,769.84
309.52,-20.64,884.13
453.97,-379.36,819.05
331.75,-384.13,1015.87
-,-,-
-41.27,563.49,1039.68
209.52,665.08,973.02
580.95,585.71,1114.29
684.13,312.70,1142.86
782.54,-76.19,1100.00
411.11,-379.36,909.52
334.92,-765.08,1019.05
260.32,-1161.90,936.51
-326.98,-861.90,1200.00
-376.19,-688.89,942.86
-558.73,-179.36,965.08
-607.94,209.52,911.11
-379.36,506.35,992.06
-450.79,912.70,1012.70
-74.60,833.33,987.30
-101.59,960.32,1139.68
228.57,606.35,758.73
412.70,461.90,1068.25
403.17,157.14,834.92
566.67,-125.40,1163.49
355.56,-380.95,938.10
-,-,-
46.03,585.71,858.73
434.92,563.49,938.10
684.13,333.33,985.71
895.24,-73.02,1119.05
592.06,-580.95,961.90
106.35,-907.94,741.27
58.73,-1273.02,912.70
-347.62,-1012.70,861.90
-738.10,-204.76,1092.06
-763.49,338.10,968.25
-815.87,809.52,1117.46
-353.97,685.71,707.94
-557.14,1073.02,895.24
-26.98,857.14,768.25
485.71,514.29,998.41
326.98,298.41,834.92
430.16,-26.98,1012.70
-,-,-
-176.19,585.71,973.02
-50.79,631.75,939.68
226.98,715.87,817.46
617.46,407.94,819.05
741.27,-1.59,941.27
834.92,-380.95,1165.08
460.32,-739.68,1096.83
465.08,-1166.67,869.84
-249.21,-996.83,844.44
-196.83,-880.95,996.83
-450.79,-358.73,1014.29
-682.54,282.54,1096.83
-501.59,490.48,1098.41
-534.92,742.86,866.67
-325.40,860.32,860.32
-52.38,871.43,709.52
155.56,795.24,911.11
355.56,409.52,795.24
414.29,123.81,961.90
412.70,-230.16,893.65
-,-,-
-93.65,560.32,988.89
179.36,509.52,869.84
252.38,538.10,684.13
539.68,404.76,920.64
834.92,82.54,985.71
869.84,-228.57,1100.00
796.83,-534.92,1073.02
228.57,-1109.52,996.83
-560.32,-1163.49,1176.19
-601.59,-1195.24,684.13
-506.35,-326.98,1138.10
-739.68,107.94,480.95
-358.73,584.13,1141.27
-787.30,692.06,660.32
-149.21,812.70,868.25
-179.36,939.68,766.67
103.17,842.86,790.48
182.54,809.52,973.02
428.57,250.79,736.51
436.51,7.94,944.44
606.35,-458.73,947.62
-,-,-
49.21,607.94,1011.11
384.13,557.14,1036.51
490.48,407.94,868.25
790.48,103.17,1117.46
746.03,-253.97,965.08
533.33,-857.14,788.89
311.11,-965.08,1241.27
-280.95,-1088.89,890.48
-458.73,-914.29,993.65
-528.57,-374.60,963.49
-636.51,234.92,988.89
-485.71,431.75,1176.19
-631.75,690.48,817.46
-228.57,1068.25,1142.86
-123.81,966.67,790.48
234.92,869.84,965.08
663.49,390.48,1069.84
284.13,284.13,868.25
668.25,-304.76,1168.25
-,-,-
-117.46,609.52,1119.05
180.95,609.52,1071.43
301.59,584.13,1123.81
655.56,282.54,1020.64
946.03,-173.02,1073.02
709.52,-457.14,1012.70
536.51,-760.32,1177.78
20.64,-841.27,1068.25
-587.30,-1063.49,942.86
-628.57,-865.08,1085.71
-703.17,-30.16,1047.62
-487.30,336.51,987.30
-688.89,685.71,1023.81
-504.76,738.10,788.89
2801.59,922.22,912.70
-20.64,869.84,815.87
488.89,588.89,966.67
430.16,460.32,947.62
538.10,209.52,1203.17
-,-,-
-225.40,758.73,734.92
328.57,606.35,709.52
636.51,436.51,784.13
695.24,301.59,914.29
1060.32,-249.21,911.11
655.56,-655.56,920.64
200.00,-1084.13,966.67
204.76,-1366.67,973.02
-301.59,-961.90,917.46
-657.14,-257.14,634.92
-626.98,507.94,969.84
-907.94,642.86,565.08
-457.14,746.03,969.84
-96.83,788.89,669.84
-123.81,1047.62,720.64
615.87,642.86,866.67
461.90,357.14,653.97
460.32,1.59,1066.67
-,-,-
-130.16,450.79,1149.21
-182.54,665.08,1114.29
160.32,684.13,1014.29
439.68,507.94,965.08
441.27,438.10,987.30
658.73,52.38,1192.06
658.73,-223.81,1192.06
530.16,-603.17,1146.03
309.52,-831.75,1200.00
-203.17,-793.65,1342.86
-100.00,-995.24,1301.59
-553.97,-328.57,1144.44
-741.27,133.33,958.73
-603.17,355.56,1147.62
-653.97,361.90,787.30
-152.38,688.89,1165.08
-155.56,820.64,871.43
180.95,842.86,1193.65
209.52,561.90,971.43
506.35,225.40,1271.43
-,-,-
-258.73,615.87,868.25
-74.60,738.10,807.94
330.16,609.52,807.94
561.90,485.71,890.48
755.56,207.94,1049.21
995.24,-347.62,1090.48
490.48,-682.54,842.86
306.35,-957.14,1022.22
-230.16,-1139.68,920.64
-228.57,-1031.75,1222.22
-504.76,-455.56,912.70
-603.17,23.81,890.48
-606.35,453.97,988.89
1085.71,490.48,811.11
809.52,890.48,836.51
-122.22,917.46,890.48
312.70,687.30,1071.43
171.43,630.16,787.30
719.05,95.24,1171.43
-,-,-
20.64,638.10,834.92
457.14,531.75,817.46
706.35,336.51,868.25
785.71,107.94,1049.21
784.13,-303.17,1122.22
560.32,-757.14,1023.81
284.13,-1261.90,942.86
49.21,-1653.97,688.89
-422.22,-890.48,942.86
-688.89,-53.97,882.54
-907.94,736.51,1095.24
-884.13,638.10,763.49
-3369.84,566.67,895.24
-296.83,920.64,757.14
-77.78,1017.46,912.70
463.49,479.36,857.14
274.60,430.16,936.51
614.29,-120.64,1101.59
-,-,-
22.22,706.35,765.08
541.27,587.30,842.86
815.87,334.92,893.65
941.27,-44.44,1066.67
758.73,-526.98,758.73
6.35,-917.46,1015.87
-125.40,-1171.43,917.46
-355.56,-1038.10,1044.44
-149.21,-814.29,942.86
-485.71,1.59,1120.63
-660.32,177.78,758.73
-625.40,479.36,761.90
-606.35,712.70,612.70
-201.59,841.27,812.70
-282.54,1069.84,814.29
312.70,739.68,866.67
401.59,453.97,822.22
280.95,334.92,866.67
611.11,-131.75,1047.62
-,-,-
-120.64,634.92,1066.67
403.17,611.11,919.05
711.11,355.56,996.83
765.08,157.14,1119.05
692.06,-530.16,1266.67
401.59,-1015.87,582.54
-303.17,-987.30,990.48
-609.52,-915.87,1015.87
-457.14,-603.17,912.70
-611.11,0.00,1015.87
-406.35,401.59,731.75
2801.59,869.84,963.49
2801.59,717.46,788.89
-457.14,1246.03,841.27
284.13,866.67,819.05
155.56,842.86,1020.64
565.08,311.11,888.89
404.76,77.78,1065.08
404.76,-373.02,1115.87
-,-,-
26.98,617.46,811.11
261.90,607.94,846.03
617.46,360.32,793.65
819.05,-1.59,992.06
766.67,-407.94,1039.68
282.54,-1171.43,1087.30
-142.86,-1374.60,1012.70
-482.54,-1085.71,896.83
-563.49,-452.38,871.43
-753.97,153.97,741.27
-501.59,655.56,860.32
-633.33,504.76,911.11
-3698.41,584.13,733.33
-561.90,965.08,763.49
203.17,733.33,834.92
47.62,793.65,995.24
250.79,477.78,657.14
617.46,150.79,939.68
285.71,80.95,844.44
-,-,-
-44.44,642.86,885.71
223.81,563.49,892.06
660.32,326.98,1038.10
834.92,31.75,1142.86
814.29,-431.75,1142.86
566.67,-785.71,1049.21
182.54,-1114.29,1090.48
-155.56,-1068.25,1066.67
-423.81,-614.29,1046.03
-604.76,185.71,992.06
-511.11,331.75,1085.71
-557.14,592.06,861.90
-169.84,657.14,839.68
130.16,768.25,995.24
133.33,939.68,919.05
617.46,553.97,1112.70
507.94,277.78,1073.02
352.38,26.98,1087.30
225.40,-152.38,1017.46
-,-,-
153.97,614.29,1039.68
439.68,487.30,971.43
688.89,157.14,1177.78
712.70,-277.78,1241.27
363.49,-655.56,969.84
-93.65,-836.51,912.70
-276.19,-884.13,842.86
-530.16,-584.13,742.86
-638.10,-100.00,733.33
-855.56,414.29,988.89
-449.21,452.38,895.24
-536.51,912.70,1087.30
-1.59,842.86,885.71
76.19,987.30,1169.84
530.16,617.46,841.27
130.16,612.70,939.68
577.78,79.36,947.62
231.75,-103.17,817.46
174.60,-152.38,1223.81
377.78,-307.94,914.29
-,-,-
-50.79,541.27,833.33
411.11,430.16,795.24
384.13,490.48,739.68
714.29,287.30,888.89
885.71,-350.79,1098.41
534.92,-804.76,892.06
-130.16,-1042.86,919.05
-153.97,-1133.33,888.89
-704.76,-574.60,842.86
-811.11,-247.62,782.54
-828.57,514.29,863.49
-990.48,606.35,741.27
-328.57,666.67,946.03
-3698.41,844.44,707.94
-20.64,842.86,782.54
309.52,690.48,668.25
360.32,488.89,768.25
561.90,77.78,939.68
171.43,-100.00,793.65
-,-,-
122.22,580.95,893.65
512.70,466.67,1085.71
431.75,476.19,1098.41
766.67,123.81,1371.43
755.56,-325.40,1146.03
252.38,-557.14,1146.03
-96.83,-1114.29,911.11
-307.94,-1019.05,1074.60
-479.36,-758.73,1142.86
-360.32,-377.78,809.52
-685.71,336.51,1119.05
-257.14,431.75,834.92
-303.17,453.97,1044.44
2801.59,961.90,1012.70
-230.16,961.90,731.75
438.10,792.06,1149.21
182.54,638.10,868.25
592.06,380.95,1271.43
426.98,33.33,888.89
325.40,-49.21,1349.21
331.75,-334.92,960.32
-,-,-
-3.17,639.68,988.89
431.75,530.16,915.87
661.90,409.52,1012.70
993.65,-3.17,1369.84
895.24,-509.52,1119.05
384.13,-782.54,1163.49
103.17,-1038.10,907.94
-587.30,-995.24,865.08
-473.02,-658.73,973.02
-530.16,-3.17,923.81
-503.17,634.92,1249.21
-626.98,438.10,912.70
2801.59,539.68,1115.87
2801.59,842.86,714.29
249.21,887.30,1268.25
173.02,719.05,790.48
487.30,538.10,1196.83
511.11,96.83,1047.62
261.90,-46.03,1119.05
206.35,-358.73,941.27
-,-,-
252.38,539.68,884.13
634.92,309.52,963.49
944.44,-55.56,1223.81
788.89,-422.22,1092.06
333.33,-726.98,961.90
25.40,-1188.89,792.06
-425.40,-980.95,1085.71
-452.38,-703.17,787.30
-536.51,-96.83,844.44
-868.25,634.92,863.49
-560.32,557.14,788.89
-3698.41,1074.60,857.14
131.75,1022.22,947.62
255.56,831.75,844.44
463.49,663.49,985.71
815.87,-3.17,920.64
149.21,-47.62,893.65
-,-,-
176.19,515.87,893.65
406.35,606.35,1015.87
784.13,333.33,1247.62
985.71,-120.64,1322.22
411.11,-474.60,1141.27
433.33,-836.51,1152.38
-126.98,-863.49,1300.00
-380.95,-968.25,1015.87
-198.41,-601.59,1195.24
-601.59,-49.21,868.25
-557.14,538.10,1225.40
-687.30,515.87,974.60
-303.17,563.49,934.92
-47.62,741.27,1066.67
106.35,839.68,946.03
331.75,666.67,1095.24
503.17,377.78,1115.87
279.36,149.21,974.60
326.98,-195.24,1146.03
180.95,-120.64,1341.27
-,-,-
-30.16,704.76,658.73
614.29,485.71,771.43
820.64,82.54,922.22
760.32,-68.25,1225.40
465.08,-736.51,890.48
384.13,-1217.46,914.29
-300.00,-1266.67,742.86
-431.75,-765.08,766.67
-658.73,-95.24,912.70
-731.75,431.75,863.49
-636.51,758.73,1144.44
-358.73,692.06,771.43
-155.56,1019.05,682.54
-1.59,936.51,561.90
582.54,614.29,895.24
563.49,79.36,807.94
363.49,-200.00,993.65
176.19,-511.11,666.67
-,-,-
104.76,530.16,741.27
287.30,439.68,615.87
533.33,284.13,742.86
988.89,-126.98,806.35
944.44,-577.78,757.14
457.14,-790.48,1069.84
150.79,-1039.68,1087.30
-253.97,-1212.70,842.86
-476.19,-831.75,909.52
-357.14,-328.57,792.06
-709.52,350.79,985.71
-663.49,488.89,758.73
-433.33,709.52,892.06
-347.62,988.89,658.73
33.33,947.62,884.13
326.98,642.86,746.03
206.35,580.95,793.65
690.48,-23.81,1012.70
131.75,-119.05,866.67
384.13,-401.59,1073.02
-,-,-
-30.16,452.38,788.89
34.92,536.51,657.14
403.17,439.68,809.52
685.71,150.79,919.05
965.08,-360.32,1150.79
365.08,-763.49,869.84
122.22,-865.08,1041.27
-322.22,-1063.49,866.67
-450.79,-703.17,968.25
-558.73,-131.75,734.92
-933.33,379.36,768.25
-706.35,609.52,780.95
-450.79,763.49,684.13
-3698.41,1139.68,782.54
7.94,860.32,588.89
455.56,744.44,1087.30
274.60,455.56,631.75
158.73,430.16,949.21
515.87,-252.38,815.87
79.36,-252.38,869.84
-,-,-
207.94,147.62,815.87
365.08,512.70,934.92
490.48,433.33,998.41
590.48,109.52,1068.25
717.46,-325.40,1419.05
433.33,-985.71,1015.87
-273.02,-1149.21,831.75
-507.94,-893.65,1120.63
-482.54,-458.73,746.03
-682.54,250.79,892.06
-639.68,638.10,734.92
-790.48,1065.08,868.25
2801.59,1150.79,714.29
33.33,1069.84,892.06
223.81,846.03,695.24
609.52,331.75,960.32
407.94,26.98,887.30
277.78,-157.14,920.64
-,-,-
-173.02,426.98,947.62
28.57,479.36,782.54
409.52,534.92,688.89
709.52,460.32,888.89
809.52,288.89,885.71
869.84,-230.16,1241.27
768.25,-658.73,968.25
107.94,-1117.46,995.24
-95.24,-1338.10,941.27
-731.75,-715.87,996.83
-652.38,-246.03,663.49
-790.48,531.75,812.70
-639.68,460.32,614.29
-404.76,736.51,1038.10
-3698.41,936.51,609.52
103.17,946.03,1019.05
-30.16,858.73,709.52
379.36,511.11,985.71
509.52,50.79,939.68
52.38,-79.36,817.46
-,-,-
-152.38,665.08,661.90
404.76,607.94,739.68
584.13,588.89,887.30
947.62,280.95,1066.67
942.86,-311.11,917.46
542.86,-1039.68,707.94
77.78,-1165.08,941.27
-146.03,-1242.86,833.33
-933.33,-779.36,1123.81
-380.95,-403.17,987.30
-958.73,514.29,858.73
-676.19,479.36,736.51
-557.14,688.89,892.06
-3698.41,896.83,763.49
155.56,757.14,911.11
-23.81,865.08,633.33
614.29,403.17,996.83
301.59,234.92,893.65
261.90,-1.59,834.92
355.56,-257.14,922.22
-,-,-
-122.22,582.54,814.29
430.16,557.14,1041.27
720.64,457.14,1147.62
809.52,303.17,1271.43
793.65,-46.03,1292.06
631.75,-433.33,985.71
-333.33,-703.17,1139.68
-131.75,-1219.05,1223.81
-298.41,-961.90,1203.17
-479.36,-353.97,736.51
-560.32,22.22,685.71
-558.73,485.71,846.03
-307.94,552.38,763.49
2801.59,1139.68,1023.81
-71.43,1047.62,861.90
-328.57,1190.48,836.51
287.30,757.14,887.30
715.87,225.40,1125.40
126.98,255.56,792.06
611.11,-206.35,1292.06
307.94,-298.41,1096.83
-,-,-
-15.87,539.68,690.48
431.75,511.11,836.51
644.44,536.51,1015.87
785.71,301.59,1012.70
819.05,-230.16,939.68
414.29,-480.95,987.30
253.97,-1119.05,844.44
-144.44,-1011.11,1196.83
-482.54,-1038.10,566.67
-276.19,-639.68,863.49
-815.87,363.49,960.32
-741.27,480.95,842.86
-512.70,668.25,1017.46
-3698.41,685.71,733.33
-3698.41,960.32,839.68
-3.17,712.70,561.90
225.40,588.89,892.06
504.76,226.98,731.75
609.52,-122.22,1150.79
533.33,-423.81,949.21
-,-,-
-98.41,668.25,842.86
488.89,455.56,895.24
733.33,387.30,946.03
865.08,180.95,1198.41
896.83,-328.57,968.25
128.57,-503.17,1120.63
304.76,-984.13,1038.10
-504.76,-1014.29,1011.11
-223.81,-1069.84,717.46
-380.95,-173.02,839.68
-1085.71,820.64,866.67
-736.51,611.11,992.06
-661.90,788.89,780.95
20.64,912.70,630.16
50.79,1060.32,887.30
382.54,738.10,866.67
482.54,512.70,1117.46
531.75,-47.62,887.30
311.11,-257.14,1063.49
123.81,-301.59,961.90
-,-,-
101.59,631.75,814.29
768.25,436.51,1090.48
938.10,284.13,1249.21
1174.60,-20.64,1276.19
514.29,-538.10,873.02
73.02,-687.30,938.10
-104.76,-1274.60,947.62
-425.40,-934.92,1019.05
-958.73,-19.05,811.11
-779.36,387.30,742.86
-990.48,631.75,630.16
-531.75,666.67,787.30
2801.59,938.10,795.24
4.76,968.25,912.70
103.17,896.83,758.73
353.97,631.75,896.83
666.67,250.79,834.92
514.29,49.21,969.84
607.94,-200.00,1203.17
-,-,-
