-,-,-
-46.03,-561.90,1547.62
-176.19,-142.86,936.51
-280.95,-92.06,922.22
-207.94,-74.60,939.68
304.76,84.13,1046.03
614.29,109.52,1046.03
509.52,-220.64,922.22
330.16,-536.51,934.92
3.17,-658.73,863.49
-253.97,-638.10,820.64
-714.29,-679.36,838.10
-577.78,-428.57,871.43
-449.21,-44.44,966.67
-,-,-
-57.14,-506.35,1652.38
-180.95,-42.86,985.71
258.73,98.41,1014.29
353.97,98.41,1009.52
276.19,-79.36,1012.70
258.73,-303.17,919.05
211.11,-553.97,888.89
6.35,-677.78,992.06
176.19,-206.35,914.29
49.21,-558.73,863.49
-498.41,-479.36,895.24
-526.98,-357.14,909.52
-612.70,-98.41,993.65
-576.19,30.16,1096.83
-,-,-
-104.76,-733.33,1582.54
-279.36,-171.43,966.67
-169.84,-69.84,938.10
284.13,174.60,971.43
455.56,150.79,1069.84
330.16,-196.83,985.71
253.97,-357.14,941.27
207.94,-588.89,842.86
122.22,-677.78,815.87
-69.84,-658.73,833.33
-25.40,-526.98,871.43
-407.94,-460.32,888.89
-663.49,-334.92,965.08
-682.54,-153.97,1017.46
-,-,-
-47.62,-555.56,1447.62
-300.00,-149.21,915.87
-120.64,-28.57,961.90
-95.24,158.73,996.83
204.76,123.81,1014.29
430.16,-26.98,1038.10
363.49,-304.76,922.22
358.73,-434.92,919.05
173.02,-555.56,888.89
30.16,-487.30,890.48
-152.38,-539.68,909.52
-307.94,-504.76,860.32
-407.94,-385.71,890.48
-453.97,-246.03,949.21
-207.94,-15.87,1023.81
-,-,-
28.57,-604.76,1495.24
47.62,20.64,966.67
285.71,147.62,988.89
128.57,-71.43,988.89
176.19,-226.98,942.86
309.52,-423.81,907.94
-,-,-
-,-,-
-71.43,-430.16,887.30
-279.36,-355.56,936.51
-585.71,-282.54,987.30
-504.76,-147.62,973.02
-,-,-
-179.36,-663.49,1453.97
-155.56,-68.25,919.05
226.98,150.79,939.68
355.56,149.21,990.48
282.54,-100.00,1011.11
365.08,-279.36,941.27
258.73,-563.49,865.08
123.81,-634.92,869.84
76.19,-503.17,896.83
-103.17,-484.13,887.30
-233.33,-430.16,917.46
-426.98,-304.76,939.68
-604.76,-179.36,1022.22
-,-,-
-153.97,-728.57,1558.73
-119.05,-52.38,987.30
0.00,74.60,998.41
176.19,131.75,965.08
430.16,147.62,1042.86
-,-,-
-,-,-
155.56,-1111.11,1504.76
20.64,-407.94,888.89
-,-,-
4.76,-603.17,1555.56
-407.94,-152.38,1165.08
-177.78,-73.02,961.90
173.02,53.97,1046.03
312.70,1.59,1017.46
331.75,-274.60,969.84
330.16,-480.95,939.68
173.02,-685.71,893.65
7.94,-612.70,858.73
-101.59,-512.70,887.30
-504.76,-511.11,885.71
-538.10,-328.57,885.71
-526.98,-80.95,992.06
-,-,-
-104.76,-509.52,1501.59
-322.22,-149.21,974.60
-279.36,-95.24,917.46
250.79,149.21,992.06
558.73,174.60,1065.08
403.17,-150.79,939.68
355.56,-379.36,939.68
147.62,-611.11,869.84
22.22,-606.35,869.84
-144.44,-500.00,911.11
-298.41,-457.14,934.92
-377.78,-330.16,919.05
-480.95,-157.14,990.48
-,-,-
-3.17,-423.81,1544.44
-22.22,82.54,968.25
253.97,106.35,992.06
404.76,-1.59,985.71
360.32,-295.24,936.51
223.81,-558.73,884.13
133.33,-606.35,861.90
-23.81,-557.14,885.71
-153.97,-482.54,892.06
-300.00,-400.00,919.05
-407.94,-228.57,998.41
-,-,-
-52.38,-461.90,1474.60
207.94,136.51,996.83
303.17,149.21,1012.70
276.19,-46.03,965.08
330.16,-277.78,936.51
336.51,-458.73,914.29
257.14,-557.14,871.43
179.36,-458.73,911.11
28.57,-126.98,914.29
-207.94,-480.95,893.65
-73.02,-384.13,922.22
-452.38,-304.76,966.67
-,-,-
71.43,-484.13,1447.62
-80.95,-3.17,992.06
179.36,95.24,1014.29
325.40,128.57,973.02
414.29,-28.57,936.51
431.75,-280.95,911.11
377.78,-526.98,866.67
285.71,-509.52,888.89
125.40,-455.56,896.83
-130.16,-407.94,934.92
-303.17,-374.60,961.90
-434.92,-226.98,988.89
-430.16,-158.73,1020.64
-71.43,77.78,1041.27
-,-,-
-155.56,-525.40,1317.46
130.16,155.56,988.89
107.94,152.38,961.90
174.60,33.33,947.62
150.79,-177.78,941.27
382.54,-358.73,914.29
382.54,-503.17,865.08
284.13,-507.94,868.25
101.59,-480.95,885.71
-95.24,-477.78,890.48
-253.97,-377.78,888.89
-384.13,-328.57,947.62
-400.00,-252.38,995.24
-,-,-
-150.79,-506.35,1444.44
-1.59,25.40,969.84
334.92,96.83,947.62
434.92,-120.64,915.87
387.30,-220.64,914.29
357.14,-384.13,917.46
152.38,-536.51,890.48
3.17,-485.71,895.24
-74.60,-476.19,896.83
-306.35,-352.38,984.13
-357.14,-326.98,993.65
-425.40,-176.19,1017.46
-,-,-
-,-,-
-73.02,-558.73,1480.95
82.54,4.76,987.30
304.76,176.19,969.84
277.78,73.02,963.49
249.21,-120.64,919.05
285.71,-307.94,917.46
377.78,-450.79,890.48
311.11,-473.02,888.89
182.54,-476.19,892.06
0.00,-479.36,914.29
-120.64,-433.33,915.87
-,-,-
-92.06,-552.38,1519.05
-77.78,-1.59,912.70
174.60,176.19,993.65
158.73,125.40,985.71
230.16,-3.17,912.70
411.11,-177.78,887.30
511.11,-301.59,869.84
438.10,-447.62,892.06
261.90,-476.19,871.43
53.97,-423.81,893.65
-93.65,-431.75,914.29
-630.16,-407.94,938.10
-460.32,-322.22,987.30
-323.81,-93.65,1049.21
-,-,-
-53.97,-552.38,1528.57
182.54,133.33,987.30
355.56,184.13,961.90
304.76,31.75,965.08
330.16,-157.14,920.64
433.33,-398.41,858.73
384.13,-526.98,868.25
285.71,-552.38,884.13
31.75,-582.54,868.25
-226.98,-501.59,893.65
-376.19,-447.62,974.60
-577.78,-352.38,1000.00
-,-,-
-28.57,-639.68,1607.94
198.41,106.35,941.27
304.76,225.40,1020.64
231.75,98.41,974.60
284.13,-19.05,893.65
338.10,-155.56,895.24
482.54,-330.16,888.89
406.35,-455.56,871.43
277.78,-512.70,869.84
58.73,-430.16,892.06
-,-,-
-,-,-
-,-,-
-,-,-
-,-,-
-,-,-
-,-,-
-,-,-
-,-,-
-,-,-
-,-,-
-,-,-
-,-,-
103.17,-579.36,1447.62
-285.71,-171.43,996.83
-158.73,-119.05,973.02
73.02,60.32,973.02
557.14,277.78,944.44
557.14,125.40,923.81
476.19,-223.81,846.03
401.59,-431.75,865.08
153.97,-631.75,869.84
-23.81,-552.38,882.54
-204.76,-557.14,898.41
-331.75,-350.79,961.90
-376.19,-169.84,1041.27
-,-,-
-128.57,-703.17,1598.41
-153.97,-25.40,1012.70
25.40,125.40,995.24
382.54,236.51,939.68
382.54,73.02,961.90
487.30,-196.83,888.89
458.73,-422.22,893.65
331.75,-550.79,868.25
233.33,-553.97,895.24
-42.86,-501.59,911.11
-209.52,-433.33,919.05
-450.79,-307.94,996.83
-479.36,-207.94,1020.64
-303.17,46.03,1087.30
-,-,-
-,-,-
-,-,-
122.22,-457.14,1398.41
-184.13,-46.03,966.67
-68.25,50.79,985.71
200.00,255.56,895.24
411.11,187.30,915.87
365.08,-126.98,961.90
458.73,-371.43,884.13
326.98,-582.54,885.71
134.92,-611.11,896.83
-53.97,-509.52,934.92
-331.75,-450.79,984.13
-474.60,-280.95,992.06
-503.17,-100.00,1061.90
-,-,-
-,-,-
80.95,-536.51,1506.35
149.21,182.54,988.89
203.17,261.90,939.68
276.19,107.94,966.67
384.13,-144.44,895.24
484.13,-376.19,911.11
379.36,-580.95,885.71
58.73,-760.32,887.30
-74.60,-561.90,909.52
-53.97,-323.81,941.27
-453.97,-257.14,947.62
-455.56,-28.57,1022.22
-249.21,158.73,1039.68
231.75,233.33,969.84
-,-,-
26.98,-657.14,1452.38
-47.62,-49.21,965.08
-69.84,31.75,1036.51
71.43,122.22,971.43
453.97,225.40,936.51
584.13,1.59,892.06
579.36,-273.02,860.32
555.56,-377.78,865.08
365.08,-557.14,868.25
-25.40,-606.35,888.89
-153.97,-504.76,938.10
-384.13,-449.21,1014.29
-560.32,-250.79,1014.29
-,-,-
-,-,-
-,-,-
-,-,-
-153.97,-630.16,1522.22
-150.79,28.57,993.65
128.57,176.19,992.06
512.70,300.00,965.08
507.94,25.40,919.05
512.70,-284.13,865.08
477.78,-433.33,892.06
300.00,-587.30,885.71
3.17,-555.56,895.24
-96.83,-485.71,922.22
-353.97,-422.22,965.08
-382.54,-273.02,995.24
-352.38,-101.59,1090.48
-,-,-
-103.17,-579.36,1426.98
-180.95,-22.22,1036.51
-26.98,74.60,987.30
285.71,152.38,992.06
74.60,57.14,985.71
588.89,-131.75,960.32
357.14,-357.14,914.29
307.94,-457.14,914.29
49.21,-538.10,915.87
-79.36,-484.13,919.05
-196.83,-331.75,984.13
-400.00,-252.38,995.24
-,-,-
-174.60,-536.51,1479.37
80.95,109.52,1063.49
431.75,233.33,973.02
452.38,147.62,941.27
436.51,-158.73,917.46
411.11,-423.81,934.92
325.40,-561.90,869.84
179.36,-530.16,893.65
-20.64,-453.97,961.90
-149.21,-326.98,965.08
-346.03,-280.95,993.65
-400.00,-131.75,1019.05
-,-,-
-,-,-
-,-,-
-,-,-
-77.78,-561.90,1447.62
-101.59,47.62,987.30
150.79,209.52,1069.84
307.94,361.90,961.90
336.51,157.14,961.90
477.78,-201.59,858.73
463.49,-404.76,890.48
304.76,-603.17,893.65
111.11,-507.94,911.11
-1.59,-400.00,941.27
-276.19,-311.11,968.25
-404.76,-223.81,995.24
-422.22,-93.65,1015.87
-282.54,49.21,1042.86
-,-,-
-,-,-
-,-,-
-,-,-
123.81,206.35,984.13
-,-,-
-,-,-
-228.57,-614.29,1480.95
-73.02,52.38,969.84
149.21,211.11,946.03
311.11,176.19,996.83
300.00,-96.83,915.87
355.56,-373.02,920.64
382.54,-528.57,892.06
233.33,-539.68,892.06
106.35,-461.90,914.29
-47.62,-376.19,911.11
-282.54,-355.56,971.43
-453.97,-246.03,1019.05
-457.14,-182.54,1020.64
-,-,-
-68.25,-628.57,1528.57
-74.60,-20.64,988.89
-153.97,-42.86,1020.64
46.03,107.94,985.71
411.11,284.13,966.67
528.57,133.33,958.73
515.87,-106.35,914.29
541.27,-322.22,888.89
361.90,-538.10,911.11
57.14,-657.14,895.24
-100.00,-511.11,919.05
-246.03,-374.60,996.83
-504.76,-255.56,998.41
-,-,-
-,-,-
-,-,-
-147.62,-606.35,1530.16
-177.78,-41.27,1012.70
130.16,147.62,992.06
455.56,301.59,966.67
350.79,101.59,968.25
406.35,-174.60,839.68
358.73,-455.56,896.83
282.54,-631.75,892.06
131.75,-579.36,893.65
-4.76,-428.57,920.64
-96.83,-328.57,944.44
-360.32,-284.13,947.62
-452.38,-182.54,995.24
-373.02,-52.38,993.65
-,-,-
-76.19,-536.51,1426.98
-20.64,-44.44,1069.84
225.40,223.81,969.84
307.94,250.79,893.65
326.98,25.40,941.27
484.13,-196.83,934.92
390.48,-406.35,887.30
403.17,-553.97,858.73
130.16,-534.92,938.10
-101.59,-477.78,917.46
-307.94,-406.35,968.25
-553.97,-204.76,988.89
-560.32,-147.62,1039.68
-,-,-
-,-,-
-,-,-
-,-,-
-,-,-
-,-,-
-,-,-
-,-,-
-,-,-
-,-,-
-,-,-
-20.64,-533.33,1444.44
-231.75,-46.03,1061.90
47.62,104.76,965.08
277.78,273.02,941.27
353.97,120.64,969.84
390.48,-150.79,911.11
563.49,-358.73,887.30
377.78,-576.19,890.48
73.02,-633.33,895.24
-126.98,-507.94,936.51
-225.40,-355.56,990.48
-484.13,-249.21,1014.29
-431.75,-52.38,1039.68
-,-,-
-49.21,-528.57,1520.63
-149.21,20.64,995.24
30.16,82.54,996.83
276.19,287.30,968.25
334.92,198.41,966.67
352.38,-117.46,896.83
560.32,-306.35,893.65
482.54,-479.36,882.54
306.35,-479.36,884.13
-69.84,-404.76,919.05
-76.19,-357.14,936.51
-401.59,-322.22,998.41
-458.73,-226.98,1038.10
-,-,-
277.78,-457.14,1368.25
-50.79,-79.36,1020.64
-106.35,-44.44,1011.11
122.22,177.78,1015.87
287.30,287.30,987.30
365.08,201.59,993.65
484.13,-96.83,887.30
487.30,-360.32,971.43
307.94,-534.92,915.87
126.98,-511.11,941.27
-119.05,-458.73,920.64
-306.35,-384.13,939.68
-404.76,-157.14,965.08
-482.54,-55.56,1047.62
-,-,-
-,-,-
-,-,-
-,-,-
-,-,-
-,-,-
-66.67,-479.36,1442.86
-130.16,33.33,942.86
-28.57,128.57,969.84
158.73,273.02,969.84
157.14,77.78,961.90
357.14,-150.79,922.22
506.35,-347.62,971.43
434.92,-426.98,911.11
198.41,-458.73,971.43
-231.75,-503.17,965.08
-309.52,-422.22,973.02
-474.60,-228.57,1012.70
-,-,-
47.62,-480.95,1393.65
-230.16,-80.95,973.02
-47.62,77.78,966.67
198.41,287.30,934.92
377.78,260.32,938.10
301.59,-20.64,936.51
428.57,-222.22,892.06
431.75,-373.02,961.90
261.90,-487.30,914.29
4.76,-434.92,946.03
-180.95,-425.40,947.62
-,-,-
125.40,-506.35,1403.17
-125.40,-44.44,1017.46
-226.98,-6.35,968.25
-19.05,160.32,958.73
384.13,380.95,973.02
426.98,174.60,1012.70
333.33,-176.19,909.52
415.87,-384.13,936.51
377.78,-476.19,896.83
158.73,-455.56,941.27
-22.22,-430.16,919.05
-228.57,-363.49,947.62
-,-,-
-,-,-
74.60,-563.49,1420.63
-200.00,-93.65,995.24
-131.75,-47.62,1039.68
101.59,176.19,987.30
282.54,228.57,966.67
530.16,52.38,914.29
482.54,-223.81,934.92
558.73,-422.22,892.06
276.19,-530.16,811.11
-79.36,-561.90,912.70
-231.75,-506.35,941.27
-353.97,-333.33,996.83
-358.73,-201.59,1039.68
-,-,-
-,-,-
1.59,-574.60,1419.05
-149.21,-101.59,996.83
-301.59,-103.17,920.64
100.00,158.73,917.46
309.52,285.71,936.51
384.13,80.95,949.21
460.32,-174.60,892.06
430.16,-300.00,893.65
380.95,-455.56,914.29
126.98,-511.11,909.52
-101.59,-534.92,911.11
-274.60,-460.32,920.64
-428.57,-428.57,968.25
-326.98,-207.94,990.48
-,-,-
-,-,-
-31.75,-457.14,1553.97
-196.83,1.59,1047.62
47.62,147.62,922.22
352.38,261.90,966.67
409.52,98.41,1015.87
334.92,-126.98,896.83
388.89,-353.97,934.92
253.97,-480.95,885.71
106.35,-525.40,893.65
-79.36,-538.10,911.11
-196.83,-430.16,896.83
-400.00,-352.38,973.02
-536.51,-204.76,960.32
-476.19,-28.57,987.30
-352.38,77.78,1019.05
