-,-,-
236.5,-255.5,1577.7
31.7,71.4,990.4
26.9,73.0,973.0
31.7,74.6,992.0
49.2,79.3,992.0
49.2,77.7,990.4
49.2,74.6,998.4
57.1,58.7,993.6
57.1,49.2,968.2
52.3,33.3,988.8
69.8,23.8,985.7
71.4,6.3,968.2
74.6,3.1,961.9
76.1,-23.8,973.0
49.2,-46.0,966.6
25.4,-26.9,944.4
-20.6,-52.3,973.0
0.0,-71.4,987.3
-3.1,-71.4,1015.8
-146.0,-47.6,993.6
3.1,-50.7,1012.7
22.2,-47.6,1044.4
4.7,-19.0,1038.1
3.1,-26.9,1011.1
-4.7,-23.8,993.6
-4.7,-26.9,1012.7
23.8,-1.5,1063.4
7.9,50.7,992.0
30.1,47.6,992.0
47.6,76.1,971.4
79.3,96.8,995.2
84.1,103.1,993.6
104.7,106.3,995.2
128.5,106.3,990.4
126.9,152.3,985.7
134.9,123.8,1011.1
176.1,107.9,965.0
184.1,77.7,969.8
182.5,76.1,993.6
179.3,58.7,946.0
158.7,26.9,969.8
150.7,1.5,961.9
126.9,-3.1,987.3
106.3,-50.7,992.0
107.9,-69.8,996.8
84.1,-69.8,987.3
52.3,-69.8,988.8
53.9,-53.9,984.1
33.3,-74.6,1015.8
73.0,-103.1,1174.6
60.3,-130.1,1023.8
57.1,-171.4,1014.2
-28.5,-130.1,966.6
-169.8,-74.6,1014.2
-177.7,3.1,968.2
-79.3,77.7,996.8
0.0,96.8,1017.4
3.1,76.1,1023.8
-,-,-
253.9,-246.0,1552.3
104.7,26.9,995.2
77.7,23.8,993.6
71.4,28.5,993.6
80.9,31.7,993.6
84.1,33.3,987.3
98.4,47.6,996.8
125.4,49.2,993.6
134.9,33.3,987.3
131.7,46.0,974.6
133.3,28.5,966.6
109.5,6.3,966.6
128.5,-1.5,968.2
123.8,-22.2,961.9
125.4,-3.1,985.7
104.7,-1.5,973.0
125.4,122.2,969.8
98.4,-46.0,963.4
96.8,-69.8,949.2
98.4,-101.5,968.2
49.2,-96.8,968.2
31.7,-98.4,965.0
23.8,-76.1,1012.7
-22.2,-79.3,996.8
-4.7,-77.7,1023.8
-4.7,-49.2,1066.6
-28.5,4.7,1069.8
-28.5,76.1,1049.2
-4.7,57.1,1088.8
-19.0,79.3,1063.4
28.5,98.4,1015.8
80.9,128.5,968.2
100.0,125.4,987.3
109.5,96.8,938.1
152.3,107.9,942.8
160.3,100.0,947.6
180.9,82.5,968.2
177.7,50.7,969.8
203.1,20.6,996.8
206.3,-4.7,992.0
174.6,-28.5,944.4
146.0,-50.7,971.4
125.4,-95.2,969.8
104.7,-80.9,984.1
101.5,-122.2,971.4
96.8,-122.2,961.9
31.7,-133.3,992.0
-23.8,-104.7,1017.4
-117.4,-79.3,1352.3
-80.9,-17.4,1039.6
-,-,-
255.5,-377.7,1576.1
96.8,46.0,990.4
77.7,22.2,971.4
122.2,4.7,944.4
125.4,-22.2,1015.8
126.9,-25.4,969.8
126.9,-46.0,961.9
131.7,-47.6,938.1
360.3,-53.9,960.3
101.5,-93.6,969.8
79.3,-80.9,990.4
76.1,-107.9,998.4
33.3,-122.2,1019.0
26.9,-117.4,990.4
4.7,-103.1,944.4
-19.0,-119.0,993.6
-23.8,-122.2,1025.4
-4.7,-128.5,1039.6
-28.5,-80.9,1044.4
-66.6,-44.4,1039.6
-66.6,0.0,1039.6
-47.6,0.0,1138.1
-44.4,31.7,1041.2
-17.4,77.7,987.3
49.2,107.9,969.8
47.6,82.5,963.4
85.7,96.8,987.3
109.5,130.1,961.9
157.1,107.9,961.9
152.3,80.9,987.3
160.3,55.5,992.0
184.1,47.6,971.4
177.7,-1.5,968.2
179.3,-25.4,942.8
147.6,-49.2,936.5
146.0,-79.3,987.3
123.8,-77.7,971.4
128.5,-76.1,946.0
85.7,-66.6,939.6
109.5,-104.7,987.3
77.7,-120.6,987.3
80.9,-149.2,993.6
-20.6,-146.0,1015.8
-150.7,-120.6,1014.2
-80.9,-95.2,1046.0
-100.0,-28.5,1068.2
-,-,-
109.5,-325.4,1626.9
31.7,22.2,995.2
26.9,6.3,973.0
-400.0,23.8,963.4
74.6,34.9,990.4
71.4,6.3,990.4
82.5,1.5,969.8
96.8,-42.8,1012.7
84.1,-52.3,996.8
100.0,-71.4,985.7
77.7,-69.8,961.9
84.1,-79.3,973.0
79.3,-98.4,969.8
76.1,-120.6,966.6
77.7,-123.8,988.8
52.3,-130.1,942.8
46.0,-195.2,949.2
-23.8,-180.9,947.6
-44.4,-220.6,947.6
-74.6,-201.5,941.2
-77.7,-182.5,985.7
-79.3,-171.4,1014.2
-79.3,-153.9,1066.6
-123.8,-100.0,1068.2
-104.7,-53.9,1039.6
-47.6,-30.1,1085.7
-44.4,20.6,1090.4
-4.7,28.5,1061.9
23.8,74.6,1019.0
107.9,109.5,960.3
126.9,101.5,1022.2
125.4,79.3,987.3
176.1,57.1,965.0
184.1,44.4,1014.2
179.3,55.5,960.3
153.9,-53.9,988.8
107.9,-76.1,965.0
152.3,-100.0,958.7
120.6,-122.2,946.0
104.7,-144.4,944.4
131.7,-130.1,944.4
107.9,-171.4,965.0
55.5,-177.7,973.0
-30.1,-144.4,963.4
-103.1,-100.0,990.4
-,-,-
204.7,-146.0,1528.5
98.4,1.5,1011.1
128.5,0.0,968.2
173.0,-30.1,961.9
126.9,-50.7,936.5
123.8,-98.4,965.0
107.9,-104.7,941.2
52.3,-122.2,963.4
57.1,-125.4,1017.4
55.5,-125.4,985.7
55.5,-147.6,995.2
31.7,-171.4,996.8
4.7,-179.3,969.8
22.2,-155.5,963.4
28.5,-177.7,1012.7
4.7,-207.9,993.6
-28.5,-228.5,1020.6
-46.0,-209.5,1038.1
-69.8,-171.4,1044.4
-95.2,-119.0,915.8
-79.3,-71.4,1012.7
-47.6,-55.5,1047.6
-57.1,22.2,1015.8
4.7,52.3,1012.7
98.4,146.0,966.6
109.5,125.4,969.8
123.8,58.7,985.7
177.7,53.9,971.4
180.9,28.5,990.4
204.7,0.0,960.3
207.9,-46.0,961.9
209.5,-96.8,961.9
157.1,-104.7,942.8
122.2,-104.7,922.2
103.1,-101.5,961.9
76.1,-98.4,946.0
-28.5,-104.7,993.6
96.8,-128.5,992.0
52.3,-122.2,992.0
-20.6,-126.9,987.3
-71.4,-100.0,1063.4
-101.5,-95.2,1090.4
-,-,-
204.7,-155.5,1580.9
73.0,6.3,998.4
69.8,22.2,995.2
106.3,7.9,968.2
106.3,-1.5,965.0
147.6,-25.4,944.4
123.8,-49.2,968.2
126.9,-93.6,968.2
106.3,-155.5,988.8
79.3,-152.3,988.8
73.0,-147.6,944.4
53.9,-200.0,944.4
25.4,-249.2,968.2
-333.3,-230.1,973.0
-1.5,-226.9,963.4
-69.8,-182.5,996.8
-52.3,-152.3,1044.4
-73.0,-130.1,1049.2
-68.2,-80.9,1020.6
-42.8,-77.7,1085.7
-47.6,-25.4,1068.2
-52.3,23.8,985.7
-25.4,46.0,961.9
74.6,82.5,1014.2
101.5,100.0,995.2
157.1,55.5,1042.8
200.0,49.2,993.6
223.8,31.7,1014.2
255.5,25.4,988.8
257.1,-42.8,944.4
258.7,-96.8,938.1
234.9,-125.4,939.6
155.5,-174.6,946.0
133.3,-177.7,938.1
130.1,-171.4,938.1
53.9,-196.8,914.2
57.1,-204.7,992.0
0.0,-157.1,971.4
-103.1,-174.6,1042.8
-122.2,-119.0,1087.3
-,-,-
146.0,-257.1,1526.9
80.9,4.7,974.6
82.5,-17.4,987.3
98.4,-17.4,990.4
80.9,-19.0,971.4
107.9,-30.1,965.0
107.9,-71.4,988.8
125.4,-77.7,968.2
130.1,-104.7,963.4
106.3,-122.2,944.4
111.1,-168.2,947.6
52.3,-182.5,963.4
33.3,-201.5,965.0
25.4,-226.9,965.0
-30.1,-249.2,949.2
-55.5,-233.3,988.8
-73.0,-206.3,1050.7
-93.6,-126.9,1036.5
-76.1,-150.7,1063.4
-103.1,-100.0,1036.5
-47.6,-74.6,1093.6
-19.0,1.5,1019.0
-22.2,6.3,1015.8
22.2,58.7,1014.2
74.6,98.4,987.3
82.5,57.1,995.2
123.8,55.5,1014.2
176.1,58.7,995.2
182.5,30.1,987.3
250.7,20.6,966.6
225.4,-47.6,942.8
250.7,-47.6,917.4
176.1,-98.4,934.9
147.6,-101.5,942.8
152.3,-49.2,969.8
136.5,-144.4,949.2
149.2,-147.6,912.7
109.5,-131.7,963.4
73.0,-123.8,987.3
0.0,-147.6,988.8
-25.4,-123.8,998.4
-80.9,-98.4,1020.6
-96.8,-57.1,1100.0
-,-,-
182.5,-311.1,1577.7
122.2,-1.5,987.3
96.8,-22.2,969.8
82.5,-28.5,941.2
128.5,-152.3,1273.0
130.1,-106.3,509.5
76.1,-122.2,969.8
80.9,-133.3,990.4
55.5,-169.8,965.0
31.7,-176.1,987.3
-23.8,-206.3,968.2
-30.1,-252.3,990.4
-55.5,-222.2,960.3
-96.8,-198.4,993.6
-96.8,-142.8,1000.0
-93.6,-104.7,1060.3
-130.1,-42.8,1044.4
-96.8,-26.9,1120.6
-93.6,47.6,1123.8
-26.9,106.3,1015.8
44.4,150.7,971.4
96.8,123.8,947.6
104.7,111.1,949.2
203.1,101.5,985.7
249.2,79.3,966.6
277.7,20.6,987.3
276.1,-4.7,963.4
257.1,-55.5,942.8
184.1,-96.8,919.0
160.3,-123.8,961.9
147.6,-122.2,947.6
98.4,-130.1,939.6
107.9,-131.7,963.4
58.7,-131.7,971.4
26.9,-128.5,990.4
-42.8,-147.6,974.6
-74.6,-126.9,1042.8
-,-,-
255.5,-222.2,1628.5
101.5,23.8,1017.4
100.0,30.1,1014.2
79.3,22.2,988.8
150.7,0.0,949.2
131.7,-26.9,949.2
152.3,-74.6,946.0
130.1,-101.5,934.9
122.2,-128.5,944.4
106.3,-176.1,990.4
73.0,-196.8,961.9
49.2,-196.8,965.0
0.0,-222.2,961.9
-46.0,-233.3,1301.5
-71.4,-220.6,992.0
-69.8,-149.2,1011.1
-80.9,-155.5,1038.1
-46.0,-123.8,1047.6
-69.8,-71.4,1041.2
-79.3,-74.6,1049.2
-26.9,-25.4,1114.2
-41.2,49.2,1049.2
22.2,76.1,1022.2
30.1,103.1,1012.7
103.1,155.5,968.2
122.2,149.2,971.4
184.1,152.3,963.4
282.5,152.3,933.3
260.3,50.7,996.8
273.0,-20.6,942.8
209.5,-68.2,1295.2
174.6,-95.2,896.8
158.7,100.0,944.4
104.7,-157.1,912.7
52.3,-180.9,963.4
6.3,-198.4,990.4
-120.6,-169.8,1017.4
-,-,-
225.4,-169.8,1619.0
98.4,44.4,1011.1
100.0,33.3,987.3
131.7,3.1,971.4
155.5,-28.5,944.4
128.5,-96.8,1423.8
131.7,-196.8,963.4
96.8,-133.3,969.8
57.1,-200.0,961.9
-17.4,-180.9,965.0
-3.1,-196.8,990.4
-28.5,-206.3,1019.0
-52.3,-222.2,995.2
-49.2,-228.5,993.6
-96.8,-201.5,1036.5
-74.6,-198.4,1046.0
-74.6,-123.8,1041.2
-119.0,-50.7,1017.4
-49.2,-30.1,1038.1
-49.2,20.6,1047.6
0.0,53.9,966.6
47.6,74.6,963.4
23.8,98.4,1022.2
106.3,150.7,968.2
58.7,46.0,998.4
134.9,77.7,995.2
201.5,28.5,988.8
231.7,-22.2,1015.8
252.3,-28.5,992.0
201.5,-79.3,960.3
155.5,-120.6,966.6
155.5,-152.3,987.3
126.9,-173.0,947.6
30.1,-206.3,946.0
-44.4,-207.9,1011.1
-,-,-
182.5,-226.9,1573.0
22.2,-1.5,1017.4
25.4,30.1,998.4
76.1,47.6,987.3
96.8,33.3,985.7
122.2,6.3,963.4
126.9,-22.2,963.4
131.7,-46.0,946.0
130.1,-71.4,947.6
106.3,-96.8,965.0
109.5,-126.9,990.4
80.9,-174.6,1015.8
49.2,-155.5,971.4
33.3,-225.4,968.2
-52.3,-253.9,995.2
-77.7,-274.6,990.4
-122.2,-209.5,969.8
-100.0,-180.9,971.4
-106.3,-146.0,1015.8
-131.7,-103.1,1038.1
-95.2,-77.7,1066.6
-42.8,-23.8,1114.2
-15.8,73.0,1046.0
-4.7,82.5,1042.8
46.0,111.1,992.0
79.3,125.4,987.3
174.6,157.1,1009.5
104.7,96.8,914.2
171.4,71.4,1015.8
203.1,22.2,963.4
180.9,-23.8,971.4
426.9,-52.3,914.2
122.2,-79.3,911.1
82.5,-100.0,946.0
77.7,-74.6,922.2
58.7,-104.7,960.3
30.1,-131.7,966.6
31.7,-150.7,961.9
-95.2,-147.6,1019.0
-103.1,-146.0,1041.2
-,-,-
174.6,-107.9,1474.6
50.7,53.9,968.2
57.1,52.3,922.2
74.6,71.4,985.7
122.2,-26.9,968.2
123.8,-52.3,987.3
328.5,-80.9,992.0
50.7,-103.1,968.2
71.4,-144.4,987.3
22.2,-150.7,969.8
0.0,-171.4,963.4
-28.5,-201.5,969.8
-77.7,-220.6,961.9
-93.6,-206.3,963.4
-104.7,-198.4,1036.5
-96.8,-149.2,1046.0
-95.2,-74.6,1061.9
-103.1,-52.3,1022.2
-73.0,-30.1,1096.8
-42.8,0.0,944.4
-46.0,50.7,985.7
3.1,74.6,969.8
30.1,130.1,973.0
336.5,109.5,990.4
71.4,73.0,1039.6
125.4,79.3,1014.2
128.5,58.7,973.0
150.7,0.0,961.9
158.7,-15.8,938.1
122.2,-26.9,938.1
104.7,-98.4,942.8
104.7,-126.9,942.8
60.3,-120.6,934.9
-19.0,-153.9,993.6
-100.0,-153.9,990.4
-122.2,-122.2,1061.9
-,-,-
280.9,-123.8,1525.4
53.9,-3.1,1023.8
77.7,-17.4,1019.0
82.5,28.5,1038.1
153.9,6.3,988.8
150.7,-23.8,969.8
198.4,-69.8,920.6
160.3,-122.2,934.9
106.3,-144.4,949.2
74.6,-176.1,939.6
6.3,-180.9,961.9
-25.4,-200.0,971.4
-53.9,-204.7,1015.8
-95.2,-201.5,1014.2
-79.3,-173.0,1020.6
-95.2,-149.2,1023.8
-77.7,-146.0,1050.7
-57.1,-95.2,1042.8
-69.8,-49.2,1019.0
-69.8,-49.2,1047.6
-28.5,4.7,1068.2
-42.8,73.0,996.8
-28.5,80.9,1011.1
49.2,133.3,1014.2
58.7,126.9,998.4
125.4,103.1,969.8
157.1,100.0,973.0
204.7,57.1,1012.7
180.9,-20.6,993.6
176.1,-44.4,965.0
173.0,-77.7,971.4
130.1,-122.2,963.4
98.4,-128.5,936.5
84.1,-147.6,922.2
50.7,-152.3,968.2
22.2,-169.8,969.8
-77.7,-122.2,965.0
-130.1,-96.8,1012.7
-123.8,-47.6,1087.3
-,-,-
211.1,-107.9,1492.0
73.0,-23.8,968.2
82.5,-1.5,965.0
104.7,247.6,961.9
107.9,-68.2,961.9
130.1,-76.1,988.8
103.1,-117.4,973.0
55.5,-125.4,971.4
47.6,-98.4,946.0
7.9,-182.5,965.0
-25.4,-180.9,990.4
-46.0,-220.6,992.0
-71.4,-209.5,992.0
-93.6,-201.5,996.8
-73.0,-198.4,1041.2
-98.4,-155.5,1065.0
-119.0,-76.1,1036.5
-95.2,-19.0,1039.6
-98.4,49.2,1061.9
-71.4,107.9,987.3
-20.6,77.7,992.0
33.3,109.5,1034.9
82.5,82.5,988.8
101.5,52.3,1014.2
150.7,-77.7,1014.2
185.7,28.5,985.7
182.5,-19.0,971.4
200.0,-28.5,922.2
158.7,-71.4,917.4
122.2,-101.5,919.0
123.8,-125.4,939.6
52.3,-130.1,966.6
30.1,-150.7,968.2
-69.8,-147.6,963.4
-74.6,-146.0,985.7
-,-,-
206.3,-100.0,1526.9
77.7,-1.5,966.6
101.5,-22.2,988.8
107.9,-47.6,920.6
136.5,-68.2,966.6
109.5,-100.0,971.4
106.3,-307.9,969.8
55.5,-152.3,971.4
23.8,-173.0,966.6
-22.2,-198.4,984.1
-71.4,-220.6,990.4
-69.8,-222.2,973.0
-95.2,-201.5,998.4
-119.0,-179.3,1014.2
-122.2,-150.7,1063.4
-104.7,-80.9,1044.4
-144.4,-25.4,1017.4
-100.0,-19.0,1068.2
-100.0,80.9,1009.5
-30.1,109.5,969.8
22.2,111.1,973.0
9.5,126.9,987.3
80.9,125.4,995.2
133.3,96.8,971.4
176.1,55.5,963.4
-49.2,23.8,1000.0
231.7,-53.9,988.8
177.7,-128.5,936.5
152.3,-155.5,963.4
109.5,-174.6,941.2
-3.1,-222.2,936.5
-77.7,-204.7,961.9
-,-,-
128.5,-230.1,1473.0
58.7,-4.7,963.4
76.1,-42.8,965.0
101.5,-42.8,963.4
103.1,-96.8,987.3
79.3,-126.9,966.6
26.9,-147.6,968.2
22.2,-196.8,961.9
-44.4,-179.3,966.6
-76.1,-230.1,1015.8
-104.7,-276.1,996.8
-152.3,-226.9,988.8
-125.4,-228.5,987.3
-68.2,-177.7,998.4
-122.2,-152.3,993.6
-103.1,-104.7,1015.8
-106.3,-80.9,1041.2
-82.5,-17.4,1138.1
-101.5,96.8,1014.2
-80.9,77.7,1017.4
-28.5,84.1,985.7
47.6,96.8,971.4
49.2,96.8,990.4
73.0,96.8,988.8
128.5,80.9,973.0
158.7,33.3,973.0
173.0,-30.1,992.0
130.1,-46.0,965.0
128.5,-117.4,939.6
100.0,-157.1,985.7
74.6,-150.7,988.8
57.1,-153.9,936.5
0.0,-150.7,938.1
-79.3,-153.9,961.9
-128.5,-153.9,1019.0
-,-,-
136.5,-309.5,1501.5
47.6,7.9,988.8
28.5,26.9,993.6
50.7,23.8,987.3
55.5,1.5,988.8
79.3,-20.6,985.7
57.1,-26.9,971.4
33.3,-49.2,973.0
23.8,-53.9,966.6
25.4,-79.3,965.0
6.3,-100.0,968.2
-3.1,-126.9,942.8
-23.8,-157.1,961.9
-73.0,-176.1,961.9
-52.3,-179.3,993.6
-79.3,-176.1,987.3
-95.2,-155.5,1038.1
-68.2,-149.2,1022.2
-101.5,-96.8,1015.8
-146.0,-53.9,1025.4
-106.3,-28.5,1119.0
-225.4,26.9,1038.1
-80.9,33.3,1015.8
-71.4,82.5,1014.2
25.4,103.1,987.3
28.5,104.7,995.2
-4.7,123.8,1019.0
74.6,107.9,1014.2
85.7,85.7,993.6
130.1,50.7,968.2
179.3,22.2,968.2
149.2,-26.9,944.4
125.4,-79.3,938.1
133.3,-128.5,961.9
106.3,-150.7,960.3
53.9,-168.2,890.4
-15.8,377.7,942.8
-79.3,76.1,738.1
-120.6,-158.7,1019.0
-153.9,-130.1,1069.8
-,-,-
209.5,-79.3,1528.5
80.9,28.5,971.4
80.9,-1.5,966.6
103.1,-46.0,969.8
107.9,-76.1,949.2
98.4,-122.2,993.6
100.0,-126.9,709.5
31.7,-146.0,961.9
-25.4,-180.9,968.2
-50.7,-177.7,990.4
-42.8,-180.9,987.3
-53.9,-203.1,1014.2
-93.6,-182.5,1041.2
-98.4,-158.7,1066.6
-80.9,-82.5,1068.2
-77.7,-42.8,1038.1
-122.2,-44.4,1071.4
-76.1,-3.1,1068.2
-68.2,30.1,993.6
-50.7,22.2,965.0
7.9,77.7,965.0
50.7,130.1,985.7
85.7,98.4,1017.4
82.5,122.2,1019.0
177.7,31.7,990.4
155.5,50.7,974.6
128.5,52.3,966.6
177.7,-26.9,941.2
149.2,-79.3,966.6
133.3,-146.0,960.3
128.5,-155.5,960.3
53.9,-195.2,915.8
-53.9,-203.1,947.6
-96.8,-171.4,1011.1
-,-,-
200.0,-104.7,1607.9
31.7,47.6,988.8
55.5,7.9,941.2
98.4,-28.5,965.0
98.4,-53.9,963.4
106.3,-79.3,960.3
82.5,-101.5,942.8
74.6,-101.5,942.8
30.1,-130.1,971.4
7.9,-126.9,947.6
-4.7,-174.6,973.0
-95.2,-206.3,1019.0
-100.0,-230.1,504.7
-101.5,-174.6,1025.4
-180.9,-209.5,998.4
-123.8,-171.4,1049.2
-96.8,-103.1,1015.8
-98.4,-73.0,987.3
-93.6,-79.3,1069.8
-122.2,-20.6,1073.0
-93.6,26.9,1017.4
-55.5,34.9,992.0
-25.4,98.4,985.7
25.4,125.4,996.8
55.5,84.1,988.8
79.3,134.9,968.2
104.7,80.9,973.0
133.3,34.9,1036.5
150.7,22.2,961.9
160.3,-28.5,914.2
130.1,-157.1,988.8
77.7,-153.9,965.0
79.3,-177.7,947.6
26.9,-180.9,919.0
-55.5,-180.9,969.8
-,-,-
158.7,-66.6,1495.2
74.6,-28.5,947.6
79.3,-47.6,944.4
98.4,-73.0,944.4
79.3,-101.5,965.0
82.5,-125.4,939.6
52.3,-149.2,1295.2
33.3,-155.5,966.6
4.7,-250.7,993.6
-203.1,-233.3,992.0
-58.7,-225.4,987.3
-77.7,-222.2,1011.1
-123.8,-201.5,1038.1
-123.8,-130.1,1039.6
-128.5,-95.2,1042.8
-104.7,-47.6,1038.1
-150.7,-28.5,1088.8
-100.0,46.0,1038.1
-46.0,71.4,958.7
-19.0,82.5,973.0
-22.2,103.1,987.3
52.3,106.3,1049.2
57.1,104.7,1019.0
77.7,128.5,1093.6
125.4,131.7,942.8
122.2,128.5,968.2
184.1,33.3,947.6
180.9,-23.8,966.6
150.7,-71.4,947.6
155.5,-95.2,917.4
152.3,-130.1,968.2
101.5,-147.6,946.0
57.1,-180.9,944.4
-26.9,-195.2,992.0
-,-,-
209.5,-104.7,1471.4
50.7,31.7,985.7
80.9,3.1,966.6
79.3,3.1,992.0
84.1,-76.1,966.6
57.1,-68.2,946.0
33.3,-96.8,961.9
30.1,-92.0,960.3
25.4,-103.1,965.0
-19.0,-131.7,1012.7
-44.4,-173.0,1011.1
-55.5,-204.7,1011.1
-104.7,-180.9,1012.7
-107.9,-182.5,1012.7
-120.6,-153.9,1042.8
-120.6,-122.2,1014.2
-182.5,-74.6,1020.6
-142.8,-49.2,1117.4
-171.4,104.7,1069.8
-100.0,147.6,1120.6
-46.0,123.8,1017.4
-46.0,-53.9,1022.2
53.9,107.9,1019.0
123.8,109.5,1041.2
133.3,100.0,985.7
176.1,77.7,961.9
177.7,47.6,944.4
134.9,-23.8,885.7
123.8,-71.4,939.6
126.9,-98.4,939.6
50.7,-130.1,909.5
-28.5,-179.3,1019.0
-103.1,-169.8,987.3
-157.1,-152.3,1065.0
-,-,-
206.3,-174.6,1482.5
82.5,-1.5,968.2
77.7,-28.5,965.0
74.6,-71.4,966.6
74.6,-77.7,971.4
47.6,-103.1,963.4
1.5,-122.2,993.6
-4.7,-155.5,995.2
-47.6,-177.7,1036.5
-77.7,-193.6,995.2
-104.7,-206.3,988.8
-149.2,-195.2,987.3
-147.6,-146.0,993.6
-131.7,-100.0,1012.7
-147.6,-55.5,993.6
-104.7,-22.2,998.4
-123.8,-3.1,1087.3
-103.1,53.9,1015.8
-55.5,98.4,968.2
-69.8,103.1,1015.8
-17.4,126.9,1017.4
6.3,123.8,1022.2
53.9,82.5,1012.7
84.1,101.5,1092.0
77.7,76.1,969.8
123.8,23.8,960.3
101.5,1.5,963.4
100.0,-52.3,965.0
74.6,-95.2,947.6
71.4,-104.7,939.6
-20.6,-152.3,933.3
-79.3,-180.9,996.8
-150.7,-146.0,1012.7
-,-,-
157.1,-71.4,1495.2
25.4,50.7,995.2
23.8,30.1,1012.7
58.7,-1.5,992.0
73.0,-19.0,965.0
76.1,-44.4,949.2
60.3,-69.8,993.6
31.7,-98.4,944.4
3.1,-122.2,961.9
-20.6,-157.1,961.9
-52.3,-173.0,946.0
-76.1,-198.4,985.7
-119.0,-198.4,988.8
-126.9,-158.7,992.0
-125.4,-150.7,1012.7
-103.1,-126.9,1015.8
-104.7,-95.2,1012.7
-122.2,-52.3,1012.7
-117.4,-76.1,1098.4
-144.4,1.5,1044.4
-76.1,31.7,1015.8
-98.4,71.4,1012.7
-41.2,101.5,985.7
-22.2,95.2,996.8
4.7,82.5,1022.2
79.3,128.5,968.2
76.1,106.3,988.8
104.7,52.3,968.2
123.8,50.7,963.4
106.3,-3.1,966.6
80.9,-76.1,963.4
79.3,-104.7,942.8
71.4,-125.4,944.4
1.5,-120.6,938.1
-25.4,-150.7,973.0
-95.2,-147.6,947.6
-146.0,-130.1,1036.5
-195.2,-96.8,1087.3
-,-,-
198.4,-23.8,1422.2
-19.0,33.3,995.2
49.2,52.3,993.6
47.6,7.9,996.8
53.9,-15.8,973.0
80.9,-52.3,946.0
58.7,-100.0,944.4
47.6,-126.9,936.5
20.6,-128.5,965.0
-23.8,-169.8,961.9
-50.7,-204.7,974.6
-101.5,-207.9,936.5
-128.5,-207.9,990.4
-131.7,-174.6,1020.6
-103.1,-142.8,1014.2
-146.0,-52.3,1015.8
-120.6,-1.5,1039.6
-153.9,25.4,1090.4
-125.4,82.5,1063.4
-77.7,125.4,1019.0
-49.2,133.3,1036.5
26.9,153.9,1039.6
73.0,85.7,1000.0
80.9,107.9,988.8
123.8,84.1,946.0
103.1,44.4,942.8
100.0,50.7,922.2
77.7,-4.7,947.6
46.0,-96.8,947.6
26.9,-101.5,938.1
30.1,-100.0,958.7
-47.6,-120.6,960.3
-53.9,-101.5,988.8
-120.6,-119.0,998.4
-153.9,-79.3,1046.0
-150.7,-49.2,1073.0
-,-,-
52.3,-169.8,1498.4
-20.6,84.1,1012.7
20.6,84.1,1014.2
26.9,52.3,941.2
74.6,3.1,968.2
98.4,-44.4,949.2
79.3,-96.8,985.7
85.7,-130.1,938.1
53.9,-195.2,969.8
-20.6,-177.7,934.9
-28.5,-203.1,996.8
-120.6,-249.2,1011.1
-130.1,-223.8,990.4
-144.4,-174.6,988.8
-122.2,-28.5,1017.4
-126.9,-92.0,1014.2
-155.5,-19.0,1019.0
-103.1,4.7,1115.8
-122.2,82.5,1090.4
-74.6,109.5,1022.2
-41.2,125.4,1011.1
22.2,158.7,1019.0
47.6,131.7,995.2
101.5,131.7,995.2
150.7,126.9,944.4
177.7,100.0,973.0
200.0,23.8,946.0
150.7,1.5,893.6
149.2,-57.1,966.6
100.0,-122.2,1015.8
6.3,-130.1,987.3
-20.6,-223.8,1011.1
-,-,-
107.9,-80.9,1466.6
6.3,77.7,1038.1
55.5,53.9,995.2
55.5,134.9,947.6
98.4,4.7,934.9
104.7,-50.7,969.8
107.9,-96.8,942.8
82.5,-125.4,966.6
33.3,-147.6,966.6
26.9,-144.4,960.3
-3.1,-220.6,1038.1
-46.0,-201.5,1011.1
-93.6,-226.9,1023.8
-100.0,-200.0,1039.6
-98.4,-146.0,1020.6
-125.4,-100.0,1023.8
-126.9,-4.7,1012.7
-103.1,30.1,1047.6
-69.8,109.5,1022.2
-44.4,157.1,1022.2
50.7,200.0,1042.8
96.8,206.3,998.4
176.1,200.0,990.4
180.9,147.6,1015.8
161.9,130.1,961.9
209.5,100.0,963.4
206.3,23.8,985.7
174.6,-22.2,934.9
155.5,-53.9,971.4
125.4,-95.2,936.5
76.1,-117.4,965.0
0.0,-106.3,939.6
-71.4,-120.6,985.7
-123.8,-104.7,1063.4
-,-,-
185.7,-74.6,1474.6
4.7,77.7,992.0
55.5,82.5,973.0
73.0,49.2,971.4
106.3,3.1,966.6
107.9,-44.4,1012.7
104.7,-73.0,966.6
74.6,-120.6,949.2
198.4,-150.7,947.6
3.1,-131.7,938.1
-42.8,-157.1,963.4
-68.2,-196.8,987.3
-80.9,-200.0,1011.1
-95.2,-144.4,1036.5
-95.2,-131.7,1049.2
-101.5,-52.3,1073.0
-79.3,-22.2,1039.6
-53.9,6.3,1050.7
-98.4,50.7,1093.6
-50.7,104.7,1022.2
-19.0,149.2,1019.0
0.0,131.7,1014.2
33.3,133.3,1011.1
103.1,126.9,947.6
128.5,125.4,998.4
155.5,106.3,963.4
176.1,77.7,936.5
160.3,23.8,966.6
134.9,-28.5,895.2
122.2,-96.8,942.8
123.8,-119.0,946.0
33.3,-146.0,944.4
-30.1,-130.1,973.0
-,-,-
234.9,-23.8,1555.5
22.2,98.4,1020.6
33.3,96.8,961.9
80.9,4.7,946.0
98.4,-46.0,1012.7
125.4,-77.7,987.3
134.9,-150.7,946.0
107.9,-104.7,946.0
50.7,-152.3,963.4
25.4,-149.2,965.0
-22.2,-180.9,985.7
-55.5,-182.5,973.0
-123.8,-180.9,992.0
-104.7,-173.0,1036.5
-100.0,-104.7,1039.6
-130.1,-44.4,1049.2
-146.0,7.9,1015.8
-103.1,25.4,1073.0
-96.8,107.9,1047.6
-53.9,155.5,971.4
23.8,160.3,988.8
57.1,150.7,1071.4
82.5,150.7,1041.2
384.1,460.3,1012.7
122.2,122.2,965.0
149.2,80.9,961.9
155.5,53.9,987.3
153.9,4.7,939.6
111.1,-28.5,938.1
128.5,-76.1,969.8
73.0,-100.0,973.0
28.5,-125.4,987.3
-41.2,-101.5,993.6
-,-,-
255.5,-25.4,1401.5
58.7,58.7,946.0
79.3,3.1,963.4
76.1,-26.9,973.0
76.1,-52.3,973.0
76.1,-77.7,971.4
73.0,-128.5,990.4
46.0,-150.7,963.4
6.3,-169.8,946.0
-41.2,-180.9,971.4
-96.8,-206.3,990.4
-98.4,-222.2,995.2
-104.7,-200.0,1034.9
-126.9,-146.0,1049.2
-106.3,-73.0,1046.0
-103.1,1.5,1036.5
-68.2,50.7,1085.7
-66.6,155.5,1041.2
-19.0,155.5,995.2
57.1,177.7,990.4
76.1,160.3,998.4
104.7,131.7,996.8
100.0,107.9,995.2
130.1,77.7,941.2
158.7,34.9,984.1
157.1,-4.7,936.5
136.5,-76.1,936.5
126.9,-98.4,961.9
55.5,-126.9,936.5
-22.2,-153.9,968.2
-74.6,-130.1,987.3
-,-,-
282.5,-30.1,1396.8
49.2,-17.4,966.6
55.5,-44.4,984.1
71.4,-52.3,988.8
79.3,-77.7,987.3
73.0,-103.1,1015.8
57.1,-104.7,969.8
49.2,-103.1,966.6
30.1,-146.0,965.0
1.5,-168.2,984.1
-44.4,-200.0,961.9
-52.3,-147.6,1046.0
-55.5,-173.0,1019.0
-76.1,-169.8,1047.6
-23.8,-104.7,1042.8
-69.8,-3.1,1015.8
-96.8,1.5,1042.8
-74.6,73.0,1093.6
-96.8,131.7,992.0
-4.7,149.2,946.0
31.7,171.4,1020.6
98.4,157.1,990.4
133.3,153.9,963.4
146.0,125.4,971.4
184.1,82.5,968.2
201.5,47.6,966.6
201.5,-19.0,938.1
153.9,-96.8,949.2
133.3,-100.0,941.2
74.6,-122.2,934.9
-20.6,-171.4,969.8
-93.6,-144.4,969.8
-,-,-
200.0,-1.5,1477.7
28.5,82.5,1015.8
52.3,77.7,961.9
80.9,31.7,942.8
84.1,-3.1,990.4
128.5,-52.3,990.4
125.4,-79.3,946.0
98.4,-79.3,949.2
71.4,-147.6,963.4
23.8,-173.0,965.0
-44.4,-206.3,992.0
-96.8,-225.4,1017.4
-126.9,-231.7,1036.5
-146.0,-174.6,1015.8
-122.2,-119.0,1041.2
-126.9,-46.0,1069.8
-79.3,-46.0,1088.8
-73.0,50.7,1095.2
-68.2,136.5,1014.2
-23.8,174.6,995.2
52.3,203.1,993.6
98.4,212.7,985.7
160.3,161.9,1095.2
158.7,201.5,987.3
185.7,123.8,922.2
182.5,3.1,960.3
157.1,-50.7,917.4
126.9,-103.1,946.0
82.5,-128.5,919.0
23.8,-147.6,966.6
-,-,-
260.3,-71.4,1400.0
22.2,23.8,987.3
46.0,30.1,987.3
76.1,22.2,966.6
100.0,-1.5,971.4
103.1,-4.7,971.4
58.7,-26.9,938.1
47.6,-76.1,942.8
26.9,-130.1,965.0
-30.1,-144.4,993.6
-44.4,-203.1,1012.7
-95.2,-201.5,1046.0
-120.6,-204.7,1012.7
-103.1,-149.2,1020.6
-104.7,-106.3,1063.4
-100.0,-52.3,995.2
-82.5,-3.1,992.0
-68.2,-20.6,1074.6
-74.6,106.3,1038.1
-22.2,106.3,971.4
-74.6,98.4,1014.2
6.3,128.5,995.2
50.7,128.5,1012.7
58.7,130.1,971.4
107.9,130.1,960.3
131.7,106.3,987.3
131.7,73.0,965.0
152.3,23.8,944.4
128.5,-30.1,971.4
125.4,-101.5,987.3
50.7,-130.1,958.7
-25.4,-153.9,1014.2
-,-,-
314.2,1.5,1423.8
103.1,33.3,968.2
103.1,6.3,966.6
123.8,-50.7,965.0
107.9,-74.6,938.1
79.3,-123.8,961.9
31.7,-155.5,971.4
-20.6,-179.3,1009.5
-76.1,-226.9,1022.2
-122.2,-225.4,1019.0
-106.3,-206.3,1022.2
-123.8,-174.6,995.2
-93.6,-122.2,1014.2
-122.2,-26.9,996.8
-80.9,-20.6,1039.6
-98.4,47.6,1093.6
-95.2,123.8,1039.6
-44.4,153.9,1023.8
7.9,157.1,998.4
52.3,150.7,987.3
84.1,133.3,944.4
149.2,125.4,993.6
176.1,104.7,992.0
174.6,23.8,968.2
179.3,4.7,909.5
152.3,-49.2,969.8
131.7,-126.9,936.5
84.1,-147.6,936.5
-,-,-
103.1,-77.7,1366.6
23.8,80.9,971.4
53.9,49.2,941.2
73.0,6.3,919.0
98.4,-22.2,944.4
76.1,-52.3,963.4
53.9,-93.6,969.8
26.9,-119.0,973.0
19.0,-104.7,969.8
-6.3,-149.2,996.8
-47.6,-200.0,1019.0
-100.0,-204.7,1015.8
-95.2,-168.2,1017.4
-144.4,-122.2,1038.1
-101.5,-100.0,1038.1
-123.8,-53.9,990.4
-98.4,-46.0,1063.4
-119.0,25.4,1036.5
-98.4,73.0,1012.7
-42.8,123.8,1015.8
6.3,149.2,995.2
58.7,131.7,1015.8
100.0,123.8,1012.7
133.3,125.4,961.9
152.3,109.5,944.4
179.3,71.4,966.6
176.1,3.1,938.1
131.7,225.4,973.0
79.3,-119.0,914.2
25.4,-173.0,987.3
-73.0,-193.6,1038.1
-,-,-
282.5,-55.5,1471.4
30.1,96.8,969.8
31.7,55.5,947.6
103.1,22.2,966.6
123.8,-6.3,1020.6
106.3,-53.9,936.5
57.1,-95.2,990.4
53.9,-104.7,973.0
-3.1,-146.0,969.8
-6.3,-157.1,996.8
-100.0,-182.5,1038.1
-123.8,-207.9,1022.2
-128.5,-177.7,992.0
-122.2,-123.8,988.8
-101.5,-55.5,965.0
-95.2,-23.8,998.4
-69.8,-1.5,1095.2
-93.6,77.7,1039.6
-52.3,131.7,1023.8
-19.0,157.1,1038.1
23.8,180.9,1015.8
76.1,176.1,1012.7
79.3,152.3,969.8
122.2,147.6,909.5
155.5,84.1,534.9
184.1,57.1,922.2
180.9,-19.0,917.4
160.3,-106.3,961.9
58.7,-152.3,914.2
-3.1,-157.1,965.0
-117.4,-179.3,1020.6
-,-,-
385.7,6.3,1377.7
50.7,22.2,971.4
55.5,-3.1,963.4
71.4,-22.2,971.4
52.3,-74.6,995.2
22.2,-96.8,1014.2
3.1,-122.2,968.2
0.0,-147.6,969.8
-66.6,-180.9,966.6
-101.5,-200.0,992.0
-130.1,-206.3,988.8
-131.7,-176.1,1015.8
-122.2,-126.9,1011.1
-147.6,-69.8,974.6
-125.4,6.3,1049.2
-147.6,80.9,1096.8
-144.4,133.3,1039.6
4.7,173.0,1044.4
22.2,177.7,1036.5
55.5,150.7,1020.6
103.1,180.9,985.7
104.7,153.9,946.0
155.5,153.9,942.8
184.1,73.0,941.2
174.6,-30.1,942.8
128.5,-98.4,944.4
-,-,-
250.7,-47.6,1528.5
23.8,101.5,1022.2
28.5,58.7,996.8
98.4,28.5,987.3
109.5,-20.6,1017.4
100.0,-98.4,946.0
76.1,-144.4,969.8
33.3,-152.3,971.4
22.2,-179.3,985.7
4.7,-179.3,985.7
0.0,-222.2,1014.2
-125.4,-220.6,965.0
-157.1,-200.0,969.8
-169.8,-147.6,987.3
-149.2,-104.7,1012.7
-100.0,-53.9,993.6
-125.4,1.5,1017.4
-126.9,53.9,1071.4
-126.9,150.7,1020.6
-55.5,179.3,996.8
-22.2,211.1,1049.2
22.2,198.4,1044.4
98.4,206.3,939.6
123.8,180.9,947.6
180.9,153.9,944.4
206.3,80.9,961.9
187.3,-1.5,915.8
158.7,-52.3,965.0
98.4,-119.0,961.9
23.8,-142.8,963.4
-69.8,-142.8,947.6
-,-,-
328.5,7.9,1446.0
53.9,106.3,944.4
85.7,73.0,966.6
101.5,23.8,992.0
125.4,-28.5,987.3
74.6,-77.7,968.2
58.7,-103.1,969.8
30.1,-131.7,947.6
-3.1,-169.8,992.0
-49.2,-195.2,987.3
-93.6,-204.7,1011.1
-95.2,-222.2,1011.1
-104.7,-198.4,1020.6
-79.3,-103.1,1041.2
-101.5,-103.1,1038.1
-144.4,-28.5,995.2
-98.4,22.2,1014.2
-98.4,84.1,1123.8
-77.7,174.6,1012.7
-28.5,160.3,992.0
20.6,203.1,1023.8
50.7,209.5,985.7
284.1,223.8,942.8
155.5,201.5,965.0
225.4,149.2,968.2
225.4,53.9,996.8
200.0,-46.0,944.4
133.3,-119.0,919.0
82.5,-152.3,969.8
6.3,-180.9,1015.8
-101.5,-182.5,1036.5
-,-,-
284.1,-28.5,1396.8
-28.5,73.0,995.2
26.9,107.9,969.8
77.7,149.2,990.4
101.5,101.5,993.6
123.8,20.6,996.8
107.9,-41.2,968.2
128.5,-101.5,941.2
30.1,-182.5,990.4
-30.1,-179.3,993.6
-50.7,-206.3,1015.8
-122.2,-252.3,988.8
-101.5,-228.5,1096.8
-106.3,-269.8,960.3
-149.2,-106.3,998.4
-125.4,-68.2,1014.2
-144.4,20.6,1020.6
-128.5,52.3,1092.0
-149.2,149.2,1046.0
-96.8,177.7,1042.8
-26.9,231.7,1063.4
22.2,249.2,996.8
79.3,233.3,946.0
126.9,179.3,984.1
174.6,126.9,966.6
184.1,82.5,961.9
157.1,25.4,992.0
150.7,-79.3,939.6
106.3,-157.1,966.6
49.2,-174.6,946.0
-79.3,-180.9,987.3
-,-,-
312.7,-19.0,1419.0
55.5,50.7,966.6
58.7,44.4,965.0
107.9,-3.1,992.0
123.8,-46.0,987.3
131.7,-79.3,992.0
131.7,-120.6,985.7
101.5,-169.8,992.0
47.6,-225.4,871.4
0.0,-247.6,966.6
-77.7,-276.1,995.2
-146.0,-274.6,990.4
-123.8,-225.4,1042.8
-123.8,-157.1,1061.9
-107.9,-96.8,1015.8
-95.2,-20.6,1038.1
-98.4,3.1,1087.3
-93.6,96.8,1049.2
-23.8,109.5,1017.4
26.9,131.7,1023.8
55.5,180.9,1014.2
106.3,158.7,938.1
131.7,176.1,995.2
128.5,130.1,919.0
153.9,107.9,988.8
157.1,98.4,1000.0
200.0,-353.9,968.2
155.5,-44.4,969.8
155.5,-79.3,995.2
123.8,-122.2,919.0
55.5,-169.8,938.1
-28.5,-180.9,1000.0
