-,-,-
47.1,-23.7,1004.2
25.8,17.2,991.2
46.6,96.2,993.0
86.7,221.6,997.9
86.9,389.4,1014.7
142.3,465.9,1017.3
272.0,348.7,944.3
435.7,130.0,904.1
615.9,-150.1,904.2
591.8,-379.6,887.2
363.2,-434.3,950.7
94.5,-440.7,995.3
-153.2,-447.7,975.5
-419.5,-334.3,984.4
-607.6,-280.8,899.1
-520.1,-238.4,883.4
-454.3,-29.2,993.8
-431.1,130.5,1003.2
-406.4,195.8,974.5
-347.3,204.7,896.0
-195.0,212.6,859.8
-117.1,354.1,1014.5
-12.0,403.6,998.6
149.4,380.2,1000.6
231.7,392.1,1015.9
283.4,400.0,978.4
319.8,379.8,963.5
366.8,335.3,997.2
404.4,205.8,1006.9
354.5,80.3,940.5
311.7,-35.5,899.8
301.7,-157.5,895.3
244.4,-237.7,875.1
-,-,-
40.4,54.9,983.6
29.6,136.7,985.4
31.0,243.0,987.2
107.4,338.8,1010.6
223.3,389.5,1032.3
319.3,385.0,1015.4
497.9,224.6,960.3
675.5,-35.5,899.6
733.1,-255.7,895.7
625.3,-350.7,933.2
350.8,-440.1,989.1
54.0,-571.3,950.7
-287.3,-592.7,827.4
-608.0,-461.3,790.7
-647.6,-280.8,806.6
-574.7,-96.8,892.3
-569.8,62.7,943.8
-513.4,158.4,979.1
-465.8,196.8,915.0
-367.4,211.3,903.2
-249.7,286.0,972.2
-113.0,369.7,989.0
23.8,445.4,1012.4
110.8,544.6,1064.8
250.5,503.9,1048.0
294.0,491.8,1009.2
356.0,451.5,1008.4
468.0,224.1,914.5
425.3,98.3,889.4
413.2,-94.6,910.0
367.6,-263.7,894.5
-,-,-
45.9,33.4,974.2
27.5,112.8,968.1
35.5,282.2,960.6
170.4,467.6,993.4
307.9,540.8,1020.6
375.9,476.8,1017.0
492.4,256.2,1003.1
644.2,-70.7,930.6
647.7,-325.1,864.7
498.9,-510.3,824.9
238.9,-636.9,805.2
-51.8,-622.6,950.1
-316.9,-522.7,1042.7
-517.7,-372.7,985.1
-536.6,-170.2,996.9
-504.2,-23.8,901.0
-474.2,150.0,809.1
-436.6,278.9,896.4
-405.4,322.9,949.3
-303.6,336.7,961.0
-245.3,416.8,1003.2
-151.3,479.2,1026.2
-58.6,527.9,1025.0
81.2,569.6,1019.4
224.4,539.7,973.4
312.3,533.8,966.3
445.0,409.6,946.0
433.0,208.7,882.6
409.9,-24.2,875.7
426.0,-306.7,852.7
283.8,-356.8,909.2
-,-,-
59.7,-55.9,952.6
36.4, 5.9,982.8
-20.4,146.7,1008.1
-62.8,317.2,976.9
58.5,437.8,963.8
280.6,453.5,981.7
422.0,398.3,977.0
535.0,270.1,980.5
669.9,56.0,996.2
712.9,-182.9,933.8
625.8,-380.1,919.8
449.1,-576.2,960.6
130.3,-665.3,877.4
-267.2,-569.4,853.4
-545.3,-445.6,891.5
-590.0,-347.8,853.9
-570.6,-164.1,882.0
-523.0,64.9,944.8
-500.0,170.5,945.1
-445.9,214.1,924.6
-325.9,264.5,913.2
-302.5,384.5,937.2
-196.3,497.7,953.9
-74.8,576.5,1018.4
-10.4,690.8,1035.4
183.1,652.3,1039.7
300.9,541.8,1004.2
389.4,441.9,1033.8
470.6,198.1,938.8
423.5,19.3,849.1
445.6,-165.6,842.8
394.3,-322.4,850.4
281.6,-337.4,920.5
-,-,-
84.9,-19.8,972.8
91.7, 3.4,974.1
52.3,102.5,995.9
42.0,249.2,995.4
95.5,404.1,1026.3
224.4,414.9,1002.3
319.6,336.6,973.8
470.5,158.0,963.0
638.4,-122.5,876.5
746.1,-364.8,870.1
626.2,-416.1,972.0
315.0,-412.9,951.7
65.3,-534.2,822.7
-271.2,-501.6,875.8
-537.9,-386.3,961.5
-614.8,-231.6,972.2
-573.8,-31.9,1018.6
-510.6,44.7,926.8
-475.4,122.1,863.0
-456.2,192.8,914.1
-370.7,179.8,903.6
-306.0,281.3,1003.4
-153.7,312.0,1037.7
-121.0,423.9,979.6
-54.2,526.3,955.5
67.5,575.5,1005.9
116.5,655.4,1010.5
320.9,527.4,989.8
404.8,347.4,942.7
450.0,120.3,882.3
440.6,-119.2,813.5
388.1,-278.5,849.6
358.4,-354.0,953.9
-,-,-
79.4,-8.2,976.8
73.2, 2.7,974.1
63.5,30.9,993.5
26.5,124.7,1021.1
-19.3,269.1,1018.1
-8.1,459.3,1024.1
101.5,530.2,990.9
268.4,393.7,909.5
479.6,186.9,942.8
652.1,-9.5,926.9
698.2,-114.3,882.6
657.8,-139.6,1003.7
523.2,-256.2,1062.2
240.5,-432.0,958.0
-114.1,-541.0,866.7
-391.5,-506.1,828.6
-552.0,-340.7,919.1
-578.8,-169.9,990.9
-496.3,-54.5,1008.0
-540.9,124.4,920.6
-574.4,309.5,762.7
-474.2,421.3,773.1
-389.9,516.4,841.6
-214.3,582.5,882.8
-15.9,652.7,942.1
182.7,654.1,965.1
339.6,573.2,959.2
375.3,534.2,974.0
427.4,413.2,945.0
490.2,199.3,915.3
407.0,49.4,920.4
345.6,-106.4,916.9
318.8,-213.5,932.1
-,-,-
81.6,-2.7,980.7
47.0,21.9,983.6
-9.1,96.6,990.3
-66.8,238.7,966.6
-19.6,384.5,987.6
175.5,429.6,1009.3
311.1,421.0,994.7
423.9,333.6,985.9
541.1,151.8,968.9
587.0,-63.2,901.2
614.2,-233.8,881.2
570.7,-284.9,935.3
476.9,-356.0,917.3
330.7,-434.0,943.1
134.6,-564.8,909.1
-87.4,-596.7,902.5
-373.4,-475.3,912.5
-471.7,-404.5,878.3
-385.9,-273.6,957.5
-351.7,-94.6,928.4
-384.2,75.8,915.6
-321.4,150.7,974.9
-252.6,181.2,940.0
-215.8,305.3,999.4
-108.9,383.6,1013.1
-7.1,420.5,996.2
114.3,432.7,949.1
193.9,478.0,926.7
301.5,514.6,989.0
456.9,397.1,978.7
510.2,266.0,944.3
542.3,103.2,936.3
422.6, 4.9,941.6
283.7,-53.7,931.9
288.4,-187.9,900.4
-,-,-
115.5,-26.1,990.1
84.3,-0.1,986.4
34.7,84.4,985.1
-40.4,255.9,955.0
 2.1,456.3,994.8
165.9,538.8,1008.3
300.5,465.3,922.4
423.5,297.2,890.9
593.6,80.8,930.0
710.7,-118.3,956.5
693.5,-241.2,960.4
619.0,-355.5,950.2
447.4,-518.0,912.3
67.1,-617.4,824.2
-248.7,-660.1,784.0
-376.8,-635.7,804.2
-419.9,-491.8,922.4
-357.4,-340.8,966.5
-368.3,-141.2,941.1
-341.4,47.5,948.5
-332.3,196.5,965.3
-328.4,278.5,964.7
-225.3,309.9,998.2
-133.1,378.9,1036.8
 4.0,430.6,1040.8
138.0,467.7,1049.1
257.9,433.8,990.2
304.5,400.0,950.7
357.2,365.3,970.1
419.4,225.3,904.8
352.7,144.7,905.5
307.6,30.2,916.9
301.3,-115.8,919.9
-,-,-
102.0,-18.6,960.1
95.5, 7.7,979.9
61.8,62.8,996.8
14.9,146.2,982.3
-0.8,266.6,970.3
76.7,384.1,994.5
226.4,415.8,986.0
327.0,395.3,952.6
441.4,292.6,925.5
564.2,38.1,839.6
646.7,-199.9,862.4
700.7,-302.6,1024.9
594.7,-361.7,1013.2
371.0,-434.7,936.7
97.5,-476.5,898.9
-149.1,-485.0,880.7
-338.4,-413.3,891.0
-387.6,-326.6,948.2
-340.8,-193.1,1029.2
-356.1,-10.0,1022.4
-328.7,106.5,997.3
-293.3,137.8,957.6
-287.5,195.5,957.4
-295.5,274.5,955.8
-228.9,312.2,971.3
-126.6,380.9,1026.9
-9.8,429.4,1027.5
108.3,461.5,1020.6
198.9,478.1,970.7
329.8,406.8,922.9
399.9,298.1,894.8
399.6,214.6,909.5
413.3,71.0,911.7
366.1,-68.4,916.5
-,-,-
80.6, 7.5,968.1
48.1,82.7,992.1
 1.6,201.5,982.0
 9.3,330.6,977.0
103.6,400.4,970.2
217.7,391.8,965.9
332.3,322.2,972.5
454.1,192.8,943.8
594.6,40.9,950.9
671.4,-143.2,969.8
637.0,-336.4,944.2
492.4,-509.7,851.9
298.5,-600.3,841.0
59.1,-566.2,923.1
-164.3,-534.7,937.8
-388.9,-422.1,925.1
-494.5,-263.7,916.3
-462.8,-117.7,897.0
-432.2,44.0,929.1
-426.5,160.3,942.3
-392.3,212.3,958.1
-361.1,242.5,938.6
-350.1,310.5,870.8
-213.1,363.7,855.8
-93.5,486.8,942.6
60.8,548.2,971.6
228.2,520.6,988.1
300.1,483.7,964.6
357.8,405.1,939.6
432.4,240.5,952.1
445.4,45.4,952.1
395.2,-123.1,940.5
-,-,-
72.0,113.8,1020.4
47.3,197.0,1006.3
27.4,287.8,961.9
76.9,369.4,921.2
167.0,427.2,942.8
296.8,380.9,939.8
455.2,245.5,944.7
618.8,57.1,984.4
709.6,-150.1,964.9
693.1,-277.1,1023.8
583.7,-414.6,1033.3
380.1,-664.4,897.7
86.0,-756.1,808.2
-260.6,-628.5,753.5
-497.8,-460.2,778.1
-554.0,-300.2,785.8
-567.2,-97.0,839.3
-528.8,86.1,909.6
-454.8,197.4,960.4
-390.5,247.2,994.2
-293.8,242.7,966.8
-266.2,336.3,985.6
-173.4,422.5,998.2
-1.5,448.6,986.8
147.4,484.7,986.7
290.0,494.2,995.3
384.6,422.9,999.0
380.4,304.2,959.1
331.5,182.0,955.5
328.8, 1.4,913.2
304.8,-154.7,899.0
-,-,-
72.3,-27.5,958.8
45.0,20.3,984.1
-2.4,125.9,991.7
-75.9,317.9,962.7
-71.8,522.8,985.1
126.0,516.6,984.7
351.1,362.0,946.8
517.9,217.8,973.3
709.7,47.9,1004.8
785.3,-70.6,1000.3
684.1,-202.5,1040.5
579.2,-440.7,1059.0
333.5,-617.1,950.3
-55.3,-604.5,897.7
-391.5,-520.8,809.7
-604.2,-411.8,775.7
-541.6,-290.7,878.7
-491.0,-99.2,1029.8
-429.5,42.3,1065.3
-354.9,98.5,950.8
-272.4,164.6,997.5
-240.2,261.9,993.5
-281.1,417.8,959.9
-129.2,458.1,991.9
-7.2,516.1,1025.0
199.9,449.2,1008.6
315.1,400.2,987.0
370.5,384.1,994.0
501.6,201.3,948.9
463.2,71.6,913.8
343.9,-45.0,839.7
292.1,-153.2,901.7
325.4,-225.0,1003.5
244.1,-244.3,1000.0
-,-,-
48.7,-21.0,968.5
23.0, 4.3,974.4
-0.9,117.2,1044.5
-86.9,289.9,1022.8
-93.3,408.6,948.0
145.4,398.2,981.5
365.0,325.5,987.6
470.2,223.1,956.4
549.3,93.2,936.5
531.3,-25.5,883.4
567.9,-199.6,876.0
573.9,-381.6,936.9
368.8,-456.5,970.7
156.3,-550.1,910.4
-12.6,-577.6,920.2
-209.9,-576.7,895.8
-323.8,-544.6,907.2
-268.6,-428.4,1078.1
-265.0,-295.5,1086.8
-323.4,-152.8,908.0
-336.0,-14.8,834.7
-349.7,144.1,949.9
-328.0,212.1,958.2
-360.1,294.0,934.5
-248.3,339.6,941.4
-115.7,430.2,980.3
 4.9,504.8,993.9
124.9,510.6,941.1
276.1,471.5,960.8
418.0,327.1,908.0
408.7,223.2,939.2
462.0,49.3,984.9
368.2,-78.3,981.1
-,-,-
65.4,22.7,1009.2
37.9,48.1,987.3
-50.0,154.2,978.5
-120.7,324.3,942.5
-41.1,455.6,928.1
147.1,501.1,954.7
328.5,415.6,927.2
504.3,257.1,999.9
658.9,43.6,1068.1
699.9,-189.4,1034.1
591.2,-411.4,968.0
420.7,-667.2,834.2
142.7,-657.8,800.7
-162.3,-474.2,910.2
-352.3,-386.6,959.8
-459.7,-284.2,905.3
-497.0,-131.0,952.7
-480.4,-29.0,906.0
-458.3,27.9,822.6
-400.5,126.9,924.6
-397.2,239.3,967.3
-325.3,248.0,944.7
-253.3,295.9,946.2
-232.8,445.2,889.4
-126.2,576.5,895.6
 3.9,677.0,948.4
187.2,650.4,957.4
360.3,526.8,954.0
433.3,389.0,972.6
478.2,185.7,962.8
420.5,-19.1,932.3
-,-,-
-7.7,68.9,1001.4
-47.5,193.4,1021.9
-72.4,325.4,976.8
-35.2,469.9,937.7
114.9,520.2,912.0
317.4,416.7,902.2
495.5,219.8,944.4
674.0,-5.3,1080.7
672.9,-129.7,1122.4
604.8,-196.0,1081.0
485.7,-276.6,1005.0
301.6,-402.8,875.7
46.5,-498.5,821.7
-236.0,-558.1,786.7
-361.7,-568.7,798.5
-467.9,-427.3,785.1
-533.2,-205.5,815.9
-545.8,-49.3,780.5
-575.8,118.6,777.2
-525.2,242.0,849.3
-470.9,316.9,929.6
-375.3,349.7,959.9
-234.7,387.4,968.3
-53.5,417.5,999.2
81.7,472.2,958.5
187.5,543.9,996.1
311.3,483.8,983.3
340.3,413.4,973.2
349.4,315.2,966.5
-,-,-
16.1, 3.8,970.5
20.8,21.1,981.0
-25.0,99.4,969.8
-100.1,266.4,988.2
-49.6,394.0,1014.2
48.6,453.9,1000.4
173.6,457.1,1028.1
320.6,362.0,1035.7
463.8,215.6,1023.6
627.5, 3.0,991.3
716.4,-242.8,851.6
768.1,-423.0,869.4
608.1,-518.7,968.2
255.7,-573.8,928.8
-24.0,-580.1,966.5
-338.7,-477.6,966.4
-559.5,-328.2,894.6
-590.5,-154.3,927.6
-507.8,-56.9,805.2
-449.3,34.2,807.8
-396.2,246.1,923.2
-322.6,408.3,911.0
-377.8,530.3,954.0
-323.1,592.0,967.1
-183.8,589.1,941.6
 0.6,559.4,958.0
94.5,549.2,989.6
107.7,586.5,938.5
263.4,472.6,955.5
355.0,299.4,997.8
354.9,157.4,941.2
377.9,-54.6,886.2
311.2,-239.4,868.7
-,-,-
67.6,31.9,993.7
12.0,131.5,977.1
-26.7,263.9,974.1
66.3,350.2,1005.4
194.2,418.8,1009.5
324.6,425.4,1005.6
465.7,306.7,992.5
621.8,88.3,983.4
760.9,-236.0,896.2
750.6,-531.4,737.9
580.3,-626.8,818.5
324.9,-658.1,864.1
22.5,-651.1,810.9
-183.4,-634.6,877.2
-349.4,-577.4,877.5
-449.1,-468.2,872.2
-500.0,-254.6,924.8
-540.4,-17.6,962.1
-428.6,93.7,1010.2
-398.7,178.3,1076.7
-296.9,163.9,1018.5
-160.5,180.6,955.7
-113.0,348.0,965.9
18.0,482.7,1005.8
126.8,520.5,953.0
197.7,555.6,957.6
352.8,427.6,942.0
362.0,289.9,896.7
355.5,178.9,919.6
367.8,14.2,962.7
-,-,-
-46.7,288.1,982.1
-2.4,417.3,970.4
179.2,423.5,970.1
297.8,405.4,962.7
407.1,345.1,982.0
555.2,218.4,1020.3
667.9,31.8,1020.8
704.0,-208.0,967.9
633.0,-430.1,924.8
382.6,-589.4,889.4
56.9,-631.7,854.3
-192.6,-606.7,849.7
-303.1,-540.8,892.4
-386.5,-384.1,887.4
-392.3,-250.2,790.5
-409.9, 5.0,886.7
-439.7,253.4,1004.4
-423.0,305.1,985.5
-417.0,349.1,971.4
-298.1,310.2,967.0
-232.8,335.9,1003.1
-155.3,416.0,1024.4
23.3,452.6,1029.9
70.2,577.1,996.3
183.2,598.1,907.8
284.0,547.2,895.9
347.8,440.0,879.1
448.4,237.9,909.6
409.1,57.5,915.7
344.1,-72.8,936.3
351.3,-212.0,975.1
-,-,-
-46.6,256.6,1018.1
-38.3,391.6,989.2
97.6,509.8,992.1
256.3,492.7,948.8
352.6,348.5,836.6
447.5,241.9,880.9
570.5,122.8,925.6
665.4,-21.1,962.4
750.8,-233.6,1033.4
633.5,-438.9,943.4
352.5,-592.7,846.7
122.5,-669.3,911.5
-164.4,-612.7,969.1
-381.8,-454.9,1022.9
-499.2,-269.4,1031.7
-577.5,-128.9,990.9
-496.3,-9.1,879.5
-430.4,198.3,811.3
-441.0,363.1,866.2
-383.5,365.4,851.0
-336.6,429.5,890.9
-117.1,415.4,902.5
-1.2,474.7,920.2
83.4,564.0,945.0
170.9,565.5,918.3
278.1,537.7,948.3
398.6,414.9,958.1
379.6,299.8,923.4
407.2,125.8,931.8
389.4,-65.2,916.3
335.5,-155.2,1014.6
-,-,-
-49.6,171.0,985.7
-94.0,321.6,989.4
24.7,359.7,949.7
204.8,352.8,923.5
357.8,351.7,925.6
471.9,318.9,926.1
556.5,254.4,969.1
618.7,154.2,986.5
667.3,-49.5,1020.9
676.8,-285.5,1110.5
581.1,-454.7,1012.7
392.2,-470.9,910.3
96.2,-426.4,820.2
-105.2,-403.4,760.8
-247.2,-347.0,828.6
-377.5,-282.4,887.6
-400.5,-193.4,925.4
-437.9,-17.3,946.2
-405.2,136.7,955.5
-362.2,231.2,928.7
-333.8,293.4,963.1
-275.2,313.7,956.8
-232.6,371.2,934.7
-83.1,442.0,948.4
30.5,554.2,1004.6
133.2,554.4,971.9
143.4,581.2,950.5
178.4,551.2,936.0
290.8,367.3,896.8
300.0,248.9,925.2
300.6,76.0,911.6
258.3,-86.5,915.5
-,-,-
68.3,-36.2,966.6
40.1,-7.8,976.1
-12.5,75.4,996.8
-70.7,216.9,1018.7
-76.7,370.1,1007.0
55.2,431.6,1001.8
196.2,410.8,965.0
306.4,328.6,916.6
432.5,223.6,940.6
560.4,92.5,982.7
652.7,-93.4,933.6
632.3,-239.2,855.4
601.0,-334.3,886.4
527.0,-430.5,923.5
370.7,-482.4,950.9
151.0,-487.5,908.4
-89.3,-472.9,903.2
-206.6,-507.6,960.5
-248.3,-503.5,978.2
-262.1,-409.8,1001.3
-288.5,-239.2,1003.7
-283.4,-42.5,992.9
-272.9,87.9,977.9
-301.6,207.9,929.2
-299.2,303.4,917.9
-257.8,352.6,934.3
-90.8,350.6,982.4
54.3,320.3,989.1
123.8,338.3,979.5
180.9,353.5,973.1
275.5,317.1,966.0
269.4,301.7,946.9
272.6,251.5,946.8
322.2,143.9,946.7
255.2,31.2,885.1
-,-,-
111.1, 7.1,975.9
88.0,15.5,968.3
84.0,19.4,972.5
53.5,85.3,1002.6
13.3,190.1,992.2
-28.2,333.2,955.1
 2.6,475.5,958.4
147.3,515.7,963.3
300.1,443.0,917.2
491.4,274.1,885.3
642.5,70.9,876.5
646.9,-72.5,922.0
619.2,-184.2,1008.7
515.2,-300.6,1013.0
337.2,-422.2,953.5
212.5,-550.9,944.7
37.8,-631.1,936.5
-98.1,-636.2,863.1
-208.3,-478.8,907.5
-315.7,-303.7,923.6
-325.4,-104.3,911.5
-358.1,100.9,900.8
-364.1,236.6,942.3
-368.4,337.8,990.1
-286.5,329.8,1013.1
-248.3,377.3,1027.8
-157.2,438.1,989.0
 2.3,444.4,982.8
41.6,484.2,960.1
142.2,436.8,896.2
209.3,364.1,850.7
225.6,362.2,886.4
332.2,235.7,965.1
357.8,65.5,991.5
310.4,-76.5,989.3
-,-,-
-19.9,118.0,984.4
-90.5,240.2,960.3
-89.6,358.0,993.3
20.6,426.4,1016.2
117.4,492.7,1008.7
258.5,495.1,1031.8
420.3,370.9,1010.5
521.8,197.4,955.6
605.7,-25.8,903.4
611.9,-225.3,881.3
604.6,-451.7,946.0
499.4,-639.2,870.3
208.9,-571.5,899.5
-58.9,-458.8,1022.1
-273.5,-450.1,897.9
-442.4,-321.7,887.8
-532.6,-123.9,885.9
-548.2,-1.2,828.5
-582.7,30.1,828.5
-566.6,77.3,897.5
-470.9,137.9,930.8
-411.6,209.7,947.3
-338.4,291.1,945.1
-220.0,375.7,906.0
-60.1,419.6,902.6
34.1,507.0,918.8
160.0,533.8,963.9
266.9,469.3,942.3
303.5,393.0,950.6
339.4,200.6,928.0
259.3,78.8,948.4
-,-,-
52.0,16.3,986.0
45.7,12.0,953.2
-5.6,89.1,976.4
-42.9,230.3,972.1
-14.1,383.1,980.3
51.4,512.5,977.4
114.9,542.0,911.4
255.3,437.1,906.7
507.8,249.1,1004.3
675.0,16.4,1050.8
711.0,-222.2,1031.1
650.2,-405.3,948.9
468.0,-496.6,927.5
215.4,-521.1,930.6
-42.2,-545.1,859.6
-222.8,-534.3,870.7
-308.4,-344.0,1051.7
-366.0,-83.3,1142.1
-372.0,102.2,995.1
-415.8,300.7,943.3
-463.0,391.7,897.1
-440.4,392.5,850.7
-421.8,460.6,904.9
-238.3,463.1,909.5
-109.4,579.3,970.6
103.9,605.0,899.9
263.6,580.3,907.5
311.1,531.0,979.8
407.2,327.1,952.8
425.7,141.8,940.8
409.8,-6.0,949.2
399.0,-171.6,949.8
-,-,-
46.6,42.9,971.9
-9.9,114.4,958.4
-106.4,266.0,942.2
-72.7,410.3,927.2
108.3,513.6,1014.8
295.3,497.2,1022.7
407.1,371.1,898.6
454.9,280.0,901.0
590.5,97.8,941.5
773.4,-243.4,1025.5
770.5,-585.8,1066.4
571.1,-770.8,993.8
213.4,-775.5,938.7
-168.9,-658.5,931.3
-350.2,-511.6,894.2
-442.1,-312.4,785.5
-483.7,-81.0,795.6
-450.5,61.8,839.9
-461.7,185.2,861.0
-423.3,253.2,927.3
-395.6,266.3,920.3
-358.6,345.8,948.1
-315.7,466.9,993.5
-185.6,530.8,1013.8
-46.3,585.7,1026.5
78.9,626.0,1040.3
251.2,534.4,1022.5
273.7,448.1,990.1
354.7,279.9,963.2
422.8,18.2,869.7
323.6,-118.2,853.9
-,-,-
-21.5,37.0,986.1
-66.7,123.1,966.6
-101.0,264.1,956.5
-82.2,449.1,1009.1
41.0,517.0,976.3
209.8,443.6,902.9
372.1,327.7,929.6
568.7,156.0,1006.3
724.1,-32.9,1065.7
770.9,-189.0,1113.8
726.9,-458.4,953.7
479.2,-725.1,686.0
154.7,-840.1,671.3
-158.8,-769.0,756.8
-484.8,-597.6,815.3
-591.4,-454.6,859.5
-539.7,-316.3,899.9
-412.7,-118.6,990.5
-379.8,103.1,980.7
-366.7,212.6,955.1
-254.9,243.3,987.0
-200.4,312.4,984.4
-109.9,363.2,956.3
-49.0,472.5,1021.0
26.3,532.0,979.4
93.5,503.6,918.3
144.8,486.6,906.3
264.6,360.8,903.6
278.0,246.7,889.3
252.7,153.4,873.7
282.9,-28.2,834.9
317.7,-117.0,1015.5
-,-,-
51.0,-41.8,981.3
27.7,-5.5,981.0
-9.7,94.8,988.0
-39.3,242.9,951.5
22.5,381.3,939.6
165.7,491.1,1034.1
301.1,486.4,1070.0
441.9,343.1,991.0
626.5,120.5,963.8
755.9,-259.1,869.2
674.2,-511.4,755.7
451.3,-530.3,868.7
195.8,-542.3,951.4
-47.2,-558.0,924.3
-315.3,-434.5,980.0
-394.9,-356.2,962.0
-353.1,-243.4,1122.7
-351.0,-74.2,1127.2
-331.4,36.6,927.4
-320.9,184.2,965.4
-321.3,285.9,951.0
-338.1,353.7,957.7
-279.7,407.3,966.0
-182.0,512.0,932.9
-28.5,680.7,1032.0
128.3,669.6,998.3
176.0,603.4,938.3
314.0,415.7,850.1
415.9,158.7,748.7
381.0,27.9,772.4
358.4,-85.0,859.7
305.6,-164.6,970.7
-,-,-
89.2,29.5,977.9
73.5,53.9,997.1
26.0,129.7,996.3
-29.5,254.2,962.2
-7.7,400.6,953.1
93.7,498.3,976.1
218.3,478.7,912.0
372.7,381.6,857.1
533.7,238.3,783.7
739.9,-70.4,825.3
909.6,-370.0,974.3
830.5,-522.5,980.4
569.5,-605.7,956.4
201.4,-553.7,973.4
-174.9,-380.3,971.5
-333.8,-326.0,965.6
-448.9,-245.4,961.5
-488.1,-93.0,902.2
-419.4,-14.7,967.4
-359.0,48.5,963.7
-306.1,122.2,895.9
-301.3,233.5,970.4
-237.8,335.8,969.6
-161.1,419.3,1038.0
-34.0,508.3,1159.6
72.4,512.4,1058.5
83.7,522.2,889.0
188.7,532.3,813.9
220.2,552.3,797.5
314.3,451.3,852.9
426.9,245.3,846.7
407.4,74.7,918.6
458.1,-114.8,1028.0
-,-,-
63.9,33.5,1029.5
40.3,73.6,1036.8
10.9,136.9,1031.0
-24.1,242.7,990.9
-7.6,349.9,971.9
90.5,386.8,949.3
184.7,388.6,905.0
312.8,322.3,886.7
482.4,194.6,946.4
606.7,23.1,968.2
627.3,-116.2,927.6
612.6,-254.3,913.5
601.2,-502.8,844.1
437.3,-617.6,875.0
136.6,-588.5,969.1
-152.8,-557.5,897.2
-320.7,-454.7,976.7
-434.2,-316.2,1040.0
-458.8,-186.9,938.2
-389.3,-36.2,943.8
-307.0,75.5,953.1
-265.1,167.4,982.9
-298.6,273.6,977.2
-308.7,317.9,935.3
-307.3,395.8,970.2
-212.2,461.3,912.3
-124.0,557.2,937.4
57.3,601.6,962.8
266.1,552.5,958.6
384.3,462.7,1018.8
400.7,292.3,948.9
334.3,140.7,901.4
372.1,-84.1,870.2
333.8,-224.3,891.3
281.0,-276.9,928.7
-,-,-
16.5,-11.8,969.3
-17.9,49.5,953.9
-83.4,179.5,916.7
-62.5,350.3,933.6
78.1,469.6,963.6
269.5,481.0,952.3
454.3,403.0,923.2
590.5,267.2,904.3
695.2,98.7,937.8
766.3,-128.2,965.9
694.5,-291.4,951.4
612.3,-436.3,975.0
379.8,-508.8,1002.7
78.4,-572.6,993.5
-73.9,-690.8,937.5
-246.1,-602.9,921.5
-418.0,-370.7,906.8
-524.5,-156.7,747.8
-560.0,25.4,738.6
-478.3,148.0,784.5
-370.2,213.6,933.0
-313.0,239.8,1119.9
-204.2,276.9,1120.3
-96.2,373.7,1004.6
-17.9,501.8,944.3
105.6,613.6,942.4
322.3,596.6,957.2
389.3,564.7,915.0
440.8,478.4,928.9
557.8,239.2,916.3
444.0,81.6,935.7
377.6,-73.2,975.0
-,-,-
98.0, 7.3,947.4
75.9,62.0,968.1
10.2,201.1,971.9
-44.9,390.5,1013.0
40.7,474.0,1026.2
141.6,475.3,947.6
268.3,429.0,893.2
477.0,263.3,857.7
620.8,61.1,887.9
731.1,-96.9,1087.3
725.7,-256.1,1100.7
586.7,-392.4,961.5
478.5,-493.4,945.1
157.3,-622.4,857.5
-408.5,-572.7,818.1
-610.4,-517.5,847.7
-575.1,-466.8,868.5
-499.0,-325.7,911.5
-344.8,-178.7,1010.5
-272.8,14.2,1073.9
-240.2,128.5,1056.2
-254.7,170.6,1005.3
-300.6,277.0,936.2
-214.4,382.5,926.7
-119.8,535.6,992.3
 0.1,599.3,969.8
85.1,652.2,963.5
224.8,633.0,1025.7
321.6,476.1,933.8
350.6,289.2,851.2
409.3,96.1,883.7
422.1,-82.4,942.5
-,-,-
48.6,29.6,993.1
 5.2,116.4,974.2
-19.7,242.9,954.9
57.0,352.3,996.5
225.4,357.5,1012.0
336.0,336.1,1014.8
407.6,275.0,977.6
478.6,150.4,896.6
557.2,34.2,899.3
709.2,-229.8,871.8
674.4,-464.5,832.5
546.9,-554.0,904.0
400.6,-657.4,893.9
131.1,-672.3,918.5
-191.7,-578.2,950.1
-388.8,-444.6,1021.2
-268.3,-293.1,1150.0
-243.3,-113.3,1002.1
-323.2,73.4,908.8
-282.6,181.4,988.7
-267.3,286.0,1008.1
-174.7,308.0,1007.2
-141.9,407.5,1035.5
14.6,433.3,1016.6
149.0,447.7,1036.0
234.8,469.4,1021.9
395.0,382.1,972.6
388.7,325.9,933.8
447.6,221.3,918.5
426.6,96.3,911.4
348.5,-14.0,916.8
-,-,-
66.6,19.4,976.8
-8.7,113.7,962.1
-95.1,262.4,941.5
-68.2,438.5,961.1
112.1,539.6,986.6
336.0,498.8,969.5
540.6,323.5,918.2
698.5,116.2,926.4
785.1,-83.1,895.1
776.1,-177.1,900.7
710.0,-262.7,997.3
549.3,-395.4,969.0
280.4,-483.1,918.3
46.3,-605.2,947.2
-151.1,-632.0,897.1
-390.0,-486.1,904.8
-461.0,-300.3,977.7
-383.3,-157.8,1014.0
-364.0,-12.3,971.8
-310.2,148.9,1003.5
-329.1,277.9,995.6
-354.2,345.3,984.4
-225.1,400.2,1039.7
-164.5,525.0,1089.0
22.4,522.4,1048.0
142.2,518.6,1027.5
236.2,507.7,958.7
378.4,393.0,888.0
405.2,285.7,889.2
339.5,161.5,899.4
254.2,37.2,906.9
251.8,-112.9,930.3
-,-,-
65.1,71.3,982.8
18.3,192.2,987.0
-7.0,296.8,946.7
26.3,379.2,929.3
122.9,409.3,947.8
264.9,358.8,940.5
361.8,315.7,963.9
538.6,192.8,997.8
773.6,-58.4,955.0
824.1,-241.8,975.4
697.9,-343.1,939.9
445.9,-430.8,832.8
111.9,-430.8,905.1
-191.3,-403.2,988.7
-372.7,-392.9,1012.8
-404.4,-333.6,1052.2
-408.8,-159.6,1074.0
-370.0,10.3,1064.8
-285.1,113.8,1029.4
-261.7,178.7,944.2
-268.1,224.6,901.1
-220.8,281.6,988.2
-215.6,385.6,1028.0
-125.3,468.4,957.7
-35.7,552.1,955.4
46.2,614.4,949.9
226.2,571.9,901.7
295.0,567.8,913.7
430.0,395.8,916.8
511.3,69.5,830.5
340.9,-73.4,872.3
-,-,-
106.3,44.3,1006.9
84.4,96.8,1046.2
78.3,212.1,1061.3
45.4,320.8,982.6
21.1,405.9,866.9
137.1,445.5,852.7
309.6,424.7,872.7
473.9,336.0,902.5
691.1,124.9,957.4
815.3,-84.8,1013.3
879.3,-333.9,1032.4
745.3,-542.4,951.7
344.1,-620.5,866.0
-63.2,-577.9,865.0
-378.8,-435.6,931.1
-505.7,-326.5,901.1
-443.9,-175.0,910.7
-364.8,53.9,1060.1
-279.2,187.7,993.8
-317.7,308.4,972.7
-361.1,390.3,1027.4
-399.5,403.2,969.2
-408.4,408.1,979.5
-251.7,382.7,910.5
-121.7,432.9,897.9
99.4,432.5,955.6
244.2,395.3,960.6
338.3,319.6,948.2
412.5,221.7,981.8
469.8,41.6,954.7
474.4,-160.8,943.1
307.7,-227.4,964.9
-,-,-
-49.6,85.2,958.9
-112.7,260.1,977.3
-90.6,416.1,951.0
70.6,488.1,944.6
274.8,493.9,979.9
432.8,429.5,976.1
577.0,325.7,1022.4
742.8,129.6,1025.3
817.5,-104.8,917.5
800.2,-340.1,813.5
645.0,-516.3,771.1
311.5,-477.1,947.1
22.8,-426.2,1086.4
-216.0,-460.2,992.3
-432.9,-392.2,910.2
-440.7,-251.5,957.3
-381.5,-53.4,1045.9
-422.9,161.3,1034.5
-387.0,268.6,1051.3
-368.5,282.9,1044.8
-376.7,269.0,960.2
-338.9,276.4,923.1
-239.9,302.0,926.2
-165.4,426.1,972.6
31.1,468.2,962.5
215.5,451.5,871.6
281.7,440.4,840.9
301.7,402.2,915.0
292.2,343.4,989.1
326.7,203.4,979.2
337.6,41.3,968.8
-,-,-
106.7,56.1,990.8
70.9,103.3,983.2
-27.5,227.3,955.3
-68.0,380.8,925.0
39.8,488.0,947.3
243.4,491.6,941.3
417.2,424.4,923.5
570.8,293.7,926.1
743.2,77.4,879.3
849.5,-118.5,905.3
849.8,-321.3,893.2
692.3,-467.2,880.7
432.0,-502.7,916.9
179.1,-526.7,961.2
-134.1,-529.6,934.8
-369.8,-372.5,1011.6
-376.0,-114.4,1079.8
-403.3,104.3,973.5
-511.3,278.5,928.9
-506.5,279.1,811.4
-468.5,280.4,826.0
-407.9,316.8,901.7
-315.6,324.5,902.6
-165.8,398.4,1021.8
48.4,456.4,1064.0
215.7,478.3,1007.9
263.5,524.5,985.1
301.9,484.0,943.1
224.0,442.8,869.4
232.7,338.3,845.2
278.1,165.4,830.4
263.3,63.7,874.2
-,-,-
20.0,96.9,987.6
24.5,142.6,984.5
-28.7,274.8,1010.3
40.5,397.1,1077.8
197.7,426.2,1062.3
282.8,417.1,986.2
417.9,313.0,920.5
527.7,140.3,792.6
617.8, 1.1,818.1
702.5,-185.7,890.2
669.9,-318.1,895.8
547.1,-376.2,940.5
388.5,-452.8,914.5
152.0,-525.8,869.4
-98.8,-552.8,890.6
-280.3,-545.8,894.8
-377.3,-446.6,936.8
-339.0,-335.0,920.6
-313.1,-115.3,995.1
-428.1,198.4,992.9
-503.9,320.9,915.0
-406.2,300.4,972.1
-265.3,253.0,1003.2
-262.3,300.3,932.2
-195.6,409.7,874.8
-81.5,533.6,868.5
115.8,688.2,901.2
426.5,631.7,928.8
462.6,529.7,920.6
449.8,419.5,915.1
541.0,125.5,921.9
-,-,-
120.3,-4.9,985.4
116.6,-5.3,986.1
92.3,22.9,987.4
25.0,112.1,975.4
-72.1,250.5,942.4
-52.9,401.9,950.5
112.2,481.7,975.5
310.7,430.9,958.3
435.0,334.1,963.3
601.3,162.7,980.7
713.3,-66.8,932.3
695.3,-201.2,903.4
668.0,-289.7,907.7
544.3,-343.3,881.8
339.9,-360.2,929.4
125.9,-427.7,1000.7
-142.0,-498.8,951.3
-389.5,-502.9,882.5
-519.0,-416.0,777.2
-554.2,-221.8,805.0
-504.9, 5.0,888.6
-394.8,148.9,879.1
-474.8,353.4,922.7
-433.6,416.5,979.2
-350.4,414.6,1002.3
-185.4,413.0,1018.7
89.0,357.6,979.5
193.8,429.2,975.9
366.8,408.2,961.3
345.8,431.7,981.2
244.5,471.4,1014.9
355.1,231.7,906.9
-,-,-
102.0, 2.7,992.2
89.7, 5.0,981.7
53.8,77.6,1000.8
-0.6,198.1,973.2
 0.3,359.7,988.3
128.8,455.8,1003.9
252.1,446.8,944.9
388.0,347.4,934.7
568.8,146.2,930.9
651.2,-65.4,840.0
677.6,-165.6,897.5
631.1,-259.1,962.8
585.3,-448.2,905.9
466.1,-553.6,893.5
221.1,-531.5,967.4
 4.6,-586.3,923.3
-243.2,-563.4,845.8
-341.5,-457.6,871.7
-344.1,-258.1,1027.0
-388.2,-64.4,1019.2
-329.7,24.6,946.1
-365.0,199.4,999.8
-418.8,272.0,1011.7
-413.2,309.5,1035.5
-190.8,348.5,1045.5
29.3,407.0,1031.1
78.9,496.8,1001.0
179.6,509.7,873.4
199.3,672.6,872.7
403.9,618.9,918.1
575.1,375.8,903.9
536.5,204.1,935.9
