-,-,-
504.76,-406.35,1453.97
223.81,-276.19,1198.41
30.16,-277.78,1122.22
-128.57,-425.40,1011.11
-173.02,-95.24,1092.06
-253.97,76.19,965.08
-271.43,438.10,995.24
-323.81,607.94,817.46
-47.62,509.52,715.87
157.14,438.10,761.90
206.35,539.68,858.73
336.51,284.13,896.83
249.21,312.70,922.22
301.59,149.21,915.87
358.73,-28.57,992.06
360.32,-153.97,1041.27
280.95,-226.98,971.43
149.21,-300.00,1098.41
20.64,-152.38,1293.65
-125.40,-125.40,1242.86
-220.64,22.22,1200.00
-201.59,101.59,1141.27
-196.83,365.08,1071.43
-,-,-
177.78,-434.92,1500.00
-17.46,-584.13,1061.90
-122.22,-177.78,1036.51
-258.73,257.14,1020.64
-379.36,587.30,911.11
-173.02,542.86,819.05
44.44,565.08,917.46
174.60,407.94,868.25
225.40,438.10,936.51
226.98,287.30,915.87
303.17,76.19,871.43
304.76,128.57,968.25
428.57,-226.98,892.06
457.14,-249.21,1069.84
253.97,-228.57,1096.83
182.54,-222.22,1274.60
-19.05,-231.75,1176.19
-120.64,-422.22,1146.03
-249.21,-98.41,1065.08
-176.19,-93.65,1046.03
-157.14,23.81,996.83
-179.36,179.36,973.02
-,-,-
176.19,-557.14,1623.81
-80.95,-407.94,1115.87
-100.00,-228.57,761.90
-182.54,104.76,939.68
-228.57,365.08,863.49
-123.81,558.73,939.68
-57.14,693.65,917.46
47.62,617.46,768.25
207.94,539.68,934.92
309.52,261.90,787.30
358.73,111.11,892.06
433.33,-42.86,965.08
338.10,-176.19,936.51
387.30,-225.40,1044.44
255.56,-147.62,1088.89
301.59,-225.40,1238.10
30.16,-155.56,1090.48
-1.59,-233.33,1126.98
-68.25,-95.24,1174.60
-104.76,-130.16,1119.05
-149.21,-1.59,1169.84
-101.59,25.40,1139.68
-69.84,174.60,1015.87
-,-,-
185.71,-436.51,1655.56
-69.84,-333.33,1066.67
-147.62,-104.76,968.25
-206.35,234.92,936.51
-195.24,530.16,1068.25
-233.33,741.27,861.90
4.76,531.75,795.24
47.62,585.71,817.46
147.62,488.89,715.87
358.73,249.21,911.11
409.52,177.78,942.86
657.14,-77.78,1014.29
506.35,-304.76,995.24
363.49,-231.75,1138.10
220.64,-119.05,1198.41
106.35,-144.44,1200.00
-130.16,-157.14,1293.65
-133.33,-144.44,1173.02
-220.64,-173.02,1114.29
-171.43,-95.24,988.89
-173.02,76.19,966.67
-195.24,226.98,885.71
-79.36,282.54,882.54
-44.44,387.30,942.86
-,-,-
-44.44,-300.00,1342.86
-277.78,-130.16,941.27
-246.03,379.36,920.64
-171.43,533.33,987.30
-207.94,657.14,793.65
-26.98,604.76,887.30
57.14,663.49,888.89
177.78,512.70,815.87
204.76,477.78,846.03
257.14,257.14,785.71
433.33,155.56,934.92
426.98,6.35,968.25
482.54,-230.16,998.41
453.97,-249.21,1120.63
228.57,-174.60,1098.41
209.52,-353.97,1371.43
-103.17,-207.94,1246.03
-247.62,-150.79,1276.19
-253.97,-150.79,1073.02
-247.62,4.76,1092.06
-152.38,-17.46,968.25
-201.59,338.10,1071.43
-,-,-
285.71,-144.44,1476.19
80.95,-561.90,938.10
122.22,-661.90,998.41
-207.94,-46.03,1144.44
-423.81,307.94,1198.41
-579.36,561.90,895.24
-460.32,609.52,692.06
-147.62,639.68,863.49
-44.44,587.30,731.75
128.57,587.30,858.73
311.11,539.68,942.86
487.30,284.13,922.22
480.95,31.75,922.22
411.11,-69.84,938.10
336.51,-228.57,1011.11
415.87,-225.40,1090.48
133.33,-207.94,1147.62
155.56,-180.95,1225.40
-50.79,-257.14,1073.02
-142.86,-280.95,1300.00
-228.57,-228.57,1123.81
-296.83,-80.95,1038.10
-231.75,22.22,920.64
-,-,-
234.92,-149.21,1396.83
-76.19,-428.57,1023.81
-98.41,-498.41,1065.08
-195.24,-206.35,1014.29
-276.19,80.95,1063.49
-304.76,365.08,887.30
-276.19,687.30,888.89
-73.02,766.67,917.46
-28.57,760.32,739.68
133.33,693.65,834.92
149.21,642.86,793.65
260.32,415.87,771.43
358.73,287.30,782.54
436.51,76.19,841.27
582.54,-144.44,887.30
460.32,-152.38,1117.46
531.75,-152.38,1269.84
198.41,-174.60,1217.46
203.17,-206.35,1295.24
-23.81,-179.36,1293.65
-93.65,-177.78,1190.48
-179.36,-92.06,1142.86
-231.75,130.16,1101.59
-226.98,123.81,944.44
-233.33,257.14,909.52
-142.86,206.35,860.32
-,-,-
231.75,-298.41,1573.02
-6.35,-885.71,1061.90
-25.40,-609.52,1147.62
-226.98,25.40,1096.83
-226.98,280.95,944.44
-355.56,865.08,790.48
-301.59,971.43,658.73
104.76,842.86,814.29
153.97,807.94,915.87
257.14,563.49,793.65
380.95,361.90,917.46
452.38,307.94,871.43
666.67,-206.35,942.86
580.95,-333.33,934.92
461.90,-249.21,1142.86
353.97,-330.16,1247.62
228.57,-347.62,1266.67
-53.97,-206.35,1276.19
-103.17,-153.97,1217.46
-177.78,-53.97,1125.40
-157.14,98.41,1065.08
-122.22,103.17,960.32
-150.79,328.57,896.83
-101.59,352.38,841.27
-,-,-
379.36,-326.98,1626.98
255.56,-755.56,1244.44
55.56,-460.32,1193.65
-349.21,77.78,911.11
-576.19,560.32,887.30
-533.33,815.87,793.65
-331.75,768.25,655.56
-46.03,807.94,911.11
53.97,865.08,836.51
306.35,606.35,838.10
434.92,382.54,939.68
439.68,136.51,792.06
463.49,-19.05,819.05
492.06,-171.43,944.44
463.49,-357.14,996.83
428.57,-376.19,1171.43
284.13,-325.40,1266.67
177.78,-280.95,1428.57
0.00,-196.83,1442.86
-144.44,-231.75,1239.68
-225.40,122.22,1023.81
-225.40,276.19,911.11
-146.03,261.90,784.13
-,-,-
279.36,-252.38,1446.03
104.76,-485.71,1120.63
176.19,-684.13,1073.02
-125.40,-273.02,1060.32
-409.52,100.00,936.51
-538.10,584.13,946.03
-606.35,892.06,888.89
-298.41,868.25,707.94
184.13,661.90,784.13
301.59,741.27,968.25
407.94,539.68,815.87
580.95,287.30,915.87
541.27,-20.64,709.52
588.89,-168.25,892.06
682.54,-511.11,919.05
463.49,-353.97,1192.06
309.52,-200.00,1344.44
52.38,-352.38,1290.48
25.40,-355.56,1319.05
-100.00,-250.79,1203.17
-220.64,-26.98,1066.67
-230.16,146.03,985.71
-171.43,301.59,860.32
-,-,-
255.56,-249.21,1503.17
73.02,-384.13,1085.71
31.75,-538.10,1019.05
-128.57,-101.59,1147.62
-398.41,363.49,1069.84
-536.51,768.25,896.83
-284.13,895.24,887.30
153.97,768.25,934.92
176.19,766.67,761.90
411.11,512.70,834.92
477.78,361.90,790.48
528.57,147.62,734.92
614.29,-147.62,966.67
455.56,-126.98,1039.68
484.13,-176.19,1252.38
226.98,-150.79,1246.03
200.00,-357.14,1203.17
-6.35,-504.76,1274.60
-177.78,-252.38,1171.43
-174.60,-155.56,1141.27
-253.97,184.13,1087.30
-249.21,352.38,998.41
-174.60,385.71,868.25
-42.86,385.71,946.03
-,-,-
209.52,-173.02,1277.78
284.13,-630.16,1066.67
103.17,-430.16,1349.21
-204.76,-128.57,1239.68
-377.78,160.32,1092.06
-611.11,682.54,920.64
-457.14,692.06,638.10
-200.00,885.71,809.52
73.02,709.52,566.67
638.10,482.54,963.49
638.10,358.73,1022.22
558.73,131.75,841.27
588.89,-150.79,917.46
587.30,-298.41,961.90
504.76,-400.00,1139.68
453.97,-423.81,1139.68
31.75,-277.78,1239.68
-4.76,-455.56,1166.67
-247.62,-276.19,1222.22
-277.78,-128.57,1142.86
-169.84,-77.78,1098.41
-23.81,20.64,1152.38
4.76,176.19,1247.62
47.62,249.21,1019.05
-,-,-
288.89,-404.76,1577.78
-69.84,-512.70,1168.25
-207.94,-250.79,1169.84
-301.59,6.35,1044.44
-539.68,607.94,939.68
-401.59,739.68,766.67
-250.79,787.30,588.89
100.00,863.49,819.05
153.97,809.52,680.95
379.36,553.97,763.49
434.92,328.57,787.30
579.36,122.22,887.30
611.11,-407.94,912.70
536.51,-300.00,1139.68
280.95,-204.76,1319.05
207.94,-476.19,1430.16
-17.46,-249.21,1373.02
-250.79,-180.95,1323.81
-253.97,-1.59,1300.00
-204.76,126.98,1198.41
-149.21,207.94,1017.46
-73.02,428.57,996.83
-,-,-
255.56,-196.83,1401.59
173.02,-663.49,1087.30
-20.64,-385.71,1169.84
-398.41,33.33,1200.00
-511.11,357.14,1095.24
-652.38,793.65,869.84
-507.94,817.46,514.29
-149.21,911.11,590.48
257.14,738.10,760.32
431.75,617.46,938.10
438.10,431.75,858.73
512.70,152.38,922.22
452.38,-120.64,836.51
538.10,-198.41,1114.29
260.32,-258.73,1049.21
330.16,-257.14,1266.67
-26.98,-255.56,1192.06
-76.19,-125.40,1320.63
-225.40,-152.38,1146.03
-277.78,-206.35,1038.10
-376.19,130.16,1144.44
-326.98,79.36,987.30
-96.83,207.94,1068.25
-76.19,207.94,1095.24
-,-,-
353.97,-449.21,1403.17
179.36,-815.87,996.83
-20.64,-377.78,1174.60
-401.59,31.75,1041.27
-603.17,479.36,917.46
-533.33,615.87,684.13
-298.41,717.46,758.73
-126.98,885.71,893.65
-79.36,742.86,682.54
250.79,720.64,866.67
512.70,403.17,766.67
655.56,128.57,788.89
555.56,-20.64,809.52
592.06,-119.05,911.11
409.52,-182.54,1020.64
553.97,-250.79,1203.17
226.98,-204.76,1217.46
84.13,-128.57,1296.83
-73.02,-125.40,1347.62
-128.57,-326.98,1166.67
-276.19,174.60,1292.06
-195.24,46.03,1141.27
-126.98,-47.62,896.83
-,-,-
428.57,-323.81,1498.41
109.52,-555.56,892.06
73.02,-536.51,1173.02
-206.35,-284.13,1203.17
-449.21,58.73,1177.78
-523.81,361.90,1101.59
-431.75,514.29,788.89
-333.33,685.71,761.90
-133.33,911.11,784.13
150.79,858.73,792.06
428.57,557.14,741.27
579.36,209.52,788.89
509.52,98.41,788.89
457.14,-69.84,884.13
409.52,-173.02,1061.90
404.76,-73.02,1268.25
211.11,-250.79,1293.65
57.14,-301.59,1468.25
-123.81,-276.19,1444.44
-207.94,-225.40,1225.40
-320.64,55.56,1119.05
-231.75,101.59,971.43
-326.98,433.33,912.70
-249.21,528.57,893.65
-,-,-
380.95,-104.76,1549.21
1.59,-406.35,1165.08
80.95,-885.71,1074.60
-100.00,-360.32,1239.68
-460.32,258.73,919.05
-688.89,812.70,838.10
-434.92,985.71,819.05
-104.76,836.51,884.13
28.57,746.03,919.05
147.62,580.95,858.73
73.02,488.89,934.92
353.97,298.41,795.24
466.67,85.71,817.46
465.08,49.21,860.32
453.97,-96.83,961.90
507.94,-150.79,1219.05
300.00,-157.14,1165.08
312.70,-482.54,1246.03
-55.56,-25.40,1366.67
-249.21,-104.76,1269.84
-231.75,-201.59,1239.68
-376.19,107.94,1142.86
-258.73,53.97,971.43
-,-,-
236.51,-125.40,1471.43
-74.60,-276.19,971.43
-23.81,-379.36,1093.65
-126.98,-276.19,1149.21
-250.79,-152.38,1047.62
-406.35,300.00,1065.08
-636.51,685.71,860.32
-460.32,795.24,588.89
103.17,795.24,787.30
177.78,687.30,707.94
255.56,633.33,693.65
333.33,480.95,766.67
453.97,223.81,820.64
466.67,98.41,847.62
463.49,100.00,844.44
453.97,-98.41,1014.29
428.57,-3.17,1169.84
333.33,-150.79,1315.87
250.79,-198.41,1404.76
122.22,-353.97,1244.44
-101.59,-104.76,1303.17
-204.76,-52.38,1073.02
-355.56,231.75,1071.43
-382.54,307.94,987.30
-169.84,250.79,917.46
-50.79,426.98,1098.41
-,-,-
377.78,-147.62,1519.05
252.38,-358.73,1200.00
236.51,-607.94,1317.46
23.81,-560.32,1198.41
-307.94,-177.78,1073.02
-480.95,79.36,944.44
-347.62,287.30,944.44
-422.22,612.70,769.84
-246.03,609.52,814.29
-17.46,807.94,990.48
-19.05,765.08,585.71
312.70,531.75,788.89
334.92,436.51,839.68
406.35,233.33,890.48
376.19,6.35,863.49
512.70,-198.41,1069.84
325.40,-282.54,1088.89
123.81,57.14,1273.02
1.59,-230.16,1177.78
-95.24,-387.30,1298.41
-273.02,-303.17,1222.22
-104.76,-352.38,1142.86
-255.56,177.78,1139.68
-279.36,233.33,941.27
-,-,-
353.97,-280.95,1449.21
104.76,-507.94,1165.08
-17.46,-507.94,1023.81
-300.00,-146.03,1150.79
-353.97,31.75,1065.08
-307.94,328.57,1038.10
-303.17,534.92,895.24
-280.95,617.46,838.10
-260.32,742.86,706.35
57.14,560.32,744.44
155.56,536.51,790.48
285.71,331.75,782.54
431.75,250.79,936.51
482.54,-96.83,938.10
455.56,-179.36,887.30
388.89,-168.25,1149.21
260.32,-144.44,1123.81
263.49,-380.95,1423.81
-20.64,-203.17,1352.38
-100.00,-309.52,1246.03
-222.22,-150.79,1142.86
-280.95,122.22,995.24
-222.22,231.75,944.44
-244.44,512.70,895.24
-,-,-
517.46,-376.19,1474.60
223.81,-738.10,1065.08
-47.62,-355.56,1066.67
-477.78,149.21,990.48
-487.30,428.57,1038.10
-609.52,714.29,871.43
-457.14,665.08,715.87
-153.97,684.13,734.92
160.32,665.08,839.68
153.97,612.70,792.06
333.33,538.10,866.67
485.71,230.16,792.06
509.52,74.60,788.89
606.35,-250.79,809.52
377.78,-123.81,1023.81
379.36,-231.75,1165.08
233.33,-103.17,1446.03
155.56,-336.51,1317.46
30.16,-201.59,1450.79
-120.64,-101.59,1241.27
-200.00,1.59,1119.05
-220.64,185.71,1044.44
-,-,-
326.98,-247.62,1395.24
-71.43,-347.62,1139.68
-230.16,-130.16,1049.21
-306.35,238.10,1165.08
-509.52,506.35,909.52
-509.52,738.10,736.51
-257.14,795.24,907.94
-146.03,739.68,758.73
28.57,742.86,858.73
250.79,463.49,763.49
382.54,204.76,795.24
465.08,7.94,833.33
514.29,-74.60,912.70
453.97,-307.94,1095.24
401.59,-223.81,1192.06
98.41,-153.97,1301.59
95.24,-123.81,1504.76
-126.98,-147.62,1393.65
-282.54,-49.21,1201.59
-282.54,-3.17,1015.87
-328.57,204.76,793.65
-401.59,487.30,706.35
-,-,-
126.98,-226.98,1101.59
-19.05,-511.11,934.92
0.00,-404.76,1092.06
-274.60,201.59,1203.17
-325.40,411.11,1273.02
-423.81,634.92,914.29
-301.59,733.33,809.52
-98.41,784.13,661.90
76.19,814.29,682.54
182.54,790.48,584.13
385.71,379.36,739.68
561.90,84.13,795.24
642.86,-279.36,1017.46
563.49,-404.76,1068.25
434.92,-330.16,1276.19
260.32,-323.81,1323.81
71.43,-174.60,1347.62
-153.97,-80.95,1373.02
-149.21,-98.41,1226.98
-226.98,73.02,1114.29
-398.41,201.59,858.73
-404.76,333.33,815.87
-358.73,433.33,738.10
-,-,-
233.33,-401.59,1593.65
-53.97,-555.56,1163.49
-169.84,79.36,1125.40
-550.79,639.68,869.84
-526.98,793.65,688.89
-350.79,785.71,609.52
-195.24,860.32,658.73
255.56,742.86,868.25
590.48,390.48,969.84
565.08,157.14,869.84
557.14,-44.44,1166.67
657.14,-295.24,1012.70
415.87,-130.16,1023.81
377.78,-247.62,1090.48
203.17,-247.62,1123.81
22.22,-123.81,1222.22
-68.25,-426.98,1301.59
-49.21,-246.03,1404.76
-50.79,-222.22,1226.98
-79.36,26.98,1115.87
-276.19,307.94,871.43
-225.40,365.08,693.65
-,-,-
387.30,-201.59,1449.21
49.21,-536.51,1120.63
-198.41,-155.56,1123.81
-426.98,226.98,1063.49
-560.32,609.52,922.22
-426.98,763.49,741.27
-147.62,738.10,847.62
28.57,815.87,887.30
150.79,538.10,685.71
311.11,352.38,861.90
334.92,228.57,868.25
455.56,-69.84,922.22
560.32,-198.41,922.22
460.32,-182.54,960.32
338.10,-355.56,1122.22
126.98,-300.00,1369.84
-100.00,-452.38,1422.22
-276.19,-284.13,1396.83
-180.95,4.76,1296.83
-307.94,204.76,1015.87
-353.97,404.76,811.11
-,-,-
234.92,-280.95,1526.98
-204.76,-196.83,1114.29
-301.59,76.19,1014.29
-631.75,606.35,733.33
-530.16,871.43,712.70
-179.36,841.27,807.94
174.60,793.65,814.29
433.33,509.52,963.49
384.13,406.35,784.13
377.78,122.22,714.29
309.52,155.56,842.86
409.52,-23.81,861.90
407.94,-201.59,1012.70
331.75,-176.19,1177.78
279.36,-176.19,1177.78
282.54,-322.22,1315.87
6.35,-119.05,1196.83
-50.79,-231.75,1268.25
-174.60,-30.16,1190.48
-222.22,22.22,1098.41
-231.75,104.76,968.25
-228.57,185.71,890.48
-131.75,333.33,936.51
-,-,-
357.14,-277.78,1423.81
-42.86,-423.81,1068.25
-177.78,-53.97,1069.84
-347.62,177.78,1068.25
-506.35,460.32,809.52
-306.35,739.68,973.02
-296.83,912.70,760.32
-100.00,868.25,634.92
152.38,741.27,765.08
339.68,514.29,757.14
431.75,234.92,868.25
382.54,73.02,842.86
457.14,-130.16,938.10
365.08,-206.35,944.44
377.78,-303.17,1112.70
174.60,-353.97,1119.05
161.90,-482.54,1393.65
-55.56,-122.22,1571.43
-180.95,-142.86,1428.57
-249.21,153.97,1250.79
-296.83,411.11,1171.43
-,-,-
149.21,-228.57,1477.78
-304.76,-28.57,1017.46
-503.17,463.49,915.87
-485.71,734.92,890.48
-223.81,704.76,809.52
-52.38,792.06,966.67
-1.59,682.54,717.46
312.70,609.52,893.65
358.73,333.33,765.08
507.94,76.19,847.62
452.38,-23.81,914.29
504.76,-428.57,996.83
306.35,-168.25,1115.87
198.41,-207.94,1315.87
206.35,-360.32,1296.83
-42.86,-123.81,1265.08
-131.75,-55.56,1198.41
-157.14,-55.56,1119.05
-307.94,177.78,993.65
-323.81,280.95,812.70
-,-,-
334.92,-246.03,1546.03
104.76,-500.00,1142.86
-207.94,-249.21,1196.83
-428.57,130.16,1201.59
-498.41,350.79,960.32
-428.57,492.06,733.33
-271.43,506.35,611.11
-26.98,790.48,887.30
7.94,711.11,690.48
277.78,588.89,939.68
328.57,407.94,839.68
360.32,204.76,865.08
482.54,149.21,896.83
542.86,-106.35,895.24
512.70,-153.97,1068.25
285.71,26.98,1146.03
201.59,-196.83,1203.17
73.02,-326.98,1277.78
-104.76,-298.41,1346.03
-249.21,-155.56,1193.65
-279.36,3.17,1074.60
-303.17,173.02,1046.03
-,-,-
457.14,-257.14,1620.63
225.40,-715.87,1096.83
-50.79,-346.03,1150.79
-431.75,184.13,1092.06
-428.57,301.59,1063.49
-498.41,615.87,947.62
-401.59,661.90,836.51
-249.21,684.13,714.29
76.19,690.48,812.70
184.13,539.68,717.46
333.33,479.36,758.73
463.49,258.73,941.27
412.70,-80.95,866.67
334.92,-195.24,987.30
177.78,-260.32,961.90
204.76,-304.76,1166.67
125.40,-404.76,1163.49
26.98,-326.98,1341.27
-46.03,-350.79,1293.65
-601.59,-77.78,1292.06
-246.03,-25.40,1114.29
-253.97,261.90,969.84
-304.76,487.30,938.10
-,-,-
276.19,-401.59,1479.37
76.19,-457.14,1117.46
-79.36,-223.81,985.71
-403.17,300.00,1020.64
-506.35,541.27,971.43
-558.73,657.14,912.70
-531.75,641.27,763.49
-206.35,509.52,738.10
0.00,588.89,936.51
47.62,538.10,739.68
253.97,430.16,873.02
200.00,361.90,812.70
284.13,134.92,868.25
433.33,-23.81,792.06
380.95,-220.64,885.71
387.30,-122.22,1019.05
231.75,-77.78,1163.49
209.52,-279.36,1239.68
79.36,-282.54,1296.83
-119.05,-126.98,1377.78
-155.56,-298.41,1203.17
-200.00,25.40,1198.41
-144.44,50.79,1073.02
-53.97,-28.57,892.06
-,-,-
301.59,-225.40,1315.87
79.36,-501.59,1098.41
104.76,-665.08,1061.90
-257.14,-153.97,1046.03
-323.81,-120.64,1088.89
-460.32,460.32,1009.52
-373.02,609.52,939.68
-303.17,636.51,784.13
-119.05,685.71,819.05
73.02,634.92,809.52
249.21,388.89,741.27
311.11,333.33,914.29
403.17,104.76,838.10
539.68,-122.22,941.27
434.92,-250.79,963.49
438.10,-255.56,1093.65
282.54,-271.43,1144.44
206.35,-106.35,1320.63
-74.60,-280.95,1174.60
-103.17,-385.71,1223.81
-,-,-
428.57,-506.35,1504.76
133.33,-633.33,1073.02
-20.64,-180.95,1147.62
-226.98,-53.97,1044.44
-428.57,512.70,1114.29
-526.98,733.33,895.24
-450.79,834.92,719.05
-25.40,861.90,888.89
160.32,538.10,631.75
480.95,326.98,868.25
455.56,201.59,833.33
488.89,30.16,839.68
509.52,-26.98,887.30
484.13,-330.16,769.84
284.13,-22.22,1085.71
300.00,-101.59,1192.06
387.30,-685.71,1368.25
123.81,-230.16,1417.46
-23.81,-349.21,1222.22
-96.83,-120.64,1198.41
-195.24,104.76,1068.25
-179.36,123.81,865.08
-,-,-
314.29,-303.17,1373.02
26.98,-601.59,966.67
-301.59,-331.75,1122.22
-406.35,157.14,1192.06
-374.60,606.35,1022.22
-269.84,890.48,1023.81
22.22,760.32,712.70
301.59,636.51,860.32
203.17,757.14,682.54
252.38,426.98,717.46
206.35,409.52,769.84
388.89,50.79,757.14
377.78,-106.35,838.10
457.14,-182.54,1041.27
407.94,-298.41,1087.30
407.94,-296.83,1195.24
260.32,-177.78,1274.60
106.35,-253.97,1244.44
-20.64,-122.22,1292.06
-157.14,-52.38,1173.02
-276.19,96.83,1093.65
-280.95,260.32,1020.64
-276.19,387.30,895.24
-,-,-
231.75,-247.62,1426.98
-52.38,-257.14,1023.81
-152.38,-28.57,1088.89
-206.35,226.98,1141.27
-430.16,433.33,1065.08
-514.29,631.75,858.73
-258.73,636.51,758.73
53.97,590.48,763.49
174.60,557.14,634.92
452.38,438.10,1012.70
331.75,231.75,758.73
404.76,33.33,888.89
460.32,-41.27,968.25
325.40,-179.36,917.46
411.11,-104.76,1090.48
103.17,-74.60,988.89
6.35,-152.38,1023.81
150.79,-120.64,1352.38
-3.17,-206.35,1350.79
46.03,-357.14,1365.08
-77.78,-103.17,1274.60
-147.62,-125.40,1020.64
-246.03,84.13,822.22
-,-,-
382.54,-401.59,1428.57
73.02,-557.14,846.03
-125.40,-157.14,1095.24
-358.73,158.73,1042.86
-403.17,463.49,1046.03
-500.00,706.35,817.46
-433.33,555.56,617.46
-68.25,1063.49,1146.03
-15.87,711.11,792.06
77.78,604.76,711.11
203.17,585.71,841.27
358.73,9.52,685.71
538.10,30.16,814.29
509.52,-76.19,666.67
565.08,26.98,1044.44
431.75,-130.16,1049.21
401.59,-174.60,1093.65
225.40,-155.56,1165.08
123.81,-204.76,1171.43
6.35,28.57,1471.43
-155.56,-133.33,1317.46
-158.73,-131.75,1146.03
-280.95,182.54,988.89
-,-,-
303.17,-433.33,1369.84
-96.83,-377.78,1039.68
-382.54,84.13,1019.05
-452.38,309.52,1049.21
-458.73,658.73,1112.70
-426.98,668.25,784.13
-226.98,711.11,714.29
77.78,615.87,792.06
157.14,415.87,892.06
388.89,334.92,887.30
534.92,147.62,893.65
453.97,-53.97,817.46
490.48,-122.22,987.30
412.70,-277.78,938.10
488.89,-300.00,1114.29
274.60,-304.76,1290.48
282.54,-503.17,1271.43
122.22,-476.19,1269.84
-231.75,-93.65,1117.46
-401.59,149.21,1036.51
-477.78,434.92,969.84
-298.41,501.59,890.48
-,-,-
204.76,-398.41,1277.78
-44.44,-277.78,1122.22
-257.14,211.11,1200.00
-349.21,379.36,1100.00
-323.81,541.27,1049.21
-246.03,539.68,936.51
-177.78,539.68,858.73
-44.44,630.16,844.44
103.17,538.10,763.49
225.40,426.98,861.90
257.14,261.90,787.30
401.59,-17.46,922.22
401.59,-176.19,985.71
485.71,-352.38,1115.87
277.78,-252.38,1119.05
106.35,-103.17,1201.59
-20.64,-196.83,1195.24
-28.57,-252.38,1192.06
-184.13,-101.59,1201.59
-300.00,47.62,1119.05
-282.54,26.98,1177.78
-280.95,160.32,936.51
-169.84,160.32,869.84
-,-,-
276.19,-303.17,1417.46
101.59,-425.40,1042.86
4.76,-226.98,1096.83
-352.38,211.11,971.43
-511.11,682.54,1174.60
-460.32,660.32,1014.29
-252.38,538.10,766.67
6.35,580.95,987.30
134.92,704.76,887.30
433.33,339.68,919.05
357.14,198.41,790.48
504.76,-157.14,807.94
387.30,-274.60,739.68
509.52,-273.02,1071.43
357.14,-480.95,1000.00
282.54,-230.16,1201.59
7.94,-222.22,1228.57
77.78,-353.97,1225.40
-122.22,-226.98,1342.86
-231.75,-104.76,1098.41
-384.13,185.71,993.65
-322.22,282.54,841.27
-257.14,257.14,714.29
-257.14,460.32,838.10
-,-,-
285.71,-352.38,1526.98
-98.41,-385.71,1071.43
-301.59,-3.17,1195.24
-358.73,173.02,1147.62
-503.17,528.57,969.84
-400.00,533.33,787.30
-277.78,663.49,592.06
-22.22,782.54,668.25
177.78,758.73,836.51
334.92,585.71,912.70
428.57,280.95,860.32
411.11,201.59,947.62
457.14,-104.76,865.08
509.52,-282.54,912.70
280.95,-171.43,934.92
388.89,-350.79,1147.62
184.13,-307.94,1239.68
76.19,-228.57,1252.38
-120.64,-173.02,1276.19
-255.56,-120.64,1219.05
-422.22,9.52,1096.83
-274.60,101.59,949.21
-328.57,250.79,809.52
-200.00,334.92,836.51
-,-,-
280.95,-461.90,1474.60
-50.79,-552.38,1098.41
-157.14,-125.40,1249.21
-460.32,406.35,1195.24
-536.51,665.08,990.48
-501.59,834.92,733.33
-126.98,582.54,668.25
55.56,642.86,865.08
147.62,566.67,733.33
334.92,487.30,846.03
385.71,309.52,788.89
479.36,-19.05,834.92
465.08,26.98,792.06
587.30,-250.79,807.94
455.56,-200.00,1269.84
331.75,-303.17,1201.59
100.00,-279.36,1339.68
101.59,-400.00,1346.03
-3.17,-96.83,1276.19
-204.76,-17.46,1101.59
-179.36,196.83,1074.60
-303.17,250.79,882.54
-,-,-
353.97,-222.22,1452.38
-1.59,-503.17,987.30
-20.64,-404.76,1088.89
-257.14,79.36,1123.81
-355.56,465.08,1142.86
-634.92,714.29,890.48
-533.33,812.70,687.30
-328.57,865.08,611.11
98.41,709.52,787.30
153.97,641.27,763.49
333.33,387.30,833.33
334.92,253.97,868.25
384.13,30.16,860.32
465.08,-201.59,969.84
461.90,-323.81,971.43
250.79,-206.35,1020.64
134.92,-253.97,1149.21
-23.81,-247.62,1319.05
-168.25,-384.13,1268.25
-255.56,-207.94,1266.67
-279.36,-100.00,1114.29
-231.75,30.16,946.03
-,-,-
331.75,-452.38,1398.41
-23.81,-422.22,1012.70
-171.43,-153.97,1098.41
-182.54,149.21,1201.59
-198.41,426.98,1220.63
-282.54,655.56,968.25
-228.57,685.71,768.25
52.38,611.11,887.30
107.94,563.49,869.84
184.13,455.56,742.86
377.78,185.71,822.22
390.48,209.52,888.89
480.95,-230.16,839.68
387.30,-301.59,860.32
365.08,-307.94,1073.02
311.11,-452.38,1165.08
207.94,-406.35,1326.98
-20.64,-430.16,1192.06
6.35,-531.75,1226.98
-155.56,-146.03,1239.68
-253.97,157.14,1168.25
-196.83,255.56,992.06
-,-,-
255.56,-360.32,1353.97
-1.59,-511.11,993.65
-22.22,-349.21,1065.08
-233.33,100.00,1141.27
-376.19,338.10,1023.81
-433.33,617.46,992.06
-455.56,644.44,615.87
-146.03,785.71,844.44
203.17,707.94,1000.00
287.30,563.49,869.84
531.75,260.32,1066.67
428.57,82.54,817.46
490.48,-123.81,882.54
428.57,-203.17,869.84
407.94,-357.14,896.83
252.38,-303.17,969.84
179.36,-147.62,1123.81
96.83,-349.21,1269.84
0.00,-307.94,1246.03
-150.79,-177.78,1250.79
-101.59,-276.19,1125.40
-169.84,-19.05,1041.27
-220.64,149.21,917.46
-,-,-
236.51,-119.05,1379.37
-3.17,-434.92,960.32
-44.44,-384.13,1063.49
-404.76,-1.59,1112.70
-561.90,303.17,1087.30
-377.78,533.33,1252.38
-169.84,542.86,993.65
185.71,504.76,1020.64
180.95,742.86,1017.46
149.21,585.71,687.30
384.13,253.97,693.65
455.56,-28.57,788.89
484.13,-331.75,844.44
430.16,-280.95,896.83
355.56,-403.17,1015.87
338.10,-273.02,1222.22
128.57,-373.02,1250.79
57.14,-333.33,1468.25
-249.21,-384.13,1163.49
-279.36,-146.03,1147.62
-380.95,79.36,922.22
-,-,-
277.78,-306.35,1474.60
282.54,-353.97,1088.89
-298.41,-26.98,1147.62
-347.62,225.40,1076.19
-503.17,636.51,936.51
-358.73,709.52,788.89
-96.83,714.29,841.27
152.38,684.13,988.89
177.78,631.75,814.29
384.13,333.33,844.44
365.08,301.59,861.90
461.90,77.78,858.73
536.51,-195.24,838.10
506.35,-304.76,885.71
385.71,-282.54,1066.67
252.38,-120.64,1203.17
106.35,-230.16,1317.46
-1.59,-273.02,1303.17
-123.81,-77.78,1196.83
-231.75,-26.98,1125.40
-223.81,-4.76,1015.87
-296.83,136.51,998.41
-147.62,-30.16,792.06
-,-,-
20.64,50.79,1046.03
-79.36,-311.11,946.03
-49.21,-400.00,1125.40
-150.79,-225.40,1141.27
-320.64,47.62,1049.21
-384.13,482.54,1065.08
-512.70,715.87,809.52
-228.57,684.13,709.52
33.33,757.14,966.67
134.92,614.29,714.29
482.54,326.98,922.22
414.29,212.70,971.43
507.94,-44.44,919.05
557.14,-304.76,987.30
334.92,-228.57,888.89
106.35,-176.19,995.24
226.98,-374.60,1249.21
-46.03,-376.19,1295.24
-101.59,-173.02,1273.02
-203.17,0.00,1198.41
-206.35,79.36,1114.29
-131.75,33.33,941.27
-280.95,330.16,915.87
-146.03,287.30,814.29
-,-,-
79.36,-273.02,1250.79
-25.40,-658.73,1090.48
-79.36,-301.59,1096.83
-304.76,284.13,1150.79
-504.76,731.75,963.49
-425.40,769.84,812.70
-120.64,617.46,817.46
22.22,634.92,893.65
47.62,555.56,707.94
252.38,511.11,987.30
125.40,350.79,793.65
333.33,96.83,869.84
377.78,50.79,920.64
325.40,-171.43,860.32
460.32,-373.02,947.62
174.60,-74.60,1020.64
122.22,-169.84,1066.67
-41.27,-179.36,1166.67
-44.44,-257.14,1317.46
-325.40,-23.81,1395.24
-300.00,-152.38,1144.44
-,-,-
179.36,-269.84,1374.60
-1.59,-401.59,1247.62
-155.56,-244.44,1096.83
-274.60,107.94,1241.27
-373.02,336.51,1123.81
-538.10,668.25,871.43
-301.59,709.52,844.44
-23.81,660.32,919.05
3.17,660.32,761.90
234.92,404.76,733.33
482.54,306.35,915.87
557.14,-26.98,788.89
658.73,-155.56,844.44
331.75,-255.56,769.84
466.67,-300.00,1020.64
233.33,-247.62,1073.02
203.17,-385.71,1252.38
3.17,-398.41,1242.86
-98.41,-298.41,1330.16
-195.24,-203.17,1292.06
-104.76,-95.24,1166.67
-206.35,158.73,1022.22
23.81,226.98,869.84
-,-,-
277.78,-301.59,1473.02
0.00,-380.95,1015.87
-128.57,-147.62,1115.87
-277.78,106.35,1147.62
-280.95,282.54,1147.62
-434.92,488.89,893.65
-347.62,644.44,790.48
23.81,453.97,769.84
158.73,822.22,1022.22
282.54,482.54,688.89
388.89,360.32,922.22
282.54,261.90,765.08
330.16,77.78,842.86
355.56,-50.79,884.13
309.52,-155.56,861.90
385.71,-276.19,1119.05
233.33,-258.73,1141.27
152.38,-226.98,1226.98
1.59,-273.02,1292.06
-26.98,-358.73,1203.17
-201.59,-79.36,1215.87
-304.76,82.54,1114.29
-398.41,328.57,990.48
-255.56,403.17,815.87
