-,-,-
 2.0,109.9,954.7
31.7,108.0,949.8
73.4,93.3,965.5
77.3,79.7,962.4
95.5,52.5,968.9
113.7,26.4,991.9
92.1,19.3,992.8
100.0,-11.3,970.8
123.3,-26.2,970.0
125.5,-32.5,989.0
142.3,-57.6,991.9
143.9,-64.6,984.6
118.8,-59.5,970.7
112.0,-54.0,991.1
101.8,-45.5,1024.8
67.3,-28.0,1023.7
81.8,-47.6,1003.2
71.2,-66.6,990.3
20.0,-61.0,967.2
-9.3,-71.7,959.4
-48.0,-74.1,958.8
-87.4,-68.2,967.2
-114.7,-67.0,955.3
-164.2,-56.5,932.3
-186.5,-51.2,924.1
-167.9,-49.9,905.3
-181.7,-29.8,925.8
-169.3,-19.1,976.2
-151.2,-11.3,961.2
-159.0, 7.5,923.9
-182.2,34.1,919.2
-182.6,60.7,892.8
-176.4,101.6,908.3
-141.1,122.4,938.1
-98.4,137.8,954.7
-83.2,166.5,994.8
-43.3,139.9,963.4
-9.3,124.9,958.7
 2.0,128.6,954.5
63.7,88.0,918.5
75.3,92.7,933.7
61.2,115.1,895.9
93.2,113.5,910.4
127.1,110.2,968.7
176.8,93.1,944.2
190.1,93.3,973.2
205.7,72.7,967.6
199.0,54.8,971.7
183.0,41.2,1006.4
159.0,32.0,1000.7
121.3,32.2,993.7
141.9,-2.2,984.7
150.7,-32.6,982.5
120.6,-38.6,973.1
122.6,-66.1,958.1
-,-,-
91.6,141.4,938.3
121.8,99.9,936.7
113.9,75.9,950.8
145.8,40.0,973.8
179.9,-0.6,982.0
166.0,-10.9,978.8
183.4,-21.7,961.6
170.3,-20.9,963.5
134.8,-5.6,966.2
169.2,-19.8,970.1
167.0,-23.2,976.2
133.5,-6.8,975.5
161.5,-12.1,998.7
161.3,-14.1,1022.6
130.2,-6.7,1021.2
130.6,-30.8,1014.6
107.5,-55.9,995.7
70.9,-68.9,978.2
46.1,-75.0,975.3
-6.1,-67.6,996.6
-34.6,-75.5,979.0
-79.1,-71.6,952.5
-121.8,-59.3,947.4
-140.0,-45.6,907.5
-174.5,-16.1,897.8
-175.3, 0.9,945.5
-150.7,10.7,962.6
-155.8,29.9,944.2
-166.6,43.5,927.8
-192.0,56.3,897.2
-166.2,63.3,886.7
-106.4,72.5,888.4
-95.4,106.2,913.5
-61.3,121.7,944.8
-35.8,149.7,976.7
-32.8,179.7,1018.9
-16.8,167.3,1022.0
-31.3,166.4,1016.1
-0.6,134.4,958.0
 7.5,126.4,918.5
 3.9,153.7,932.7
93.7,116.5,913.4
98.9,119.8,914.6
83.0,141.0,944.5
116.1,124.1,950.4
100.6,128.5,979.0
186.9,64.8,989.6
215.4,22.5,987.0
176.3,25.8,988.3
196.6,-6.0,988.5
171.7,-15.5,981.8
147.7,-35.3,988.5
-,-,-
58.6,176.1,959.4
90.3,140.3,959.3
148.0,89.8,951.9
147.1,65.2,944.5
152.9,39.8,940.3
208.5,-12.3,940.7
200.2,-33.0,953.4
194.0,-27.8,962.5
200.9,-16.2,978.3
183.0,-2.8,993.3
222.2,-17.1,1009.2
222.7,-26.4,1035.8
185.9,-16.8,1035.6
203.9,-54.9,1023.1
161.6,-68.4,1020.5
100.7,-70.1,991.1
63.8,-124.4,966.5
 8.0,-161.2,926.2
-44.4,-162.9,917.3
-98.0,-146.6,941.3
-149.4,-121.2,916.2
-200.9,-80.5,939.9
-225.6,-64.3,939.6
-229.1,-35.0,904.9
-214.3, 7.3,939.8
-210.6,48.1,933.6
-221.5,92.4,886.0
-214.9,111.7,911.4
-181.7,129.9,906.5
-147.9,163.9,917.9
-76.2,155.1,955.9
-52.2,169.9,968.6
-45.7,202.7,984.1
30.4,181.3,978.1
15.5,190.9,964.8
30.0,199.9,937.0
94.2,190.6,939.8
80.8,213.5,959.4
121.6,189.3,955.9
163.4,152.4,962.2
175.6,140.6,965.3
213.1,107.8,967.0
188.8,96.4,974.3
164.0,86.3,969.9
146.0,63.0,960.5
125.5,54.5,954.3
107.8,50.6,955.0
111.5,38.6,957.6
136.4,18.7,956.1
116.4, 9.4,930.2
97.3, 3.0,943.1
97.6,-1.3,971.0
80.6,-15.7,964.6
-,-,-
33.1,174.1,965.3
57.6,142.3,952.1
71.8,109.3,947.1
96.5,77.0,936.0
147.6,41.5,946.7
135.9,38.4,952.1
131.8,37.1,956.2
173.0,14.6,970.3
145.4,22.4,982.8
121.7,19.5,969.3
167.4, 2.8,970.6
185.4,-5.6,999.0
206.2,-22.5,1023.0
207.8,-33.6,1027.7
171.8,-47.9,978.4
138.4,-50.1,977.7
99.5,-60.3,1004.4
50.5,-84.9,959.7
-1.3,-101.3,955.2
-49.0,-118.1,954.8
-93.5,-110.8,913.2
-132.1,-86.6,918.2
-158.4,-55.2,933.5
-186.0,-4.1,953.6
-179.6,27.9,979.8
-177.1,56.1,968.9
-179.6,76.7,979.0
-158.9,70.9,955.8
-145.8,71.1,933.9
-108.3,75.7,951.5
-93.8,92.9,945.4
-72.5,103.0,962.0
-57.3,105.2,991.9
-60.5,101.3,963.6
-79.7,117.8,970.9
-56.8,112.1,975.7
-37.5,116.2,954.3
-40.2,151.0,947.3
-37.4,174.9,920.2
-10.7,167.0,934.6
75.9,113.6,961.0
109.4,78.0,948.4
141.4,44.2,955.8
164.0,25.3,985.0
168.1,20.7,990.9
168.4, 4.3,954.2
114.0,14.2,936.7
74.3,20.2,963.1
101.4,-11.3,968.1
113.1,-28.8,966.4
119.3,-49.8,966.0
138.5,-84.8,954.8
138.1,-112.4,962.7
-,-,-
14.7,159.1,949.5
51.5,134.0,950.4
85.8,96.1,945.8
134.1,31.5,910.8
152.1, 1.3,905.3
155.3,10.9,953.3
162.4,30.7,988.5
153.5,40.4,993.9
150.2,50.0,1003.5
208.1,32.6,1001.7
231.8,29.8,981.6
190.2,56.4,988.7
186.3,53.3,1025.7
193.0,21.6,1021.3
156.8,-8.6,995.0
133.1,-39.4,976.3
145.7,-90.5,978.6
122.6,-112.0,979.7
58.0,-106.2,991.3
33.0,-139.0,993.1
-13.1,-154.0,931.7
-60.2,-137.7,893.7
-75.6,-106.0,930.1
-132.5,-47.1,958.7
-157.5,-22.4,967.1
-168.5,17.1,968.2
-209.8,57.4,952.3
-161.4,33.6,904.0
-145.6,47.2,899.7
-168.1,83.5,929.7
-115.2,88.8,948.2
-146.3,133.1,954.5
-130.5,145.8,959.2
-40.5,107.2,991.6
-66.6,119.1,1009.8
-80.3,134.2,970.3
-74.0,151.4,939.5
-68.0,169.9,932.9
 1.3,153.4,902.8
 0.5,171.5,912.3
45.4,161.6,927.3
54.3,172.5,958.7
77.5,180.3,991.8
169.6,130.0,945.3
163.1,123.9,936.6
224.6,81.7,944.4
237.9,44.7,958.9
212.4,40.0,989.8
216.9,20.6,988.7
191.5,11.6,966.1
173.4, 6.0,980.7
169.0,-8.6,991.5
180.6,-35.5,968.2
148.5,-53.0,946.8
102.8,-78.1,956.0
-,-,-
61.8,165.2,964.6
80.5,136.5,958.3
86.6,101.2,965.5
98.2,73.8,958.8
126.0,44.7,951.6
155.2,13.7,923.4
143.3, 5.8,930.9
143.3, 5.7,971.7
166.5,-3.1,971.3
155.2,-0.3,972.4
187.0,-5.9,988.6
227.1,-23.7,995.3
199.5,-5.7,1006.7
198.1,-17.4,1003.5
207.4,-43.1,1008.9
166.1,-38.7,1040.9
157.5,-85.5,1036.1
161.5,-130.3,972.7
116.4,-150.3,891.0
57.3,-171.0,863.9
-14.6,-164.9,900.2
-67.4,-161.3,940.9
-109.0,-169.1,950.7
-166.6,-167.5,930.1
-173.2,-168.6,931.4
-215.8,-133.8,932.7
-272.5,-67.1,929.5
-239.8,-40.1,920.2
-250.6,21.8,923.6
-254.5,45.4,965.0
-196.3,-1.4,930.3
-161.4,-0.4,917.4
-161.4,19.3,949.3
-112.5,22.3,899.9
-96.7,52.1,933.6
-72.0,73.3,933.6
-20.1,93.2,901.6
-29.4,141.5,975.7
 2.7,157.9,976.5
29.6,170.4,954.0
-2.2,216.8,979.7
36.3,230.5,965.6
90.0,228.3,937.0
119.0,240.4,939.8
140.2,253.1,977.5
179.2,234.9,985.9
191.8,199.6,938.6
129.8,190.3,939.4
139.7,159.2,940.8
143.1,127.5,948.2
121.8,105.0,956.7
130.2,69.5,955.5
124.8,41.0,963.6
116.2,20.0,969.5
153.8,-36.2,968.6
-,-,-
26.7,252.5,958.5
79.9,216.1,961.4
100.2,173.2,943.3
97.7,143.4,953.3
123.0,93.8,979.6
148.7,41.0,967.6
135.9,13.0,923.6
172.6,-37.6,918.9
185.7,-60.3,946.2
156.7,-41.5,951.0
164.2,-28.6,977.4
156.9,-18.9,1019.7
165.1,-19.7,1031.2
178.7,-40.4,1003.8
142.6,-47.4,959.8
113.0,-57.5,955.8
103.1,-99.3,971.6
56.7,-127.4,965.0
11.8,-149.2,942.9
-5.3,-171.4,956.3
-59.9,-162.0,969.5
-113.0,-125.3,969.7
-144.6,-83.2,970.1
-190.7,-30.9,976.7
-173.8,-6.3,984.5
-152.3, 2.0,965.8
-164.1,41.9,977.4
-151.0,68.9,958.3
-121.6,75.9,893.4
-116.3,83.9,940.9
-70.9,78.5,960.5
-43.6,97.8,954.7
-27.7,101.7,977.1
-14.6,104.6,979.2
-20.5,125.3,968.3
 2.8,128.7,959.3
 9.5,140.3,960.9
17.3,159.3,959.4
37.8,170.3,950.0
48.7,183.3,957.1
100.5,170.1,948.4
140.8,150.9,933.1
135.3,152.1,938.4
171.8,130.7,958.1
182.3,106.5,986.1
162.7,84.3,981.4
162.2,56.1,963.3
121.6,57.6,966.0
109.5,54.3,975.6
140.4,27.6,963.3
118.4,21.5,963.6
114.9, 4.2,968.4
135.7,-25.5,970.2
123.6,-51.9,973.5
135.3,-95.5,967.2
-,-,-
46.4,202.5,946.2
77.3,169.3,943.2
107.8,125.2,944.1
130.5,99.8,950.1
162.8,86.0,944.9
156.1,88.7,940.3
142.2,81.4,949.0
152.2,58.8,949.8
162.4,35.5,956.9
174.3,19.5,980.3
193.0,13.5,996.9
205.6, 1.3,993.5
206.4, 7.4,1008.2
206.0,12.8,1019.7
155.9,21.0,999.5
119.8,14.5,990.4
125.1,-27.0,982.3
86.9,-49.4,988.3
32.7,-86.2,993.8
-13.5,-142.5,954.3
-96.8,-170.7,897.4
-169.2,-184.7,910.2
-195.2,-178.2,908.9
-226.5,-136.5,901.8
-228.7,-105.5,941.5
-205.4,-107.6,922.6
-177.8,-72.3,923.0
-172.8, 7.3,982.8
-187.4,62.6,954.0
-165.2,69.7,934.8
-148.7,83.4,965.2
-154.0,113.8,926.3
-138.9,118.8,932.4
-114.2,120.3,973.6
-110.1,146.9,933.8
-81.0,144.2,954.6
24.8,105.8,934.6
20.6,135.2,956.8
42.9,146.1,967.6
54.0,170.6,948.5
42.6,225.8,990.5
104.7,210.4,959.7
153.4,167.8,957.8
187.4,106.0,947.9
132.6,109.3,945.2
154.8,98.0,975.3
159.3,72.7,965.8
116.9,80.8,967.7
131.1,63.9,977.4
124.4,53.0,972.4
108.1,42.0,974.7
47.0,37.8,960.5
16.6,19.5,960.5
42.4,-15.9,951.6
-,-,-
54.0,183.9,964.5
74.3,152.8,962.2
78.7,132.0,948.1
103.7,96.7,964.0
141.1,55.0,980.9
124.1,46.9,960.3
151.7,36.0,946.2
170.5,21.5,936.3
126.0,30.4,943.3
146.5,14.2,955.7
197.1,-3.1,969.8
187.2, 8.9,989.1
172.6, 1.5,989.8
176.5,-30.0,989.8
171.3,-77.0,969.8
168.1,-121.1,964.6
164.4,-156.9,1004.2
121.3,-175.8,1018.0
48.2,-156.2,1029.5
-24.1,-135.9,1032.0
-84.3,-134.3,938.3
-165.7,-129.9,842.0
-234.7,-109.2,853.6
-229.1,-42.4,940.3
-191.3,18.5,993.6
-139.8,33.0,959.1
-141.6,84.7,977.8
-133.5,118.4,984.9
-77.8,97.7,945.0
-79.8,98.9,978.1
-72.2,90.9,924.8
-40.0,68.4,914.4
-31.0,72.5,979.1
-24.9,101.2,977.9
 2.8,121.4,974.0
 8.5,173.5,1004.8
23.3,201.2,991.4
39.0,202.2,943.9
39.7,214.1,913.7
56.4,218.4,927.4
82.1,216.3,943.7
106.2,194.8,952.6
128.6,172.1,981.7
190.7,120.9,980.0
172.4,88.1,958.6
126.6,88.8,970.7
126.3,67.0,950.4
92.4,62.9,939.3
105.1,55.2,970.9
137.8,33.2,977.1
132.5,12.5,951.7
125.4,-10.9,943.0
115.8,-29.7,961.9
111.2,-60.8,962.6
142.4,-126.1,951.3
-,-,-
136.1,171.2,979.0
148.9,139.7,952.7
159.3,104.2,943.1
193.2,58.6,953.5
178.6,27.6,951.0
181.0, 9.6,962.3
219.8,-26.3,970.5
208.5,-43.6,953.3
190.9,-29.2,961.4
198.4,-41.8,950.1
177.2,-38.8,936.0
204.9,-44.0,968.0
246.3,-55.2,987.3
210.9,-40.6,979.9
188.4,-47.2,969.5
201.3,-72.8,999.9
187.7,-99.3,999.9
154.0,-134.4,934.5
111.6,-162.5,907.1
55.8,-180.4,942.9
-4.2,-166.8,969.0
-55.5,-134.7,975.1
-92.1,-92.9,976.3
-118.6,-41.5,994.9
-113.0,-28.9,1017.0
-92.0,-14.9,1007.9
-116.0,20.1,1004.3
-80.3,-1.4,967.9
-45.2,-9.0,953.0
-61.2,33.4,931.7
-75.0,89.2,927.3
-48.4,118.3,963.4
-29.5,141.0,997.2
 0.7,151.3,993.9
27.2,150.3,953.7
14.6,189.6,956.3
75.7,187.7,959.7
141.7,166.4,937.5
136.3,173.3,935.2
151.7,161.1,935.1
150.8,173.6,968.7
215.8,157.5,978.0
271.2,110.4,960.1
258.2,89.6,948.0
262.8,57.0,952.2
246.1,23.5,954.5
221.9, 6.8,957.9
204.7,-15.7,950.7
170.1,-27.4,953.9
159.8,-62.0,945.6
-,-,-
201.1,78.4,947.2
229.9,31.0,945.8
235.0, 7.2,947.3
223.7,-0.8,952.0
223.7,-6.7,945.6
228.2,-19.2,930.2
194.9,-10.7,945.8
196.5,-11.7,953.0
242.9,-51.5,942.3
234.6,-60.4,957.8
256.8,-61.9,977.5
280.2,-64.3,993.4
234.7,-50.8,993.8
207.3,-87.9,976.6
189.8,-145.1,947.0
150.7,-176.3,956.8
90.7,-197.5,994.3
15.6,-205.7,969.7
-53.1,-175.0,963.0
-103.8,-129.8,964.1
-137.7,-79.3,927.6
-163.2,-21.4,971.1
-165.2, 7.6,965.2
-204.4,74.9,941.4
-179.7,108.8,971.7
-125.9,115.2,954.5
-98.0,144.4,955.2
-44.0,163.7,984.1
-8.3,192.9,1020.9
 6.8,189.7,1013.7
16.3,182.9,989.2
64.2,163.5,951.0
104.0,157.7,904.5
138.6,180.5,958.1
201.2,167.5,948.3
188.9,176.0,952.7
245.4,148.6,964.5
267.3,101.2,926.3
217.3,97.6,961.3
184.5,96.4,959.2
125.9,96.5,938.8
130.9,71.8,950.9
132.7,59.7,954.8
136.8,28.5,965.9
170.1,-27.2,958.7
-,-,-
143.4,181.4,957.5
152.5,165.8,940.3
168.0,140.4,953.8
179.9,114.0,948.1
194.1,79.9,933.4
227.4,43.4,924.7
239.1,15.1,944.2
248.4,-19.8,933.1
266.3,-33.4,946.6
266.6,-40.0,978.6
273.3,-49.0,974.6
295.3,-53.4,1011.5
290.8,-62.5,1020.8
271.0,-85.4,992.0
233.3,-137.9,967.7
171.5,-145.9,966.4
98.6,-127.8,1007.0
38.8,-138.7,1000.1
-28.6,-133.5,989.0
-87.3,-120.9,994.8
-128.0,-123.9,945.0
-154.4,-118.9,890.0
-118.6,-90.1,897.0
-123.8,-7.7,933.4
-164.3,86.5,952.4
-103.7,106.9,940.9
-62.2,149.2,967.3
-97.4,212.6,989.4
-100.2,236.8,1021.8
-53.2,218.4,993.2
-53.7,210.7,916.2
-37.4,210.8,929.0
38.6,195.3,924.4
55.6,232.7,919.2
102.0,242.5,922.3
161.2,208.1,882.4
171.8,228.9,892.6
217.2,256.8,971.5
249.7,252.8,996.6
282.5,205.8,981.7
284.8,145.8,942.8
247.7,100.2,928.4
243.1,40.4,941.7
214.3,-12.9,947.4
207.0,-78.4,976.2
-,-,-
96.9,169.0,959.8
96.8,160.9,915.6
125.5,159.3,935.9
150.2,139.6,940.3
196.3,97.4,933.1
198.5,83.7,939.7
177.5,85.6,929.0
178.7,70.6,921.5
204.3,54.8,957.7
223.9,34.7,974.9
228.6, 4.3,954.0
260.9,-30.4,964.3
285.4,-41.1,986.9
250.9,-7.2,1004.7
213.3,-3.7,1007.8
200.5,-27.6,1026.7
188.5,-55.9,1027.9
169.8,-101.7,968.6
99.7,-154.0,953.0
33.8,-206.0,941.7
-19.8,-207.3,938.1
-94.9,-159.9,979.9
-150.8,-112.9,970.3
-187.6,-76.6,940.0
-155.2,-58.8,897.2
-128.3,-29.2,960.0
-102.5,31.0,1043.6
-64.3,57.4,1021.7
-69.7,66.7,1023.7
-74.6,100.1,1000.7
-76.0,140.2,967.8
-61.3,155.1,985.0
-13.3,151.1,960.1
-46.0,202.0,946.0
21.2,212.4,920.0
62.5,237.4,881.6
63.3,287.8,911.8
161.3,271.6,927.2
185.2,269.3,928.6
218.9,244.9,964.2
249.2,193.9,978.2
205.3,152.1,976.9
197.3,91.2,972.2
157.8,55.9,956.2
153.5, 6.0,968.1
192.4,-61.6,981.4
193.9,-117.1,973.1
-,-,-
107.3,197.1,964.3
132.9,168.7,939.1
144.4,133.7,941.9
171.7,86.3,934.5
190.2,51.1,935.4
215.9,25.6,957.5
279.5,-3.6,957.5
285.3,-21.4,942.2
239.5,-23.3,950.2
255.3,-41.1,996.4
284.0,-76.6,1017.9
258.8,-120.9,1005.9
224.9,-161.7,983.1
190.1,-180.7,966.5
145.7,-205.8,994.7
50.2,-215.9,1006.9
-70.3,-200.0,970.2
-138.6,-178.4,979.1
-154.4,-148.2,958.9
-172.3,-91.2,898.1
-203.6,-4.5,957.5
-185.7,64.0,1036.0
-175.7,105.5,1079.9
-163.2,61.5,1005.7
-129.9,15.8,874.9
-106.1,51.0,857.5
-104.5,94.5,884.6
-86.3,126.6,933.8
-38.0,144.1,937.6
-25.8,192.8,981.5
45.0,208.2,1026.6
91.7,213.4,986.9
82.6,267.2,970.7
150.1,252.6,910.3
159.9,249.9,905.2
173.4,227.7,969.7
244.7,142.4,948.7
174.7,124.0,958.4
144.7,93.6,959.1
158.7,43.3,950.9
148.5, 9.1,948.1
162.6,-18.7,959.1
163.5,-49.6,982.5
156.3,-99.7,964.7
-,-,-
80.8,164.4,953.8
126.9,133.1,936.6
146.3,107.1,951.3
187.5,62.5,966.2
219.9, 4.6,945.9
240.7,-42.6,936.0
244.0,-67.0,927.6
216.7,-49.4,968.6
216.8,-54.8,994.9
234.2,-87.1,966.9
260.4,-105.4,1015.1
263.3,-121.6,1037.7
188.4,-110.7,997.5
146.7,-124.3,1021.0
135.2,-172.6,1016.5
36.3,-167.3,990.5
-41.0,-175.2,1012.7
-97.6,-178.0,941.5
-230.4,-97.3,876.0
-222.9,-77.6,869.1
-166.3,-79.2,826.9
-167.8,-17.6,904.5
-110.3,22.9,1005.8
-104.9,66.5,1014.7
-84.0,70.8,1041.9
-58.2,79.3,1047.7
-62.9,100.0,1032.2
-46.3,95.9,1040.5
-48.6,107.2,1014.3
-66.8,143.9,972.8
-108.6,205.6,966.6
-53.0,225.7,936.6
11.2,245.6,921.7
87.4,249.6,906.1
175.7,218.9,881.9
189.3,221.3,923.2
255.3,167.7,945.2
239.3,116.7,946.1
208.9,80.0,970.4
225.4, 8.4,959.2
172.0,-17.2,976.9
174.9,-44.1,983.6
189.2,-93.1,954.4
180.9,-140.8,969.8
-,-,-
157.8,205.6,948.1
189.8,141.4,935.5
217.1,78.3,955.0
250.6,27.8,982.5
241.3, 7.3,964.7
240.0,-3.4,958.0
224.5,-12.5,946.7
210.3,-15.7,942.1
229.3,-30.3,974.5
230.5,-51.5,968.9
244.5,-68.8,985.1
240.0,-122.0,997.8
186.4,-163.0,972.9
152.1,-190.9,1009.3
120.7,-240.3,1013.0
38.0,-266.8,962.9
-57.2,-243.9,934.9
-151.6,-186.5,906.5
-202.5,-123.0,911.5
-176.2,-76.4,958.2
-206.7,-14.9,963.7
-216.5,40.7,997.8
-140.8,32.0,1003.3
-121.7,37.0,943.0
-113.3,90.2,922.2
-91.9,140.7,966.7
-48.7,154.7,1006.6
-12.5,157.5,1005.0
-11.7,182.3,996.7
44.5,184.4,989.2
19.8,232.0,944.4
38.2,268.6,940.8
126.2,243.1,932.9
139.0,225.6,942.1
185.6,186.4,975.5
202.2,155.9,989.6
207.1,104.0,967.3
206.7,44.4,936.9
184.7,-6.6,949.7
180.4,-55.4,956.6
134.1,-92.8,975.4
137.3,-163.4,988.3
-,-,-
221.6,62.8,950.5
267.8,-6.7,940.3
272.7,-44.8,948.9
241.4,-68.2,929.8
222.1,-67.0,951.0
215.6,-85.9,986.9
173.3,-84.4,992.6
198.8,-98.5,1031.7
208.4,-138.3,1006.9
157.7,-125.1,952.7
158.3,-111.2,1005.8
146.9,-144.1,992.4
93.7,-173.3,966.2
41.2,-189.5,1010.2
-50.2,-174.5,965.8
-164.8,-107.2,946.1
-207.6,-57.3,972.9
-218.8,-14.6,926.4
-220.9,29.0,927.3
-176.4,37.2,928.9
-137.9,54.3,943.8
-114.6,85.5,977.5
-70.9,130.2,976.7
-68.7,173.5,1012.0
-97.7,199.4,999.6
-81.4,218.5,983.7
-21.4,219.0,966.3
-1.2,244.6,904.7
17.3,273.1,923.1
96.6,264.4,935.4
133.8,268.0,944.3
185.7,243.9,1006.0
240.5,165.8,970.0
176.3,141.0,928.0
145.2,115.5,955.7
148.2,61.6,954.6
108.0,35.1,966.5
121.3,-19.5,963.6
118.9,-78.4,952.5
154.1,-169.7,937.4
-,-,-
30.2,266.3,905.4
135.7,202.6,929.8
194.5,134.1,960.5
217.6,72.7,950.6
249.1,15.6,963.5
277.1,-24.3,982.9
314.8,-60.7,958.7
310.8,-76.3,941.2
226.7,-61.8,940.3
215.6,-51.2,1004.6
245.3,-88.2,1055.5
202.7,-125.2,991.1
152.9,-125.8,1006.7
100.3,-125.8,1059.4
53.8,-161.1,989.3
-8.7,-185.1,938.0
-76.4,-164.5,937.9
-139.9,-108.1,944.0
-194.9,-39.3,977.0
-183.7,13.0,1007.0
-164.0,72.6,1004.6
-159.0,107.9,983.8
-148.5,141.7,1000.6
-144.0,176.2,993.7
-137.5,197.0,984.4
-130.4,210.5,1002.9
-83.0,183.4,950.6
-87.4,194.6,917.6
-32.5,178.3,859.4
 0.0,202.8,849.7
53.4,244.7,900.9
211.6,210.7,920.7
198.8,227.5,983.3
217.7,209.0,1007.0
254.2,151.5,987.9
216.3,125.9,970.1
194.2,93.9,977.8
146.6,71.5,967.5
131.4,32.4,949.9
141.1,-24.4,951.0
124.6,-88.4,938.1
143.9,-165.2,952.0
-,-,-
20.5,287.5,966.7
84.2,219.0,945.5
149.5,130.6,950.7
218.9,39.9,943.9
210.0, 1.4,937.5
205.1,-20.7,953.5
222.7,-53.8,946.7
222.6,-52.4,934.9
210.6,-47.0,961.5
183.7,-49.1,994.0
206.9,-51.5,1034.0
255.5,-89.8,1008.2
217.6,-98.8,952.6
152.5,-101.4,965.5
156.4,-149.3,979.9
99.3,-173.7,990.4
 4.6,-196.2,1039.6
-27.7,-217.9,1038.4
-81.9,-187.0,977.1
-134.4,-113.8,960.1
-139.0,-32.4,982.6
-163.6,61.0,990.7
-182.7,135.6,956.2
-167.3,158.0,969.9
-105.0,113.8,990.5
-67.8,77.0,991.4
-23.4,65.7,943.1
14.7,88.2,949.7
57.1,114.9,984.3
106.0,129.1,955.5
122.7,161.0,951.2
163.7,180.1,966.8
164.8,198.6,958.4
176.8,198.3,983.6
235.1,146.9,976.8
215.2,120.8,949.9
189.2,105.1,1009.5
211.2,56.6,989.5
171.6,13.2,955.2
150.7,-27.2,961.0
133.8,-53.7,951.2
143.3,-106.4,920.4
170.1,-162.4,909.5
108.5,-180.6,917.5
-,-,-
53.6,301.6,914.2
169.2,218.5,923.6
269.9,113.0,946.0
303.1,32.6,962.2
298.6,-11.1,970.3
304.9,-48.4,946.0
265.2,-55.0,948.7
216.0,-32.3,970.1
194.9,-19.0,991.3
209.3,-15.7,1013.3
236.0,-41.0,1003.2
206.6,-65.4,988.0
194.3,-96.7,990.7
177.3,-148.3,973.6
127.5,-179.8,954.3
75.0,-202.7,966.5
16.4,-207.1,938.7
-16.9,-161.4,968.3
-47.2,-97.8,1048.0
-110.0,-30.7,1016.4
-142.3,21.3,981.1
-178.9,62.2,989.4
-195.9,90.6,974.8
-153.7,84.1,952.0
-160.3,106.1,933.3
-133.9,150.7,943.1
-82.7,183.1,970.7
-45.8,211.7,965.5
-20.2,231.7,951.2
 2.6,238.4,977.8
71.2,216.7,978.8
61.9,228.6,960.1
85.6,225.4,961.3
145.3,184.2,948.2
133.3,181.2,955.8
199.7,127.6,965.4
189.5,81.8,936.8
134.8,67.1,945.4
156.3,10.7,948.3
149.0,-36.5,950.5
148.4,-88.3,986.3
168.1,-168.4,992.9
-,-,-
-6.6,293.1,930.4
45.2,260.3,917.6
97.5,203.3,911.8
160.2,123.4,925.9
220.6,44.3,952.3
228.5, 6.2,966.9
238.6,-32.2,978.2
256.0,-75.6,968.8
236.0,-69.8,961.8
235.1,-66.7,954.2
228.2,-47.6,955.9
210.0,-8.1,1002.6
218.7,-44.5,1033.2
223.3,-132.4,1005.2
190.5,-198.2,980.1
138.8,-243.1,991.0
69.5,-269.4,968.5
-28.0,-239.4,951.3
-116.0,-177.1,1014.6
-168.1,-113.4,1022.9
-195.7,-39.6,993.0
-202.3,10.5,996.0
-194.2,40.0,989.5
-188.1,59.8,980.4
-132.1,45.1,976.2
-39.9,19.2,953.4
-65.5,82.8,960.7
-82.4,142.6,958.9
-52.2,158.3,950.0
-57.6,199.4,929.8
-36.7,243.0,929.6
44.9,257.1,941.4
119.8,260.5,923.1
183.1,262.3,942.3
239.0,231.0,948.1
280.6,171.4,934.4
283.8,148.3,959.2
290.7,122.0,958.9
299.9,79.7,959.3
249.4,65.6,938.9
198.7,46.2,957.6
212.4,-13.5,954.6
205.5,-85.2,960.7
-,-,-
76.1,239.7,954.3
162.2,174.7,955.6
197.2,130.9,963.2
210.5,92.3,1006.0
239.6,42.7,989.7
236.7,18.5,991.7
242.8,-11.3,991.3
233.4,-34.1,968.5
204.1,-31.0,967.9
211.4,-36.5,968.6
229.5,-63.5,969.9
231.7,-80.5,960.4
203.9,-77.1,984.5
162.8,-94.7,1018.1
106.5,-136.7,962.7
49.4,-164.9,956.7
-12.4,-208.8,980.1
-96.0,-238.3,928.2
-148.9,-210.8,922.1
-175.6,-150.9,976.7
-225.8,-71.2,938.9
-247.6,-4.2,933.9
-196.0,10.8,996.0
-155.0,22.6,970.7
-162.1,51.6,964.4
-103.9,38.1,978.5
-49.0,33.4,946.6
-65.5,87.6,965.1
-24.3,117.0,979.3
-4.4,137.4,986.8
17.3,140.4,1000.0
70.1,126.9,977.0
66.6,146.1,941.6
105.6,145.6,929.2
118.2,158.3,925.5
120.5,177.7,924.1
159.9,178.9,959.1
185.4,175.6,960.5
244.6,133.2,955.9
279.9,84.3,970.1
251.4,62.6,947.3
221.5,40.8,961.6
220.8, 1.5,960.0
186.2,-15.3,946.5
188.5,-37.8,954.2
208.4,-76.0,936.3
171.0,-93.1,952.0
170.8,-127.0,950.4
-,-,-
141.6,212.4,948.8
208.4,156.0,971.7
230.9,115.4,971.9
243.5,80.8,955.4
232.5,64.8,940.9
212.2,46.2,938.9
206.1,38.2,970.2
218.2,10.0,993.8
237.2,-34.9,979.4
222.0,-45.0,975.2
213.6,-72.8,962.3
221.2,-92.0,982.1
164.5,-94.2,1017.2
122.9,-127.8,979.8
90.9,-152.7,950.7
15.9,-154.1,968.2
-5.2,-170.6,978.1
-50.0,-156.0,980.0
-120.8,-132.5,973.5
-142.9,-120.5,913.7
-198.8,-84.5,902.0
-177.2,-68.6,939.6
-118.9,-43.2,975.6
-130.3,16.5,1003.0
-98.7,44.5,985.4
-78.2,64.7,980.4
-49.3,61.2,1010.0
 3.4,49.8,1003.7
-31.9,77.9,955.7
-26.7,80.3,934.2
20.3,79.2,957.0
42.0,88.9,932.5
49.5,111.5,930.9
57.0,131.2,988.6
96.9,115.6,945.1
77.5,139.5,940.3
116.1,140.3,931.5
134.8,139.4,894.3
105.4,176.5,940.7
151.1,150.4,980.7
149.5,125.5,963.0
142.8,122.4,1001.0
230.6,58.6,998.8
231.5,20.4,948.2
192.3,24.3,950.1
183.0,19.5,966.6
189.5, 3.8,969.8
186.4,-4.1,962.1
166.8,-12.2,962.6
169.7,-27.4,975.7
154.6,-33.7,967.5
135.5,-47.9,947.5
151.7,-87.1,917.4
174.8,-141.2,925.7
-,-,-
110.6,177.0,957.7
167.7,129.9,944.3
207.8,70.1,934.4
193.1,36.4,937.2
182.2,12.7,963.6
202.0,-21.1,980.6
230.2,-61.0,956.2
226.2,-69.2,951.3
205.2,-67.1,959.4
194.9,-77.3,922.1
178.3,-62.2,953.5
184.1,-51.6,1042.7
194.3,-80.2,1045.2
166.2,-108.9,994.9
165.1,-136.3,975.5
183.7,-158.1,1005.1
122.5,-129.3,1044.0
 9.3,-92.3,1011.2
-55.7,-88.5,923.6
-114.2,-69.3,893.5
-175.9,-41.0,871.5
-205.3,-13.1,865.2
-224.1,28.2,915.1
-185.7,44.6,935.3
-146.0,51.0,968.3
-71.4,46.6,989.3
-13.9,66.2,972.1
-65.3,124.2,997.6
-61.8,136.9,1015.5
-37.5,136.6,992.3
-48.1,159.6,976.7
-38.9,166.1,974.8
-47.8,165.6,963.8
-53.0,173.5,950.0
-38.3,176.7,948.8
-12.5,171.7,911.0
21.7,177.5,920.2
84.4,162.3,894.4
92.8,178.2,895.1
101.3,178.0,949.7
210.8,101.6,942.0
194.6,91.6,946.6
202.3,83.7,985.3
242.1,57.6,986.4
161.7,88.0,963.9
148.2,86.6,989.0
139.9,79.0,966.3
113.1,74.7,956.4
158.7,42.2,966.8
136.9,36.9,946.6
121.1,31.9,951.9
144.4, 8.0,968.1
134.4,-13.5,966.2
142.1,-61.2,954.3
135.9,-107.4,937.5
-,-,-
155.3,168.6,979.8
156.2,167.8,1005.8
133.6,169.2,974.4
156.1,135.0,960.5
175.9,93.4,936.5
195.8,61.3,928.2
219.9,28.2,938.5
241.6, 2.3,947.7
223.4,-6.0,958.7
218.4,-19.8,957.2
259.2,-56.2,966.9
254.0,-74.1,948.5
200.6,-37.9,962.3
193.5,-29.0,1001.2
187.3,-62.2,967.6
142.1,-78.8,963.9
120.9,-97.9,1026.3
79.8,-117.0,1030.9
17.9,-122.5,993.2
-29.3,-127.5,980.4
-81.3,-128.8,936.3
-140.7,-128.2,902.1
-188.3,-121.8,896.8
-230.9,-86.6,907.5
-231.1,-69.9,927.8
-170.0,-59.5,949.8
-131.7,-14.9,1017.7
-84.3,-9.9,1010.4
-29.8,-9.5,972.8
-12.6,15.9,985.3
-1.5,45.0,979.9
-20.6,88.3,979.4
-8.5,104.9,974.4
 5.4,112.0,972.7
 9.0,122.8,995.8
69.1,98.6,962.5
46.6,129.6,952.1
58.1,145.0,965.8
129.3,113.3,897.5
79.5,156.6,869.0
88.0,174.9,883.4
121.3,163.0,867.8
162.6,145.7,939.5
232.1,94.3,980.6
188.8,90.2,1001.6
206.3,60.2,1027.9
197.4,35.8,1014.6
152.6,29.3,1015.5
198.8,-11.9,986.1
168.1,-12.4,967.1
150.0,-24.8,969.1
166.1,-47.8,974.6
150.4,-77.7,974.3
156.6,-142.1,947.5
-,-,-
144.4,212.1,929.3
178.3,157.8,960.7
236.5,92.8,975.9
236.7,41.0,940.4
233.4,-1.0,953.4
257.9,-40.0,968.0
219.3,-31.3,972.5
213.1,-34.9,981.7
229.3,-60.3,949.7
195.4,-40.6,963.2
193.4,-33.6,978.2
194.5,-27.8,962.9
159.8,-9.8,998.8
153.6,-20.5,1014.9
133.2,-25.8,1008.1
103.1,-44.1,1002.4
94.2,-87.0,986.2
64.8,-116.5,963.4
50.0,-144.2,936.8
 7.8,-139.7,955.5
-81.7,-94.5,965.1
-135.4,-59.6,970.9
-135.0,-63.3,957.3
-146.2,-80.0,898.1
-157.6,-65.3,935.3
-125.9,-52.9,968.6
-117.2,-31.6,956.1
-100.4, 4.2,1006.2
-61.6,28.7,998.6
-65.1,64.1,974.8
-84.2,103.8,979.7
-53.0,129.6,936.8
-13.9,144.7,955.2
10.4,154.0,1000.2
39.3,151.8,993.4
27.4,163.1,983.6
61.3,151.4,955.0
70.0,144.6,918.6
37.7,181.7,927.3
50.3,194.4,939.4
67.6,183.8,923.8
80.3,177.9,947.4
106.2,167.3,948.5
122.9,145.9,922.1
191.3,92.6,915.9
200.6,77.8,937.2
213.2,55.0,962.1
237.0,12.9,964.5
201.4,-13.0,974.5
183.4,-62.1,971.1
190.2,-125.5,971.3
-,-,-
53.9,276.0,963.3
123.0,222.3,957.5
160.0,154.2,951.9
197.3,83.7,942.0
242.0, 3.0,933.5
239.8,-35.1,934.2
238.5,-59.9,944.9
237.4,-73.9,957.3
195.6,-49.6,955.7
174.5,-28.1,961.8
193.6,-37.5,963.6
184.2,-30.2,976.4
162.4,-18.5,999.2
126.4,-12.4,1009.1
86.9,-21.7,1032.8
100.4,-82.8,1000.4
124.8,-136.4,956.8
108.8,-150.6,986.6
59.8,-157.0,973.1
 8.3,-140.3,975.0
 3.2,-145.9,992.5
-4.4,-169.7,942.1
-52.7,-146.8,900.9
-98.6,-90.5,937.7
-123.1,-42.5,958.3
-145.4, 7.1,969.8
-122.7,17.0,1000.2
-92.1,20.3,979.9
-141.1,64.9,969.9
-121.9,74.6,984.8
-59.4,56.2,1016.2
-61.6,71.4,1012.2
-79.7,100.2,954.8
-95.2,116.5,948.6
-66.7,117.6,973.5
-7.1,96.3,950.3
 6.0,96.9,935.8
16.4,113.9,931.0
10.8,147.9,915.6
35.9,172.7,935.0
87.5,149.2,897.6
68.2,170.4,945.7
111.0,161.3,1034.2
118.3,135.4,961.4
75.0,151.3,963.7
145.0,98.7,972.7
96.3,90.5,916.2
87.5,87.3,945.6
151.9,49.6,960.2
115.4,56.5,948.3
124.4,38.4,977.3
131.6,11.6,979.8
132.7,-12.4,970.2
133.7,-35.9,987.8
112.2,-57.1,988.7
116.5,-111.8,960.2
130.8,-181.9,959.1
-,-,-
45.5,220.4,944.2
95.1,183.9,919.8
155.3,136.1,939.6
176.2,94.5,941.9
177.9,68.6,940.2
212.0,34.4,971.3
233.3, 8.1,962.5
220.8, 3.4,950.4
201.8,12.0,965.6
184.2,17.7,976.5
167.3,24.2,998.6
176.5,-4.8,1015.2
201.3,-71.5,998.8
192.5,-118.0,971.6
157.6,-144.2,972.8
123.7,-150.3,1021.5
76.3,-140.3,1045.8
52.2,-171.2,987.4
-13.6,-199.8,899.3
-102.8,-198.5,827.1
-138.4,-191.0,843.0
-164.2,-164.8,940.8
-166.0,-148.4,960.6
-159.7,-100.4,958.4
-139.1,-47.7,1056.4
-110.1,-46.7,1038.8
-130.1,-24.6,969.4
-96.9,-22.0,954.7
-44.3,-33.2,934.5
-46.2,-5.6,974.2
-32.3,14.5,966.5
-38.7,45.7,930.2
-39.8,65.0,987.2
-13.6,54.6,993.6
-17.6,66.8,933.9
 0.3,81.9,913.6
 4.7,126.2,938.0
27.3,148.1,950.2
44.6,141.9,934.2
44.4,167.0,941.5
87.6,170.4,953.9
79.5,182.8,954.0
113.4,174.0,980.7
194.4,122.8,983.1
176.0,114.7,981.0
162.6,111.5,994.6
166.4,85.3,970.5
165.4,62.5,973.6
196.7,23.3,954.9
164.6,24.3,955.8
127.4,33.9,974.1
108.0,25.4,955.3
99.7, 3.0,972.1
138.8,-59.2,963.2
147.1,-130.2,922.9
181.5,-212.8,916.0
-,-,-
19.8,178.2,940.4
40.4,172.2,933.8
69.3,151.3,926.7
91.8,128.1,940.4
104.4,111.3,946.0
130.7,72.8,951.3
175.0,32.3,970.4
180.9, 4.8,968.1
183.4,-16.5,967.8
190.1,-19.4,963.9
168.2,-3.1,935.6
141.1,11.4,928.4
145.4,15.7,970.9
173.6,35.2,1016.2
171.6,53.2,991.1
152.0,65.6,983.6
152.0,43.0,1018.5
164.1,-8.5,1020.5
156.6,-36.4,1054.4
164.3,-107.3,1060.7
133.3,-169.6,981.8
24.0,-180.8,931.5
-28.2,-201.8,923.1
-63.3,-200.8,917.9
-126.8,-180.1,909.8
-145.7,-185.1,874.7
-143.6,-180.4,853.9
-133.3,-153.1,898.2
-93.1,-134.0,936.5
-51.9,-98.8,963.4
-20.1,-62.7,1027.3
14.2,-14.8,1015.3
-13.3,63.4,1007.6
-16.7,100.1,1035.6
-22.6,127.4,1008.9
-92.9,175.9,992.5
-97.2,186.9,971.3
-80.3,201.6,953.9
-51.8,204.4,989.9
-15.9,188.6,958.5
-15.3,193.4,923.9
42.3,171.6,913.9
71.9,164.9,932.7
142.7,119.3,966.2
184.9,61.1,914.4
138.8,73.3,927.7
190.0,49.2,963.3
152.9,46.0,932.1
123.7,39.7,972.2
163.7,-3.8,991.7
129.8,-17.2,995.4
135.6,-56.6,980.7
99.2,-77.1,948.6
92.9,-102.7,970.6
120.7,-148.6,971.4
115.2,-193.9,936.7
-,-,-
33.3,248.8,965.7
100.6,193.7,943.1
157.4,127.4,918.7
199.3,72.6,932.4
210.6,37.2,961.7
234.3,-1.5,979.3
205.3,-7.0,978.9
182.6,-7.4,970.9
200.7,-16.5,951.3
159.9, 0.7,968.0
156.9, 2.6,992.5
184.8,-15.6,991.5
170.4,-15.4,973.8
157.6,-8.6,990.6
175.5,-39.1,1011.7
157.6,-53.0,1009.1
127.2,-58.5,1023.9
148.2,-110.5,990.7
123.6,-141.3,935.5
49.7,-132.6,949.8
10.4,-138.9,961.7
-44.2,-141.5,947.9
-65.2,-146.7,960.9
-87.4,-139.4,940.9
-119.2,-112.4,937.2
-122.6,-76.8,979.2
-130.7,-38.6,982.3
-87.3,-28.0,990.5
-67.9,-3.3,970.5
-77.7,24.8,936.9
-26.9,38.6,962.2
-33.0,90.6,962.5
-58.9,129.8,948.8
-55.6,148.1,974.4
-60.2,163.2,972.8
-43.1,152.0,976.0
-48.6,164.5,989.0
-36.3,171.7,949.7
 6.9,171.7,941.7
 9.3,190.7,941.7
37.4,192.1,919.0
64.2,187.5,952.8
100.3,154.0,944.4
113.0,129.9,945.4
133.7,110.5,939.5
164.4,82.2,926.4
164.3,65.6,951.4
186.6,27.6,945.0
169.7, 7.1,947.7
163.9,-7.9,978.8
165.8,-20.9,980.2
146.8,-23.3,961.2
135.3,-41.0,968.4
147.8,-102.8,966.1
-,-,-
12.9,225.2,946.3
30.3,207.1,937.6
89.1,152.0,924.3
135.7,99.8,945.5
176.0,52.8,969.6
188.1,31.5,957.1
175.0,23.0,943.9
183.9,-9.1,926.3
170.7,-16.9,905.7
170.7,-21.7,909.0
176.0,-16.5,958.1
148.1,-4.2,979.9
153.5,-5.3,1016.6
182.4,-21.9,1028.5
175.9,-38.8,966.2
168.1,-27.6,1003.3
180.5,-29.9,1049.1
171.2,-56.3,1005.3
149.6,-71.8,996.9
136.4,-107.8,1002.0
108.8,-153.8,937.4
68.5,-151.4,938.3
18.0,-131.5,996.5
-39.9,-121.4,1014.1
-113.9,-92.1,999.4
-153.4,-94.2,957.5
-123.5,-109.6,900.4
-130.4,-80.8,897.8
-123.2,-55.2,921.4
-102.8,-35.3,937.7
-120.9, 5.3,966.1
-65.0, 6.9,984.4
-23.6,18.2,1022.1
-44.2,55.7,995.3
-44.3,78.4,958.2
-17.7,88.3,975.8
-10.2,105.3,966.8
-12.7,132.2,986.8
14.5,141.0,980.2
 2.5,163.9,967.6
35.7,159.2,972.1
64.9,144.4,933.5
73.3,140.1,930.6
125.7,111.2,926.6
115.3,125.7,936.6
147.1,115.5,960.3
166.0,84.8,943.2
165.9,63.2,959.6
183.5,10.7,951.8
106.7,12.6,940.3
111.1, 8.4,958.7
125.9,-18.6,961.5
125.3,-54.5,969.4
187.8,-138.2,962.5
195.2,-197.6,945.5
-,-,-
95.1,244.7,934.8
142.6,187.8,942.6
193.6,129.3,940.6
213.2,77.3,928.3
193.0,52.2,947.5
232.6, 2.0,960.3
250.7,-42.3,946.3
233.5,-61.5,942.1
260.2,-87.3,956.6
246.2,-86.7,955.8
216.9,-78.3,967.3
234.0,-74.6,986.2
236.3,-78.1,978.9
227.9,-91.9,978.2
205.4,-85.5,1004.3
172.9,-75.1,1003.9
156.0,-90.4,969.4
130.2,-112.3,958.3
83.1,-135.1,966.0
32.1,-138.6,968.5
-20.9,-133.8,991.6
-56.9,-139.1,955.4
-82.5,-119.4,908.6
-124.3,-85.5,943.6
-139.6,-89.1,917.1
-137.0,-88.5,912.1
-108.6,-83.8,965.1
-67.7,-75.0,980.1
-74.3,-31.2,985.5
-28.6,-8.4,1007.5
48.0,-10.9,1029.7
28.3,29.7,1031.7
50.6,47.0,993.8
76.5,53.5,987.2
34.8,93.2,995.1
-4.1,137.8,989.0
 8.9,141.4,999.0
34.4,134.0,983.5
32.6,149.7,961.0
38.3,150.1,956.1
87.6,129.5,935.0
117.3,112.4,920.0
127.6,111.8,918.5
146.6,108.9,914.8
170.0,87.1,903.3
152.2,88.9,916.8
177.3,70.6,939.9
217.9,26.4,926.5
177.1,27.0,951.4
194.6, 0.6,960.0
207.3,-44.1,943.4
197.6,-80.7,981.2
-,-,-
132.9,148.4,937.7
150.5,117.2,961.5
215.6,51.5,949.7
213.1,24.0,942.1
215.0, 5.2,953.3
261.8,-30.7,951.7
238.1,-26.3,949.2
219.9,-13.6,970.6
224.9,-29.5,1005.6
203.4,-40.2,1006.1
229.2,-59.4,1010.2
239.3,-81.4,979.8
187.7,-77.6,953.2
175.3,-103.4,965.6
183.0,-138.9,958.4
140.8,-148.3,954.7
81.7,-169.4,938.4
48.7,-197.5,922.8
-21.2,-176.6,963.0
-96.2,-155.6,946.7
-134.0,-149.6,866.8
-135.2,-132.2,860.2
-111.6,-107.2,950.4
-116.6,-56.1,1037.5
-75.8,-36.4,1050.3
-42.3,-28.3,1018.9
-69.7, 4.5,1038.1
-5.9,-10.6,1055.4
 3.4,-6.5,1005.7
-51.2,55.1,973.4
13.7,60.1,996.0
19.1,56.7,983.2
 5.8,76.1,973.3
26.1,102.6,966.6
-0.6,147.6,926.7
19.4,175.4,933.9
22.4,198.1,921.1
57.0,198.9,905.0
136.9,176.8,915.2
156.1,182.0,903.1
221.3,168.4,946.2
287.1,126.9,949.2
255.8,128.2,928.4
271.6,112.1,948.5
293.3,82.9,940.1
253.8,77.1,953.8
265.3,30.5,975.9
282.2,-42.8,946.0
283.0,-113.9,949.1
-,-,-
220.1,226.4,938.9
269.6,154.4,938.8
339.6,72.1,950.8
355.0,16.1,962.6
343.3,-14.5,949.4
368.2,-56.2,930.7
346.0,-63.7,921.3
313.5,-59.1,924.7
316.5,-70.6,916.7
335.3,-76.3,952.8
341.5,-94.5,985.2
318.5,-106.7,969.4
294.5,-120.5,958.5
252.9,-137.5,948.2
208.1,-128.5,979.9
176.1,-149.4,977.2
108.0,-173.0,904.8
17.5,-168.3,906.5
-58.0,-171.7,905.6
-126.5,-155.4,886.0
-180.9,-118.0,926.3
-172.8,-106.7,944.8
-130.9,-80.8,960.0
-80.6,-59.1,1003.5
-32.4,-47.9,993.2
-7.2,-35.2,966.9
27.4,-25.5,959.1
72.5,-7.1,958.9
74.0,21.2,971.5
61.8,48.5,966.5
45.9,90.0,960.1
 8.3,135.7,981.0
61.2,118.0,1000.9
87.9,107.9,1006.6
26.4,160.9,1007.7
60.0,146.5,975.1
22.2,138.5,941.1
-4.1,134.0,949.4
80.0,103.0,915.0
43.1,151.9,895.5
94.4,163.9,918.9
154.8,165.6,893.3
171.5,174.0,896.9
209.4,125.7,905.6
129.0,135.9,935.7
113.5,109.6,971.6
142.7,53.1,961.2
88.6,53.3,976.8
87.6,23.9,989.3
96.8,-23.6,950.3
110.3,-87.7,965.0
-,-,-
31.6,191.5,934.5
61.3,126.8,924.7
134.6,63.2,935.4
177.6,23.4,960.8
178.6, 0.4,961.5
157.4,-2.3,940.3
155.2,-6.7,951.1
150.2,-1.1,947.9
164.5, 0.3,978.0
157.5, 4.2,995.1
128.2,29.3,992.4
143.3,12.6,993.7
168.9,-20.3,982.3
178.6,-31.9,991.6
178.5,-43.8,980.0
140.0,-36.1,991.1
115.6,-50.8,1000.7
93.6,-71.9,981.5
45.3,-88.4,951.7
29.7,-140.1,917.4
-14.4,-161.6,914.3
-63.9,-168.2,908.7
-62.5,-182.5,897.9
-79.1,-166.0,901.7
-124.0,-115.7,933.2
-140.6,-84.5,905.4
-127.8,-76.2,859.8
-115.4,-30.6,897.6
-52.0,-5.5,974.8
52.8,-11.8,1017.9
33.0,66.6,1032.3
13.2,122.6,1024.5
30.6,159.3,1014.5
-8.8,214.0,1022.9
10.1,207.0,1000.7
22.6,200.5,966.1
42.5,190.9,964.0
65.5,172.8,951.1
53.2,190.2,950.6
115.1,162.7,917.8
137.6,151.7,908.7
182.0,141.7,920.3
251.8,107.6,918.8
230.6,129.4,960.3
237.1,121.7,963.5
213.6,114.2,950.5
190.9,109.0,958.9
206.2,68.9,920.0
165.0,33.2,897.4
181.2,-42.8,885.1
-,-,-
136.7,172.0,941.1
166.9,136.8,952.1
187.5,112.4,949.6
200.8,80.3,939.2
195.1,46.7,945.3
191.3,17.9,931.7
152.3,-13.0,941.1
97.7,-35.8,942.4
115.6,-43.1,935.1
166.5,-57.7,955.2
184.6,-65.7,979.0
207.1,-57.7,1019.2
230.5,-99.3,1012.3
205.2,-133.2,1003.6
199.3,-151.9,1021.6
178.3,-163.0,983.2
92.2,-138.2,966.3
41.9,-138.7,975.1
14.2,-156.0,957.5
-79.7,-138.2,968.3
-124.9,-150.3,944.2
-127.2,-148.7,876.5
-146.9,-100.0,874.7
-86.0,-93.6,896.9
-71.3,-44.2,922.8
-115.3,39.3,947.8
-59.2,39.4,962.9
11.7,18.4,1010.9
66.0,22.5,989.2
97.1,40.4,953.0
124.8,81.5,1009.9
128.4,132.6,1014.7
105.3,168.6,1016.0
122.5,172.8,1029.4
154.6,153.6,1009.2
164.8,144.4,977.5
177.7,148.3,960.4
204.9,140.0,931.2
218.9,116.9,910.6
252.0,73.5,898.1
251.3,65.0,908.4
261.4,45.6,932.0
270.9,20.2,930.3
237.3,32.3,954.9
264.8,-0.6,951.6
242.3,-17.1,931.9
210.2,-30.4,952.3
229.0,-90.3,940.7
-,-,-
238.1,105.0,931.3
263.4,40.7,919.2
282.9,-1.4,928.0
317.7,-42.9,922.1
323.5,-57.3,921.1
305.9,-38.6,943.4
331.6,-43.1,961.7
329.7,-23.5,990.0
283.8, 5.3,1001.4
285.5,-0.5,1021.4
286.7,-33.5,1011.0
243.6,-71.6,958.3
232.0,-106.8,963.5
206.6,-141.5,961.5
159.5,-169.6,936.0
148.0,-192.1,965.0
107.8,-188.0,992.1
49.4,-167.9,955.2
11.9,-131.1,943.6
-52.6,-70.1,959.2
-114.6,-2.2,952.2
-105.2,25.5,953.3
-116.6,26.5,936.7
-100.5,27.4,932.2
-42.3,30.9,941.7
-38.0,79.9,965.3
-25.7,137.0,1022.9
-1.9,165.6,1036.7
65.0,138.9,1021.4
100.3,116.6,994.5
70.6,145.3,965.6
68.8,160.9,951.5
52.9,159.8,906.2
82.6,149.6,906.9
114.7,159.5,933.7
153.9,152.9,931.1
170.7,163.0,946.9
170.5,189.3,962.5
202.7,171.4,974.5
195.5,157.4,981.8
197.4,115.2,951.5
211.1,73.4,952.9
215.1,49.3,942.7
221.8,16.2,935.1
202.1,-3.0,945.8
192.2,-34.5,941.8
204.9,-85.4,949.3
-,-,-
46.5,194.2,960.0
81.1,154.1,972.7
110.5,96.6,952.2
152.5,27.9,954.8
167.7,-0.6,970.8
200.1,-11.4,974.4
227.5,-29.3,958.7
235.0,-34.8,938.1
248.3,-40.6,946.2
241.3,-30.5,949.4
215.4, 4.5,961.5
216.6, 1.1,971.7
208.5, 8.3,998.6
205.1,16.9,999.8
199.7,-1.5,959.2
174.5,-12.5,976.5
177.4,-60.7,978.1
162.2,-123.4,934.4
151.7,-177.0,929.2
141.3,-212.6,963.3
71.7,-245.7,941.5
 6.1,-248.4,899.1
-19.2,-192.1,944.3
-34.7,-109.7,997.0
-87.2,-15.3,973.6
-132.9,63.9,948.4
-105.2,87.6,993.9
-88.1,98.6,1002.6
-66.8,100.7,964.7
-72.7,123.7,985.7
-107.7,174.8,986.5
-38.7,171.0,985.3
 9.7,174.8,1012.2
17.4,193.2,980.1
73.1,181.4,949.3
111.1,175.9,979.9
106.6,191.3,992.9
123.8,196.1,969.0
209.0,166.6,918.3
236.7,166.6,890.3
281.1,148.9,876.0
303.9,141.3,900.4
303.1,116.2,917.7
271.3,96.8,941.7
250.2,81.0,954.2
266.4,48.5,956.8
228.6,22.3,963.9
221.6,-14.0,967.8
231.6,-50.6,959.0
225.8,-98.2,934.2
-,-,-
150.3,209.8,1002.7
172.6,161.6,962.3
208.3,87.7,928.6
214.4,46.6,952.1
213.5,17.0,957.2
216.9,-7.6,946.5
238.5,-38.4,942.8
248.7,-60.2,920.5
210.4,-27.1,917.1
209.1,-15.7,922.7
230.4,-20.3,954.2
247.6,-26.5,985.1
240.2,-30.4,983.0
211.8,-29.0,984.2
206.8,-48.4,994.4
189.4,-81.9,973.5
160.8,-118.8,947.6
122.1,-142.2,963.2
65.3,-157.8,979.1
12.2,-177.4,936.5
-41.9,-165.9,895.5
-104.5,-109.2,929.0
-129.8,-74.9,941.6
-112.8,-46.0,926.7
-83.2,-14.0,981.2
-42.8,-15.8,980.0
-41.1,10.0,984.0
 7.7,10.4,1008.1
32.8,30.6,970.9
-6.5,102.4,994.1
11.0,127.5,993.8
-3.7,168.5,975.3
18.9,190.9,1015.8
53.7,199.9,1016.6
55.6,205.8,991.7
121.2,171.2,947.4
141.7,168.0,899.1
164.1,157.6,911.0
167.8,148.9,912.1
204.6,140.9,893.6
299.1,96.8,904.9
241.8,120.8,948.3
209.9,108.8,970.0
192.8,65.8,981.6
90.9,79.2,1000.6
80.9,66.1,993.8
76.6,41.3,979.1
69.5,16.6,966.1
67.5,-5.2,938.7
96.1,-60.0,925.7
137.9,-139.0,889.8
163.7,-193.6,935.4
-,-,-
89.1,105.0,941.3
103.7,100.0,954.2
102.6,95.6,949.7
133.3,62.4,951.2
176.5,35.7,950.9
193.8,30.0,938.9
206.3, 5.0,939.6
235.5,-31.1,952.9
264.9,-74.3,931.4
261.4,-70.4,914.3
244.7,-25.5,923.9
252.0,-1.1,953.6
256.4,27.3,999.7
246.3,44.2,992.8
233.9,10.7,961.3
232.2,-26.6,961.4
240.9,-59.2,979.8
216.1,-79.4,1001.6
178.4,-71.4,996.4
156.9,-95.6,979.9
136.5,-130.9,959.0
114.9,-146.0,917.8
59.0,-136.7,936.3
 9.2,-148.3,889.8
-46.8,-131.5,831.4
-45.1,-60.6,962.0
-12.8,-3.0,1060.3
-9.1,24.8,1006.7
46.1,25.1,992.3
36.4,60.5,1006.9
29.3,80.9,989.3
60.2,84.1,970.3
46.3,108.6,950.4
71.9,109.8,963.7
108.0,114.1,986.1
115.7,111.9,971.1
128.0,101.4,975.3
146.0,95.4,990.6
110.2,87.2,963.1
92.9,95.3,962.3
55.9,123.8,996.4
44.2,114.3,964.8
39.4,110.2,943.1
33.1,122.3,946.8
67.3,109.8,928.9
133.6,69.8,910.8
197.7,20.8,902.1
164.7,29.7,935.4
103.3,51.1,952.3
114.1,39.3,917.5
85.5,54.6,943.3
95.2,49.3,966.8
124.3,30.6,962.2
130.1,19.3,970.2
130.0, 3.4,963.8
130.8,-22.0,955.3
150.1,-85.4,950.6
